nan 1.000000000000000021e-02
nan 1.000000000000000021e-02
1.067258999999999958e+00 1.000000000000000021e-02
1.040276999999999896e+00 1.000000000000000021e-02
9.592829999999999968e-01 1.000000000000000021e-02
nan 1.000000000000000021e-02
nan 1.000000000000000021e-02
9.478980000000000183e-01 1.000000000000000021e-02
1.069349000000000105e+00 1.000000000000000021e-02
nan 1.000000000000000021e-02
nan 1.000000000000000021e-02
1.125251999999999919e+00 1.000000000000000021e-02
nan 1.000000000000000021e-02
nan 1.000000000000000021e-02
1.152792999999999957e+00 1.000000000000000021e-02
nan 1.000000000000000021e-02
9.902039999999999731e-01 1.000000000000000021e-02
1.020310999999999968e+00 1.000000000000000021e-02
1.052292000000000005e+00 1.000000000000000021e-02
nan 1.000000000000000021e-02
1.062626000000000071e+00 1.000000000000000021e-02
9.806890000000000329e-01 1.000000000000000021e-02
9.341899999999999649e-01 1.000000000000000021e-02
1.007031999999999927e+00 1.000000000000000021e-02
nan 1.000000000000000021e-02
1.045579999999999954e+00 1.000000000000000021e-02
nan 1.000000000000000021e-02
nan 1.000000000000000021e-02
1.040928000000000075e+00 1.000000000000000021e-02
1.051905000000000090e+00 1.000000000000000021e-02
9.104320000000000190e-01 1.000000000000000021e-02
1.035987999999999909e+00 1.000000000000000021e-02
9.968719999999999803e-01 1.000000000000000021e-02
nan 1.000000000000000021e-02
nan 1.000000000000000021e-02
nan 1.000000000000000021e-02
9.956589999999999607e-01 1.000000000000000021e-02
8.837390000000000523e-01 1.000000000000000021e-02
nan 1.000000000000000021e-02
8.482610000000000428e-01 1.000000000000000021e-02
8.092129999999999601e-01 1.000000000000000021e-02
nan 1.000000000000000021e-02
nan 1.000000000000000021e-02
9.814580000000000526e-01 1.000000000000000021e-02
nan 1.000000000000000021e-02
nan 1.000000000000000021e-02
nan 1.000000000000000021e-02
9.924150000000000471e-01 1.000000000000000021e-02
nan 1.000000000000000021e-02
8.801120000000000054e-01 1.000000000000000021e-02
7.877110000000000500e-01 1.000000000000000021e-02
9.749780000000000113e-01 1.000000000000000021e-02
8.779109999999999969e-01 1.000000000000000021e-02
9.810170000000000279e-01 1.000000000000000021e-02
7.193469999999999587e-01 1.000000000000000021e-02
nan 1.000000000000000021e-02
8.937739999999999574e-01 1.000000000000000021e-02
9.124489999999999545e-01 1.000000000000000021e-02
1.006780999999999926e+00 1.000000000000000021e-02
9.164839999999999653e-01 1.000000000000000021e-02
nan 1.000000000000000021e-02
nan 1.000000000000000021e-02
1.026448999999999945e+00 1.000000000000000021e-02
1.012194999999999956e+00 1.000000000000000021e-02
nan 1.000000000000000021e-02
1.002580999999999944e+00 1.000000000000000021e-02
8.570259999999999545e-01 1.000000000000000021e-02
8.900169999999999471e-01 1.000000000000000021e-02
8.776199999999999557e-01 1.000000000000000021e-02
1.005368999999999957e+00 1.000000000000000021e-02
1.035849999999999937e+00 1.000000000000000021e-02
1.003069999999999906e+00 1.000000000000000021e-02
6.930169999999999941e-01 1.000000000000000021e-02
9.298229999999999551e-01 1.000000000000000021e-02
8.820149999999999935e-01 1.000000000000000021e-02
7.363030000000000408e-01 1.000000000000000021e-02
7.546840000000000215e-01 1.000000000000000021e-02
nan 1.000000000000000021e-02
nan 1.000000000000000021e-02
6.435899999999999954e-01 1.000000000000000021e-02
9.221089999999999565e-01 1.000000000000000021e-02
9.938550000000000439e-01 1.000000000000000021e-02
7.187270000000000048e-01 1.000000000000000021e-02
6.779770000000000518e-01 1.000000000000000021e-02
7.095890000000000253e-01 1.000000000000000021e-02
5.914019999999999833e-01 1.000000000000000021e-02
7.643769999999999731e-01 1.000000000000000021e-02
8.510060000000000402e-01 1.000000000000000021e-02
4.810030000000000139e-01 1.000000000000000021e-02
3.528979999999999895e-01 1.000000000000000021e-02
2.546240000000000170e-01 1.000000000000000021e-02
4.358839999999999937e-01 1.000000000000000021e-02
1.964319999999999955e-01 1.000000000000000021e-02
2.621049999999999769e-01 1.000000000000000021e-02
2.762669999999999848e-01 1.000000000000000021e-02
7.239299999999999902e-02 1.000000000000000021e-02
nan 1.000000000000000021e-02
nan 1.000000000000000021e-02
nan 1.000000000000000021e-02
nan 1.000000000000000021e-02
3.065000000000000016e-02 1.000000000000000021e-02
4.782600000000000046e-02 1.000000000000000021e-02
7.751000000000000077e-03 1.000000000000000021e-02
nan 1.000000000000000021e-02
nan 1.000000000000000021e-02
nan 1.000000000000000021e-02
1.582799999999999832e-02 1.000000000000000021e-02
nan 1.000000000000000021e-02
4.665600000000000303e-02 1.000000000000000021e-02
1.650099999999999831e-02 1.000000000000000021e-02
nan 1.000000000000000021e-02
1.696960000000000135e-01 1.000000000000000021e-02
nan 1.000000000000000021e-02
nan 1.000000000000000021e-02
2.152300000000000046e-01 1.000000000000000021e-02
4.242029999999999967e-01 1.000000000000000021e-02
nan 1.000000000000000021e-02
6.457410000000000094e-01 1.000000000000000021e-02
3.487689999999999957e-01 1.000000000000000021e-02
nan 1.000000000000000021e-02
7.230879999999999530e-01 1.000000000000000021e-02
9.474249999999999616e-01 1.000000000000000021e-02
8.992339999999999778e-01 1.000000000000000021e-02
8.654039999999999511e-01 1.000000000000000021e-02
7.877129999999999965e-01 1.000000000000000021e-02
8.354009999999999492e-01 1.000000000000000021e-02
8.680339999999999723e-01 1.000000000000000021e-02
nan 1.000000000000000021e-02
8.469079999999999941e-01 1.000000000000000021e-02
7.802959999999999896e-01 1.000000000000000021e-02
nan 1.000000000000000021e-02
nan 1.000000000000000021e-02
9.639980000000000215e-01 1.000000000000000021e-02
9.524650000000000061e-01 1.000000000000000021e-02
9.905110000000000303e-01 1.000000000000000021e-02
1.017957999999999918e+00 1.000000000000000021e-02
9.867540000000000200e-01 1.000000000000000021e-02
nan 1.000000000000000021e-02
nan 1.000000000000000021e-02
1.001908999999999939e+00 1.000000000000000021e-02
