nan 1.000000000000000021e-02
nan 1.000000000000000021e-02
9.330500000000000460e-01 1.000000000000000021e-02
nan 1.000000000000000021e-02
9.541410000000000169e-01 1.000000000000000021e-02
nan 1.000000000000000021e-02
nan 1.000000000000000021e-02
9.400680000000000147e-01 1.000000000000000021e-02
1.028059000000000056e+00 1.000000000000000021e-02
nan 1.000000000000000021e-02
nan 1.000000000000000021e-02
1.073433000000000082e+00 1.000000000000000021e-02
nan 1.000000000000000021e-02
nan 1.000000000000000021e-02
1.101398000000000099e+00 1.000000000000000021e-02
nan 1.000000000000000021e-02
9.603720000000000034e-01 1.000000000000000021e-02
1.023879999999999901e+00 1.000000000000000021e-02
9.968360000000000554e-01 1.000000000000000021e-02
nan 1.000000000000000021e-02
9.872349999999999737e-01 1.000000000000000021e-02
1.081495000000000095e+00 1.000000000000000021e-02
9.671490000000000364e-01 1.000000000000000021e-02
9.066199999999999815e-01 1.000000000000000021e-02
nan 1.000000000000000021e-02
1.019036999999999971e+00 1.000000000000000021e-02
nan 1.000000000000000021e-02
nan 1.000000000000000021e-02
9.670379999999999532e-01 1.000000000000000021e-02
nan 1.000000000000000021e-02
1.061234999999999928e+00 1.000000000000000021e-02
1.031104000000000021e+00 1.000000000000000021e-02
1.000132000000000021e+00 1.000000000000000021e-02
nan 1.000000000000000021e-02
nan 1.000000000000000021e-02
nan 1.000000000000000021e-02
9.693380000000000329e-01 1.000000000000000021e-02
8.233989999999999920e-01 1.000000000000000021e-02
nan 1.000000000000000021e-02
7.717610000000000303e-01 1.000000000000000021e-02
8.165630000000000388e-01 1.000000000000000021e-02
nan 1.000000000000000021e-02
8.265869999999999607e-01 1.000000000000000021e-02
9.704439999999999733e-01 1.000000000000000021e-02
nan 1.000000000000000021e-02
nan 1.000000000000000021e-02
nan 1.000000000000000021e-02
9.923309999999999631e-01 1.000000000000000021e-02
nan 1.000000000000000021e-02
8.035430000000000073e-01 1.000000000000000021e-02
8.012489999999999890e-01 1.000000000000000021e-02
9.254660000000000108e-01 1.000000000000000021e-02
8.457480000000000553e-01 1.000000000000000021e-02
9.432690000000000241e-01 1.000000000000000021e-02
nan 1.000000000000000021e-02
nan 1.000000000000000021e-02
8.375700000000000367e-01 1.000000000000000021e-02
8.869240000000000457e-01 1.000000000000000021e-02
9.596299999999999830e-01 1.000000000000000021e-02
8.919280000000000541e-01 1.000000000000000021e-02
nan 1.000000000000000021e-02
nan 1.000000000000000021e-02
9.191259999999999986e-01 1.000000000000000021e-02
8.805889999999999551e-01 1.000000000000000021e-02
9.107399999999999940e-01 1.000000000000000021e-02
8.766310000000000491e-01 1.000000000000000021e-02
7.341330000000000355e-01 1.000000000000000021e-02
7.952599999999999669e-01 1.000000000000000021e-02
7.895799999999999486e-01 1.000000000000000021e-02
8.819719999999999782e-01 1.000000000000000021e-02
7.700259999999999883e-01 1.000000000000000021e-02
7.233309999999999462e-01 1.000000000000000021e-02
4.902739999999999876e-01 1.000000000000000021e-02
7.766319999999999890e-01 1.000000000000000021e-02
5.731319999999999748e-01 1.000000000000000021e-02
5.322590000000000376e-01 1.000000000000000021e-02
4.244829999999999992e-01 1.000000000000000021e-02
nan 1.000000000000000021e-02
nan 1.000000000000000021e-02
1.230429999999999996e-01 1.000000000000000021e-02
1.653610000000000080e-01 1.000000000000000021e-02
nan 1.000000000000000021e-02
1.012929999999999942e-01 1.000000000000000021e-02
nan 1.000000000000000021e-02
1.119119999999999976e-01 1.000000000000000021e-02
1.681580000000000019e-01 1.000000000000000021e-02
nan 1.000000000000000021e-02
nan 1.000000000000000021e-02
1.232300000000000062e-02 1.000000000000000021e-02
2.505900000000000141e-02 1.000000000000000021e-02
nan 1.000000000000000021e-02
2.629599999999999993e-02 1.000000000000000021e-02
1.688500000000000001e-01 1.000000000000000021e-02
2.856799999999999895e-01 1.000000000000000021e-02
1.652859999999999885e-01 1.000000000000000021e-02
1.314960000000000018e-01 1.000000000000000021e-02
nan 1.000000000000000021e-02
3.075470000000000148e-01 1.000000000000000021e-02
nan 1.000000000000000021e-02
5.733690000000000175e-01 1.000000000000000021e-02
5.622270000000000323e-01 1.000000000000000021e-02
8.098870000000000235e-01 1.000000000000000021e-02
7.479000000000000092e-01 1.000000000000000021e-02
7.066869999999999541e-01 1.000000000000000021e-02
9.222310000000000230e-01 1.000000000000000021e-02
nan 1.000000000000000021e-02
7.192450000000000232e-01 1.000000000000000021e-02
nan 1.000000000000000021e-02
6.421689999999999898e-01 1.000000000000000021e-02
7.312359999999999971e-01 1.000000000000000021e-02
6.207949999999999857e-01 1.000000000000000021e-02
8.043820000000000414e-01 1.000000000000000021e-02
nan 1.000000000000000021e-02
8.234719999999999818e-01 1.000000000000000021e-02
7.683039999999999869e-01 1.000000000000000021e-02
8.020279999999999632e-01 1.000000000000000021e-02
nan 1.000000000000000021e-02
8.192509999999999515e-01 1.000000000000000021e-02
6.207049999999999512e-01 1.000000000000000021e-02
nan 1.000000000000000021e-02
8.247520000000000406e-01 1.000000000000000021e-02
9.636139999999999706e-01 1.000000000000000021e-02
8.891069999999999807e-01 1.000000000000000021e-02
8.763370000000000326e-01 1.000000000000000021e-02
8.403040000000000509e-01 1.000000000000000021e-02
7.983059999999999601e-01 1.000000000000000021e-02
7.814659999999999940e-01 1.000000000000000021e-02
nan 1.000000000000000021e-02
7.526199999999999557e-01 1.000000000000000021e-02
7.132720000000000171e-01 1.000000000000000021e-02
nan 1.000000000000000021e-02
nan 1.000000000000000021e-02
9.155060000000000420e-01 1.000000000000000021e-02
8.712100000000000399e-01 1.000000000000000021e-02
9.142839999999999856e-01 1.000000000000000021e-02
9.770959999999999646e-01 1.000000000000000021e-02
8.985819999999999919e-01 1.000000000000000021e-02
nan 1.000000000000000021e-02
nan 1.000000000000000021e-02
1.017951999999999968e+00 1.000000000000000021e-02
