nan 1.000000000000000021e-02
nan 1.000000000000000021e-02
8.903560000000000363e-01 1.000000000000000021e-02
8.704239999999999755e-01 1.000000000000000021e-02
8.071880000000000166e-01 1.000000000000000021e-02
nan 1.000000000000000021e-02
nan 1.000000000000000021e-02
7.556910000000000016e-01 1.000000000000000021e-02
5.675810000000000022e-01 1.000000000000000021e-02
nan 1.000000000000000021e-02
nan 1.000000000000000021e-02
7.454110000000000458e-01 1.000000000000000021e-02
nan 1.000000000000000021e-02
nan 1.000000000000000021e-02
6.892190000000000261e-01 1.000000000000000021e-02
nan 1.000000000000000021e-02
5.625160000000000160e-01 1.000000000000000021e-02
nan 1.000000000000000021e-02
5.047420000000000240e-01 1.000000000000000021e-02
nan 1.000000000000000021e-02
1.188469999999999943e-01 1.000000000000000021e-02
3.122499999999999928e-02 1.000000000000000021e-02
nan 1.000000000000000021e-02
nan 1.000000000000000021e-02
nan 1.000000000000000021e-02
nan 1.000000000000000021e-02
2.369999999999999874e-04 1.000000000000000021e-02
nan 1.000000000000000021e-02
nan 1.000000000000000021e-02
2.606589999999999741e-01 1.000000000000000021e-02
2.284329999999999972e-01 1.000000000000000021e-02
2.088139999999999996e-01 1.000000000000000021e-02
4.179030000000000244e-01 1.000000000000000021e-02
nan 1.000000000000000021e-02
nan 1.000000000000000021e-02
nan 1.000000000000000021e-02
5.471589999999999510e-01 1.000000000000000021e-02
4.143890000000000073e-01 1.000000000000000021e-02
nan 1.000000000000000021e-02
3.119270000000000098e-01 1.000000000000000021e-02
3.341640000000000166e-01 1.000000000000000021e-02
nan 1.000000000000000021e-02
nan 1.000000000000000021e-02
8.241100000000000092e-01 1.000000000000000021e-02
nan 1.000000000000000021e-02
nan 1.000000000000000021e-02
nan 1.000000000000000021e-02
9.022879999999999789e-01 1.000000000000000021e-02
nan 1.000000000000000021e-02
8.339159999999999906e-01 1.000000000000000021e-02
6.088310000000000111e-01 1.000000000000000021e-02
8.964079999999999826e-01 1.000000000000000021e-02
8.964550000000000018e-01 1.000000000000000021e-02
9.987519999999999731e-01 1.000000000000000021e-02
1.007060000000000066e+00 1.000000000000000021e-02
nan 1.000000000000000021e-02
9.360169999999999879e-01 1.000000000000000021e-02
9.719029999999999614e-01 1.000000000000000021e-02
9.782809999999999562e-01 1.000000000000000021e-02
9.874730000000000452e-01 1.000000000000000021e-02
nan 1.000000000000000021e-02
nan 1.000000000000000021e-02
9.872790000000000177e-01 1.000000000000000021e-02
1.073887999999999954e+00 1.000000000000000021e-02
1.013425000000000020e+00 1.000000000000000021e-02
9.542770000000000419e-01 1.000000000000000021e-02
9.215290000000000425e-01 1.000000000000000021e-02
1.076395999999999908e+00 1.000000000000000021e-02
9.871159999999999934e-01 1.000000000000000021e-02
1.030535999999999897e+00 1.000000000000000021e-02
9.840240000000000098e-01 1.000000000000000021e-02
9.812750000000000083e-01 1.000000000000000021e-02
9.818430000000000213e-01 1.000000000000000021e-02
1.034424999999999928e+00 1.000000000000000021e-02
8.808049999999999491e-01 1.000000000000000021e-02
9.576040000000000108e-01 1.000000000000000021e-02
9.784380000000000299e-01 1.000000000000000021e-02
nan 1.000000000000000021e-02
nan 1.000000000000000021e-02
1.039068000000000103e+00 1.000000000000000021e-02
1.010021999999999975e+00 1.000000000000000021e-02
8.052580000000000293e-01 1.000000000000000021e-02
1.016726999999999936e+00 1.000000000000000021e-02
1.001020999999999939e+00 1.000000000000000021e-02
1.030119000000000007e+00 1.000000000000000021e-02
9.869919999999999805e-01 1.000000000000000021e-02
1.038545999999999969e+00 1.000000000000000021e-02
1.097053000000000056e+00 1.000000000000000021e-02
1.013435000000000086e+00 1.000000000000000021e-02
1.006364000000000036e+00 1.000000000000000021e-02
9.695399999999999574e-01 1.000000000000000021e-02
1.030826999999999938e+00 1.000000000000000021e-02
1.087976999999999972e+00 1.000000000000000021e-02
9.212200000000000388e-01 1.000000000000000021e-02
9.595040000000000235e-01 1.000000000000000021e-02
9.675850000000000284e-01 1.000000000000000021e-02
nan 1.000000000000000021e-02
1.040183999999999997e+00 1.000000000000000021e-02
nan 1.000000000000000021e-02
1.028253000000000084e+00 1.000000000000000021e-02
1.009854999999999947e+00 1.000000000000000021e-02
9.931200000000000028e-01 1.000000000000000021e-02
1.036574000000000106e+00 1.000000000000000021e-02
1.008944999999999981e+00 1.000000000000000021e-02
9.143660000000000121e-01 1.000000000000000021e-02
nan 1.000000000000000021e-02
9.773920000000000385e-01 1.000000000000000021e-02
nan 1.000000000000000021e-02
9.947000000000000286e-01 1.000000000000000021e-02
1.026486000000000010e+00 1.000000000000000021e-02
nan 1.000000000000000021e-02
1.020841000000000109e+00 1.000000000000000021e-02
nan 1.000000000000000021e-02
9.857580000000000231e-01 1.000000000000000021e-02
9.925739999999999563e-01 1.000000000000000021e-02
9.979660000000000197e-01 1.000000000000000021e-02
nan 1.000000000000000021e-02
9.773859999999999770e-01 1.000000000000000021e-02
9.489570000000000505e-01 1.000000000000000021e-02
nan 1.000000000000000021e-02
1.001068000000000069e+00 1.000000000000000021e-02
1.004523000000000055e+00 1.000000000000000021e-02
9.951010000000000133e-01 1.000000000000000021e-02
9.810349999999999904e-01 1.000000000000000021e-02
9.668999999999999817e-01 1.000000000000000021e-02
9.562450000000000117e-01 1.000000000000000021e-02
9.053050000000000264e-01 1.000000000000000021e-02
nan 1.000000000000000021e-02
9.199910000000000032e-01 1.000000000000000021e-02
9.131550000000000500e-01 1.000000000000000021e-02
nan 1.000000000000000021e-02
nan 1.000000000000000021e-02
1.017613000000000101e+00 1.000000000000000021e-02
9.909499999999999975e-01 1.000000000000000021e-02
1.001403999999999961e+00 1.000000000000000021e-02
9.969780000000000308e-01 1.000000000000000021e-02
1.006793999999999967e+00 1.000000000000000021e-02
nan 1.000000000000000021e-02
nan 1.000000000000000021e-02
1.012729999999999908e+00 1.000000000000000021e-02
