nan 1.000000000000000021e-02
nan 1.000000000000000021e-02
9.038239999999999608e-01 1.000000000000000021e-02
9.708179999999999588e-01 1.000000000000000021e-02
9.185280000000000111e-01 1.000000000000000021e-02
nan 1.000000000000000021e-02
nan 1.000000000000000021e-02
9.472110000000000252e-01 1.000000000000000021e-02
1.003266999999999909e+00 1.000000000000000021e-02
nan 1.000000000000000021e-02
nan 1.000000000000000021e-02
1.029166999999999943e+00 1.000000000000000021e-02
nan 1.000000000000000021e-02
nan 1.000000000000000021e-02
9.876139999999999919e-01 1.000000000000000021e-02
nan 1.000000000000000021e-02
9.771830000000000238e-01 1.000000000000000021e-02
nan 1.000000000000000021e-02
9.666280000000000427e-01 1.000000000000000021e-02
nan 1.000000000000000021e-02
9.846740000000000492e-01 1.000000000000000021e-02
8.997810000000000530e-01 1.000000000000000021e-02
8.936089999999999867e-01 1.000000000000000021e-02
8.954229999999999690e-01 1.000000000000000021e-02
nan 1.000000000000000021e-02
9.788430000000000186e-01 1.000000000000000021e-02
nan 1.000000000000000021e-02
nan 1.000000000000000021e-02
8.905699999999999728e-01 1.000000000000000021e-02
9.162649999999999961e-01 1.000000000000000021e-02
8.268849999999999811e-01 1.000000000000000021e-02
8.836709999999999843e-01 1.000000000000000021e-02
9.426630000000000287e-01 1.000000000000000021e-02
nan 1.000000000000000021e-02
nan 1.000000000000000021e-02
nan 1.000000000000000021e-02
8.130789999999999962e-01 1.000000000000000021e-02
5.965559999999999752e-01 1.000000000000000021e-02
nan 1.000000000000000021e-02
5.043440000000000145e-01 1.000000000000000021e-02
5.514270000000000005e-01 1.000000000000000021e-02
nan 1.000000000000000021e-02
8.675100000000000033e-01 1.000000000000000021e-02
8.190330000000000110e-01 1.000000000000000021e-02
nan 1.000000000000000021e-02
nan 1.000000000000000021e-02
nan 1.000000000000000021e-02
7.302910000000000235e-01 1.000000000000000021e-02
nan 1.000000000000000021e-02
5.905350000000000321e-01 1.000000000000000021e-02
2.915670000000000206e-01 1.000000000000000021e-02
6.384279999999999955e-01 1.000000000000000021e-02
4.423380000000000090e-01 1.000000000000000021e-02
5.085469999999999713e-01 1.000000000000000021e-02
5.246300000000000407e-01 1.000000000000000021e-02
3.586239999999999983e-01 1.000000000000000021e-02
3.203719999999999901e-01 1.000000000000000021e-02
2.418460000000000054e-01 1.000000000000000021e-02
3.169899999999999801e-02 1.000000000000000021e-02
nan 1.000000000000000021e-02
1.427740000000000120e-01 1.000000000000000021e-02
7.252100000000000213e-02 1.000000000000000021e-02
nan 1.000000000000000021e-02
6.095199999999999924e-02 1.000000000000000021e-02
nan 1.000000000000000021e-02
2.904970000000000052e-01 1.000000000000000021e-02
1.236150000000000027e-01 1.000000000000000021e-02
2.773390000000000022e-01 1.000000000000000021e-02
2.481899999999999940e-01 1.000000000000000021e-02
3.892269999999999897e-01 1.000000000000000021e-02
2.633340000000000125e-01 1.000000000000000021e-02
3.239589999999999970e-01 1.000000000000000021e-02
1.909200000000000064e-01 1.000000000000000021e-02
3.602389999999999759e-01 1.000000000000000021e-02
4.089059999999999917e-01 1.000000000000000021e-02
3.202990000000000004e-01 1.000000000000000021e-02
3.717739999999999934e-01 1.000000000000000021e-02
nan 1.000000000000000021e-02
nan 1.000000000000000021e-02
nan 1.000000000000000021e-02
7.509099999999999664e-01 1.000000000000000021e-02
4.786270000000000246e-01 1.000000000000000021e-02
7.605150000000000521e-01 1.000000000000000021e-02
7.619019999999999682e-01 1.000000000000000021e-02
8.454829999999999846e-01 1.000000000000000021e-02
7.607890000000000486e-01 1.000000000000000021e-02
nan 1.000000000000000021e-02
8.527099999999999680e-01 1.000000000000000021e-02
8.198349999999999804e-01 1.000000000000000021e-02
7.946579999999999755e-01 1.000000000000000021e-02
7.306759999999999922e-01 1.000000000000000021e-02
8.935889999999999667e-01 1.000000000000000021e-02
6.534200000000000008e-01 1.000000000000000021e-02
9.554160000000000430e-01 1.000000000000000021e-02
8.782130000000000214e-01 1.000000000000000021e-02
8.031690000000000218e-01 1.000000000000000021e-02
nan 1.000000000000000021e-02
8.523810000000000553e-01 1.000000000000000021e-02
nan 1.000000000000000021e-02
9.892199999999999882e-01 1.000000000000000021e-02
9.425980000000000469e-01 1.000000000000000021e-02
9.306219999999999493e-01 1.000000000000000021e-02
9.681779999999999831e-01 1.000000000000000021e-02
9.276550000000000074e-01 1.000000000000000021e-02
9.849219999999999642e-01 1.000000000000000021e-02
nan 1.000000000000000021e-02
9.762579999999999592e-01 1.000000000000000021e-02
nan 1.000000000000000021e-02
9.170850000000000390e-01 1.000000000000000021e-02
9.222970000000000335e-01 1.000000000000000021e-02
9.138129999999999864e-01 1.000000000000000021e-02
9.412549999999999528e-01 1.000000000000000021e-02
nan 1.000000000000000021e-02
9.527649999999999730e-01 1.000000000000000021e-02
9.202780000000000404e-01 1.000000000000000021e-02
9.400770000000000515e-01 1.000000000000000021e-02
nan 1.000000000000000021e-02
9.406079999999999997e-01 1.000000000000000021e-02
8.325099999999999723e-01 1.000000000000000021e-02
nan 1.000000000000000021e-02
9.339680000000000204e-01 1.000000000000000021e-02
9.515339999999999909e-01 1.000000000000000021e-02
9.082810000000000050e-01 1.000000000000000021e-02
9.417759999999999465e-01 1.000000000000000021e-02
9.526829999999999465e-01 1.000000000000000021e-02
8.768439999999999568e-01 1.000000000000000021e-02
8.607359999999999456e-01 1.000000000000000021e-02
nan 1.000000000000000021e-02
8.564249999999999918e-01 1.000000000000000021e-02
8.443049999999999722e-01 1.000000000000000021e-02
nan 1.000000000000000021e-02
nan 1.000000000000000021e-02
9.975460000000000438e-01 1.000000000000000021e-02
1.007362000000000091e+00 1.000000000000000021e-02
9.316959999999999686e-01 1.000000000000000021e-02
9.465820000000000345e-01 1.000000000000000021e-02
8.857040000000000468e-01 1.000000000000000021e-02
nan 1.000000000000000021e-02
nan 1.000000000000000021e-02
9.851090000000000124e-01 1.000000000000000021e-02
