nan 1.000000000000000021e-02
nan 1.000000000000000021e-02
9.003160000000000052e-01 1.000000000000000021e-02
8.624990000000000157e-01 1.000000000000000021e-02
7.789610000000000145e-01 1.000000000000000021e-02
nan 1.000000000000000021e-02
nan 1.000000000000000021e-02
7.577800000000000091e-01 1.000000000000000021e-02
9.748409999999999576e-01 1.000000000000000021e-02
nan 1.000000000000000021e-02
nan 1.000000000000000021e-02
8.661290000000000378e-01 1.000000000000000021e-02
nan 1.000000000000000021e-02
nan 1.000000000000000021e-02
9.129500000000000393e-01 1.000000000000000021e-02
nan 1.000000000000000021e-02
7.733980000000000299e-01 1.000000000000000021e-02
nan 1.000000000000000021e-02
7.077550000000000230e-01 1.000000000000000021e-02
nan 1.000000000000000021e-02
8.030279999999999641e-01 1.000000000000000021e-02
7.674739999999999895e-01 1.000000000000000021e-02
7.347700000000000342e-01 1.000000000000000021e-02
6.459709999999999619e-01 1.000000000000000021e-02
nan 1.000000000000000021e-02
5.891739999999999755e-01 1.000000000000000021e-02
nan 1.000000000000000021e-02
nan 1.000000000000000021e-02
4.149760000000000115e-01 1.000000000000000021e-02
nan 1.000000000000000021e-02
2.918789999999999996e-01 1.000000000000000021e-02
3.667079999999999784e-01 1.000000000000000021e-02
2.992469999999999852e-01 1.000000000000000021e-02
nan 1.000000000000000021e-02
nan 1.000000000000000021e-02
nan 1.000000000000000021e-02
2.100819999999999910e-01 1.000000000000000021e-02
1.388909999999999867e-01 1.000000000000000021e-02
nan 1.000000000000000021e-02
6.051299999999999735e-02 1.000000000000000021e-02
6.047299999999999898e-02 1.000000000000000021e-02
nan 1.000000000000000021e-02
2.285699999999999885e-02 1.000000000000000021e-02
nan 1.000000000000000021e-02
nan 1.000000000000000021e-02
nan 1.000000000000000021e-02
nan 1.000000000000000021e-02
1.288360000000000061e-01 1.000000000000000021e-02
nan 1.000000000000000021e-02
1.492499999999999938e-01 1.000000000000000021e-02
1.467660000000000076e-01 1.000000000000000021e-02
2.446379999999999943e-01 1.000000000000000021e-02
3.805049999999999821e-01 1.000000000000000021e-02
2.834420000000000273e-01 1.000000000000000021e-02
nan 1.000000000000000021e-02
nan 1.000000000000000021e-02
4.483989999999999920e-01 1.000000000000000021e-02
5.429140000000000077e-01 1.000000000000000021e-02
6.528340000000000254e-01 1.000000000000000021e-02
6.511799999999999811e-01 1.000000000000000021e-02
nan 1.000000000000000021e-02
nan 1.000000000000000021e-02
8.553830000000000044e-01 1.000000000000000021e-02
8.723990000000000355e-01 1.000000000000000021e-02
nan 1.000000000000000021e-02
8.913919999999999622e-01 1.000000000000000021e-02
7.955780000000000074e-01 1.000000000000000021e-02
8.601419999999999622e-01 1.000000000000000021e-02
8.521069999999999478e-01 1.000000000000000021e-02
9.478410000000000446e-01 1.000000000000000021e-02
8.685119999999999507e-01 1.000000000000000021e-02
9.032210000000000516e-01 1.000000000000000021e-02
7.319360000000000310e-01 1.000000000000000021e-02
9.210159999999999458e-01 1.000000000000000021e-02
7.191239999999999855e-01 1.000000000000000021e-02
8.416810000000000125e-01 1.000000000000000021e-02
8.128919999999999479e-01 1.000000000000000021e-02
nan 1.000000000000000021e-02
nan 1.000000000000000021e-02
9.315799999999999637e-01 1.000000000000000021e-02
9.746909999999999741e-01 1.000000000000000021e-02
nan 1.000000000000000021e-02
9.464399999999999480e-01 1.000000000000000021e-02
9.271810000000000329e-01 1.000000000000000021e-02
1.034413999999999945e+00 1.000000000000000021e-02
8.805770000000000541e-01 1.000000000000000021e-02
9.656989999999999741e-01 1.000000000000000021e-02
1.016810999999999909e+00 1.000000000000000021e-02
9.661349999999999660e-01 1.000000000000000021e-02
9.536219999999999697e-01 1.000000000000000021e-02
9.073630000000000306e-01 1.000000000000000021e-02
1.021714999999999929e+00 1.000000000000000021e-02
8.881710000000000438e-01 1.000000000000000021e-02
8.100030000000000285e-01 1.000000000000000021e-02
9.363059999999999716e-01 1.000000000000000021e-02
8.798839999999999995e-01 1.000000000000000021e-02
nan 1.000000000000000021e-02
9.645749999999999602e-01 1.000000000000000021e-02
nan 1.000000000000000021e-02
9.978059999999999707e-01 1.000000000000000021e-02
9.408480000000000176e-01 1.000000000000000021e-02
1.046513000000000027e+00 1.000000000000000021e-02
1.061913000000000107e+00 1.000000000000000021e-02
9.913290000000000157e-01 1.000000000000000021e-02
8.718010000000000481e-01 1.000000000000000021e-02
nan 1.000000000000000021e-02
9.829240000000000199e-01 1.000000000000000021e-02
nan 1.000000000000000021e-02
9.172019999999999618e-01 1.000000000000000021e-02
9.630870000000000264e-01 1.000000000000000021e-02
8.612180000000000391e-01 1.000000000000000021e-02
9.529060000000000308e-01 1.000000000000000021e-02
nan 1.000000000000000021e-02
8.753959999999999519e-01 1.000000000000000021e-02
9.406449999999999534e-01 1.000000000000000021e-02
8.176229999999999887e-01 1.000000000000000021e-02
nan 1.000000000000000021e-02
nan 1.000000000000000021e-02
7.551309999999999967e-01 1.000000000000000021e-02
nan 1.000000000000000021e-02
8.632199999999999873e-01 1.000000000000000021e-02
9.664449999999999985e-01 1.000000000000000021e-02
9.287269999999999692e-01 1.000000000000000021e-02
8.741330000000000489e-01 1.000000000000000021e-02
8.548189999999999955e-01 1.000000000000000021e-02
7.943999999999999950e-01 1.000000000000000021e-02
7.708770000000000344e-01 1.000000000000000021e-02
nan 1.000000000000000021e-02
7.098250000000000393e-01 1.000000000000000021e-02
7.056139999999999635e-01 1.000000000000000021e-02
nan 1.000000000000000021e-02
nan 1.000000000000000021e-02
9.317720000000000447e-01 1.000000000000000021e-02
8.620499999999999829e-01 1.000000000000000021e-02
8.733600000000000252e-01 1.000000000000000021e-02
9.316029999999999589e-01 1.000000000000000021e-02
7.826429999999999776e-01 1.000000000000000021e-02
nan 1.000000000000000021e-02
nan 1.000000000000000021e-02
9.752819999999999823e-01 1.000000000000000021e-02
