nan nan
7.277265661392999796e+00 2.951910836010919748e-01
7.540565933939830323e+00 2.847312997722870054e-01
7.167952182589360177e+00 3.705786701394819804e-01
nan nan
9.147567953988449574e+00 5.122682012633580362e-01
8.962950961073079981e+00 4.826501838941190115e-01
nan nan
1.170506212404229984e+01 6.137303529475079955e-01
1.252380642421299939e+01 8.769864011956399752e-01
1.134867467810270014e+01 7.530600684407730006e-01
1.686232628809969825e+01 8.154108918068130318e-01
1.364236106816879968e+01 8.337655695435249870e-01
nan nan
nan nan
nan nan
nan nan
nan nan
1.770422564619619976e+01 1.311819465549439956e+00
nan nan
nan nan
1.728667675274000004e+01 2.600797144337049893e+00
1.587366209538379991e+01 1.020084010426939969e+00
nan nan
nan nan
1.635382867724380063e+01 1.264182246896669914e+00
1.284682933184769915e+01 1.541896527352129898e+00
1.653856192518840018e+01 9.918653081492110335e-01
nan nan
1.659960185417720169e+01 9.953412522268010321e-01
nan nan
nan nan
nan nan
nan nan
nan nan
nan nan
nan nan
nan nan
nan nan
nan nan
nan nan
nan nan
nan nan
nan nan
1.267364611185569956e+01 1.027673895694450001e+00
1.661337976228159974e+01 1.174564819445439889e+00
1.165180085154059952e+01 8.001034447352499690e-01
1.459768802050169967e+01 7.370764603753909849e-01
nan nan
nan nan
nan nan
nan nan
1.375357579973480071e+01 1.767368740813590078e+00
nan nan
nan nan
nan nan
nan nan
nan nan
nan nan
nan nan
nan nan
nan nan
nan nan
1.508159761125540044e+01 1.871565451805430103e+00
nan 0.000000000000000000e+00
nan nan
nan nan
nan nan
nan nan
nan nan
nan nan
nan nan
nan 0.000000000000000000e+00
nan 0.000000000000000000e+00
nan nan
nan nan
nan nan
nan 0.000000000000000000e+00
nan 0.000000000000000000e+00
nan 0.000000000000000000e+00
nan 0.000000000000000000e+00
nan nan
nan 0.000000000000000000e+00
nan nan
nan nan
nan nan
nan nan
nan nan
nan nan
nan nan
nan nan
nan 0.000000000000000000e+00
nan nan
nan nan
nan nan
nan 0.000000000000000000e+00
nan 0.000000000000000000e+00
nan nan
nan 0.000000000000000000e+00
nan 0.000000000000000000e+00
nan 0.000000000000000000e+00
nan 0.000000000000000000e+00
nan nan
nan nan
nan 0.000000000000000000e+00
nan nan
nan nan
1.673597231033630095e+01 1.300570655084160032e+00
1.479559155655550029e+01 9.183936660875200442e-01
nan nan
nan nan
1.617387459301090047e+01 1.041141692429619958e+00
1.510849283151650013e+01 1.198601901276900028e+00
nan nan
nan nan
1.324492367403069970e+01 7.426269704329270249e-01
nan nan
1.629135694672070045e+01 9.816340052772809521e-01
nan nan
nan nan
1.352121123076440057e+01 9.510013910306940321e-01
1.598606500838820033e+01 1.172434171016000004e+00
9.555651041088299991e+00 3.578212353234840215e+00
1.365306492357930068e+01 2.062473320147550027e+00
nan nan
nan nan
1.602293974807480126e+01 9.647618918566870372e-01
nan nan
1.431570082764389973e+01 9.771609311875060211e-01
nan nan
1.319391403006910046e+01 1.739123621326279956e+00
nan nan
1.736779496246590071e+01 1.232466581858520094e+00
nan nan
nan nan
nan nan
nan nan
1.589889367623529992e+01 1.291589185284520047e+00
1.558631351968369927e+01 9.046982261474889597e-01
1.694656932677209937e+01 8.443084132191790436e-01
nan nan
nan nan
1.731114388256100156e+01 9.920524624407710546e-01
nan nan
nan nan
1.485903823723159967e+01 7.738082278657799629e-01
nan nan
nan nan
1.485155117307279937e+01 1.756011398949189894e+00
nan nan
nan nan
nan nan
1.186712684139959961e+01 1.292119433050149979e+00
nan nan
1.477038546531390040e+01 1.051086728837909989e+00
nan nan
nan nan
1.156560457946850029e+01 7.288681698877329529e-01
nan nan
1.239423307432310040e+01 6.447340327804730320e-01
1.015529753586099915e+01 5.200024969194110280e-01
9.200647267870509793e+00 3.988591857401470042e-01
4.195532760258529947e+00 1.442373739273019873e-01
