9.155124355476100817e+00 2.602048132941320091e+00
2.206133926534520029e+01 1.061440477840440044e+00
2.020265771484540096e+01 1.321288603978129972e+00
1.966362323299989967e+01 1.220422609599999930e+00
nan nan
nan nan
nan nan
nan nan
nan nan
nan 0.000000000000000000e+00
nan 0.000000000000000000e+00
nan nan
nan nan
nan nan
nan nan
nan nan
nan nan
nan nan
nan 0.000000000000000000e+00
nan 0.000000000000000000e+00
nan nan
nan 0.000000000000000000e+00
nan nan
nan 0.000000000000000000e+00
nan nan
nan nan
nan 0.000000000000000000e+00
nan nan
nan nan
nan nan
nan nan
nan nan
nan 0.000000000000000000e+00
nan 0.000000000000000000e+00
nan nan
nan nan
nan nan
nan nan
nan nan
nan 0.000000000000000000e+00
nan nan
nan nan
nan nan
nan nan
1.962228998015190129e+01 1.600846926406719994e+00
nan nan
1.865280188705380127e+01 8.535965611232160244e-01
1.865844295425879906e+01 7.246854591610270013e-01
nan nan
nan nan
nan nan
nan nan
1.473601349514919967e+01 1.834939320649620065e+00
nan nan
nan nan
1.391710033162990001e+01 3.169766437248170199e+00
nan nan
nan nan
nan nan
nan nan
nan nan
nan nan
nan nan
2.042280741322100113e+01 9.034390674520750286e-01
nan nan
nan nan
nan nan
1.977416305919440020e+01 1.086749629249579963e+00
2.018751979134439978e+01 1.408347033651559999e+00
1.885338585836479908e+01 9.201557494805280291e-01
1.934450975359460045e+01 9.505858445934669554e-01
nan nan
nan nan
2.422542020455200174e+01 4.414142735561830122e+00
nan nan
nan nan
nan nan
1.510023458785819983e+01 7.372060054564919529e-01
2.396784856148260090e+01 8.791718591372940095e-01
nan nan
1.953650228407159872e+01 1.203346959309389952e+00
nan nan
1.655684728133029893e+01 8.553001451369970365e-01
1.520158526817660061e+01 6.899440265006290263e-01
1.691528659305379989e+01 7.825311840499979965e-01
nan nan
1.020156514471480058e+01 5.196155300075240291e-01
nan nan
1.754890080790960027e+01 5.276744070680360332e-01
nan nan
1.762223169369070064e+01 8.282760953495109657e-01
nan nan
nan nan
nan nan
nan nan
nan nan
nan nan
nan nan
nan 0.000000000000000000e+00
nan nan
nan nan
2.530470668418810121e+01 2.261037656322339995e+00
1.922591032652379894e+01 1.307036111029050041e+00
nan nan
nan nan
nan nan
1.629136102798580055e+01 9.555091224753400336e-01
1.184308350318350023e+01 6.223354780597160074e-01
9.265720659324410136e+00 5.159056448812060491e-01
nan nan
nan nan
1.357166528199740085e+01 6.113196594502899872e-01
1.531869302288730061e+01 6.980747655637099536e-01
1.627241956034159998e+01 1.092592388270249959e+00
nan nan
9.317496606987919705e+00 5.198842705445929635e-01
nan nan
nan nan
nan nan
nan nan
nan nan
1.418078129250119979e+01 8.230086658481730044e-01
nan nan
1.677769750000360105e+01 1.014892409855330024e+00
nan nan
nan nan
1.437947284285939986e+01 6.549935034545130152e-01
2.055921765265989976e+01 8.771022810207850240e-01
1.292750338542879973e+01 6.477696319889449939e-01
nan nan
1.494641410926010039e+01 9.433822743040030101e-01
1.443028165783029948e+01 1.059880775843929923e+00
1.380473561694410023e+01 9.694311380334239558e-01
nan nan
1.822084709534960112e+01 1.570717291223810097e+00
nan nan
nan nan
1.524419115996209939e+01 7.689678667393700096e-01
1.401817675527109941e+01 6.474920746964799578e-01
1.540570095949539997e+01 6.307254814794489572e-01
nan nan
nan nan
1.730977512032239929e+01 8.243963775641980352e-01
nan nan
nan nan
1.795704752469750076e+01 4.324637050828120111e-01
nan nan
nan nan
1.838865515510880044e+01 1.038278531231340063e+00
1.402454472446819977e+01 2.376606611218639920e+00
nan nan
nan nan
1.746247282638140064e+01 8.398778302987720545e-01
2.262488102963870062e+01 1.262505007074470109e+00
1.582717385338770022e+01 8.374075258914730480e-01
2.063449255223190093e+01 1.431276321877009927e+00
nan nan
1.185124077008510035e+01 5.614864776485369857e-01
nan nan
1.136577179652569924e+01 6.000498325794669796e-01
9.200558924612819212e+00 4.307190338403860119e-01
6.919521096319580344e+00 2.959948619370850187e-01
4.103413676640180086e+00 1.278046767907939918e-01
