nan nan
3.579674075102110109e+00 1.779213564474100007e-01
3.992668778801370166e+00 1.672619012334209954e-01
4.471139195518650133e+00 2.218102568582739909e-01
nan nan
5.398029781412340355e+00 3.068901909053339816e-01
5.060571363627749619e+00 2.940927222115840012e-01
nan nan
6.072283007666589683e+00 3.607878903920869740e-01
7.755907499952660267e+00 4.344968284597530150e-01
6.684510944437270119e+00 3.820936211233080249e-01
nan nan
7.543324766338280085e+00 4.561890814336129751e-01
nan nan
8.703853615227490792e+00 1.104302836148379985e+00
8.537241476056820488e+00 9.070111549398750528e-01
nan nan
nan nan
7.574796701770860174e+00 7.437637446302179933e-01
6.425237547510559644e+00 8.206702771756689829e-01
nan nan
nan nan
7.490397452758619679e+00 5.624264015091929858e-01
nan nan
nan nan
nan nan
7.478183912676019673e+00 6.015633389933040531e-01
8.275074729497179149e+00 5.894343948056159910e-01
nan nan
8.455975212779479833e+00 6.021749187922920132e-01
nan nan
nan nan
nan nan
nan nan
nan nan
8.794548958154699392e+00 6.693652426514079545e-01
nan nan
nan nan
nan nan
7.412545440862840174e+00 1.252706039210619959e+00
8.264372717086079234e+00 6.970775087553939819e-01
nan nan
9.304504747128600428e+00 7.907999575260820091e-01
nan nan
7.378520339789200300e+00 4.972404506246689837e-01
nan nan
5.377301087011320035e+00 4.090177998974889872e-01
6.684996266013589761e+00 3.663811704237029954e-01
nan nan
nan nan
nan nan
nan nan
8.935730393962700191e+00 5.935770205368989805e-01
8.848275992265419276e+00 8.003580359542620259e-01
nan nan
8.485327836764710696e+00 9.091923097428910028e-01
nan nan
nan nan
nan nan
1.114210062738399998e+01 8.099633105484169704e-01
nan nan
8.968946929567799486e+00 7.505662219431179505e-01
nan nan
7.682180551328189999e+00 5.454922432605030513e-01
9.614810148921950628e+00 1.029011543977359944e+00
nan nan
nan nan
9.245780682511869131e+00 6.121740514735559691e-01
9.337812508000940426e+00 6.946200324567860518e-01
9.239903508344070815e+00 6.177411949442479511e-01
9.142021126313730761e+00 6.480100597823109654e-01
nan nan
9.834116690100799474e+00 1.042117316757299905e+00
8.180418774800660486e+00 1.479925845713109922e+00
nan nan
nan nan
nan nan
8.419551171157820590e+00 4.722864440006869780e-01
1.012759767875830086e+01 6.150385648207370437e-01
6.572661973470119712e+00 8.112981807386220323e-01
7.215851576988099758e+00 6.718092390197279995e-01
nan nan
8.855902182170160231e+00 6.367755336060340055e-01
7.811133042424719619e+00 4.480085056302480218e-01
7.782559902640869609e+00 5.987916642729089745e-01
nan nan
1.293965325664339971e+01 8.761930769089439908e-01
nan nan
9.338318481961620066e+00 5.753995687836009898e-01
nan nan
9.570732831734940049e+00 8.628859542488740431e-01
nan nan
nan nan
nan nan
nan nan
nan nan
nan nan
nan nan
nan 0.000000000000000000e+00
nan nan
nan nan
nan 0.000000000000000000e+00
nan nan
nan nan
nan nan
nan nan
nan nan
nan 0.000000000000000000e+00
1.221235682575230008e+01 8.983882396022440098e-01
nan nan
nan nan
nan 0.000000000000000000e+00
nan nan
nan nan
nan 0.000000000000000000e+00
nan 0.000000000000000000e+00
nan nan
nan nan
nan nan
nan nan
nan nan
nan nan
nan 0.000000000000000000e+00
nan nan
nan nan
nan 0.000000000000000000e+00
nan nan
nan 0.000000000000000000e+00
nan 0.000000000000000000e+00
nan nan
nan nan
nan nan
nan nan
nan nan
nan 0.000000000000000000e+00
nan nan
nan nan
nan 0.000000000000000000e+00
nan 0.000000000000000000e+00
nan nan
nan nan
nan nan
nan nan
nan nan
nan nan
nan nan
nan nan
nan nan
nan 0.000000000000000000e+00
nan 0.000000000000000000e+00
nan nan
nan nan
nan 0.000000000000000000e+00
nan nan
nan nan
nan 0.000000000000000000e+00
nan nan
nan nan
nan nan
nan nan
nan nan
1.525208180495429922e+01 1.387090774890570088e+00
9.551487768003539713e+00 3.600308260533809923e-01
