nan nan
8.977551187225788709e+00 4.200720398236139630e+00
nan nan
1.123110686465230046e+01 6.553433390296580230e-01
nan nan
nan nan
1.234317906339689941e+01 5.208089869097239921e-01
3.809937141606289934e+00 1.009830444697380036e+00
9.120152794526289242e+00 6.931272136059570821e-01
7.736765097308469841e+00 3.332936618351239888e-01
8.452205330556559204e+00 3.586852018831849787e-01
1.001100041628380133e+01 5.251776690490259636e-01
nan nan
2.143365211764299971e+01 6.761085851862770335e-01
1.710360371233059951e+01 7.378403386503671335e-01
nan nan
1.751980147690829881e+01 9.166886759378101157e-01
nan 5.423866235321779250e-01
nan nan
nan nan
2.190653649342960207e+01 5.739044245725479776e-01
2.402254029673260050e+01 3.818058112302839535e-01
2.638168370558430098e+01 2.120754521358349798e-01
3.500599363850889745e+01 1.058759876369659958e+00
3.800536514291160017e+01 9.698114161133248867e-01
nan nan
3.490806571869839559e+01 1.109804491110049973e+01
nan nan
nan nan
nan nan
nan nan
nan nan
nan nan
nan nan
nan nan
nan nan
nan 8.293797894125010117e+00
nan nan
nan nan
nan nan
nan nan
nan nan
2.524269692661039954e+01 3.437088534522920180e-01
nan nan
2.631578947368420174e+01 5.744981533120150363e-01
1.083064132421809944e+01 5.285006662719450299e-01
nan nan
1.117837579657909863e+01 8.026832970829479441e-01
1.192009746290069749e+01 5.397747388092249965e-01
7.184443674483710573e+00 1.729586674343239983e+00
1.109265096065930045e+01 6.934118428896889341e-01
6.560432083381949830e+00 1.516921597718340065e-01
3.685645296677499960e+00 2.506010798204579837e-01
4.351869089365210108e+00 8.713210770842690911e-01
2.713289596724909991e+00 2.452408575756410136e-01
nan nan
2.395171064302299868e+00 2.169469743850910015e-01
4.683651749596129954e-01 1.820500522062069859e-01
9.567069315496979920e-01 1.338732700257289909e-01
4.711770503879740279e-01 2.753163577034410392e-01
4.279515281960270534e-01 7.874595631929340311e-02
1.070797153787039990e+00 2.811719231723079915e-01
1.002010972929129995e+00 2.712409801235849960e-01
9.156523119308579428e-01 3.622222008919029901e-01
9.367459937505979717e-01 4.779454929565190024e-01
6.506899798238789945e-01 2.112420409710120128e-01
7.054996448319559299e-01 2.691623470763119808e-01
1.431566759663980060e+00 2.595014149061559694e-01
1.278292176150570114e+00 3.012294630276600160e-01
1.412027487209809973e+00 3.020655491258060210e-01
1.683499835669649780e+00 2.428939449523760119e-01
1.291063563333689768e+00 4.505568660776120282e-01
1.510544436037940086e+00 2.688537056336249620e+00
5.473931807521769777e+00 3.419514166309680081e-01
3.610864969821730330e+00 7.410139746485591150e-01
9.063186403087881260e+00 1.159863767001669821e+00
3.832184246218460100e+00 2.637083733812199959e-01
nan nan
3.574520357983080210e+00 3.077139086422399639e-01
4.285683549753600552e+00 3.023575984703880115e-01
6.059895222456799679e+00 3.909036906235089925e-01
nan nan
5.783839365150949874e+00 1.579371935218840006e+00
9.964711377455911290e+00 1.069749188237989923e+00
nan nan
1.468379605369210061e+01 4.314761652455160190e-01
6.799283230170691361e+00 2.496942531189589864e+00
8.141125142433640605e+00 8.109816909825680042e-01
8.638541850067239736e+00 1.843916311655049878e+00
nan nan
4.610273884138059941e+00 9.873637655662840240e-01
5.014959439447179257e+00 4.309118984336750002e-01
4.780752498662340422e+00 1.832279724666020071e+00
3.936296941604689792e+00 1.465227346925449980e+00
1.134874824518469794e+01 3.648700380563060008e+00
7.624676158222849054e+00 1.499541393359559993e-01
6.615081916063940248e+00 1.017221524998489945e+00
nan nan
1.842653392454610284e+01 3.292498113591669773e-01
1.862141107911419979e+01 2.692671224173759925e-01
nan nan
2.004398322725089798e+01 1.448542030507909972e+00
1.934321086397270051e+01 1.393897792922210055e+00
2.658892823152410045e+01 8.341154956755379990e-01
6.195884947385549957e+00 4.368685217206320082e-01
nan nan
4.011592404653350208e+00 6.411689992481240274e+00
4.988328725910089467e+00 5.347536559093249986e-01
1.208209190143840139e+01 1.564748599036259957e+00
1.323690185854850121e+01 2.463552292448690118e+00
nan nan
1.647571382565149989e+01 6.118472605447050405e+00
7.151432697065450705e-01 5.877760884112030126e+00
8.850168643870659935e+00 9.845506266531790507e-01
1.876201327365900084e+01 8.654467517112550690e-01
7.987166724958969510e+00 1.880523932609500015e+00
1.473053844029750081e+01 2.179521540246720068e+00
1.353425006566819988e+01 4.065793408620700378e-01
nan nan
6.648027082407460320e+00 1.300235662184110241e+00
1.039098836049750041e+01 7.855375616396709226e-01
7.561662741508699881e+00 8.523603363625650298e-01
4.537914135086099421e+00 2.620442657433920131e-01
2.817170829570589508e+00 1.888069334777699726e-01
2.179513721160259987e+00 8.580151997284750365e-02
2.222136808099379746e+00 2.152273927297999601e-01
1.566743161832020004e+00 3.602668380456939268e-01
1.244549154377790012e+00 2.520685097939809882e-01
1.630753664725860030e+00 5.104109121152109463e-01
1.657978620989649876e+00 1.384368725428290203e-01
2.623658624982270204e+00 1.950375550959360105e+00
1.727184804225760040e+00 1.864194846725580057e-01
1.940500923361029972e+00 1.687845107356190366e-01
3.289562359688589677e+00 3.132867358252029999e-01
nan nan
7.221078524201939963e+00 5.188932025201340448e-01
1.004595921256490065e+01 1.667068400301319864e+00
1.414485817375459931e+01 6.650231525301109059e-01
1.545924965723400035e+01 2.152590467169659960e-01
1.654349507080170056e+01 6.189483710495840008e-01
nan nan
1.071630031890590118e+01 1.062723950600120038e+00
6.594209350708539752e+00 4.109127077425659968e-01
5.635960873780349267e+00 1.461411550887469879e+00
7.297505303824319611e+00 2.185914447212939926e+00
5.743412771611909662e+00 8.577241006830841341e-01
nan nan
3.713398341892510057e+00 1.345788359500440068e+00
nan nan
3.780418080286310101e+00 8.421793094489449238e-01
nan nan
3.761708032256049439e+00 2.827085341927990103e-01
nan nan
3.677223136225970190e+00 6.148228856819138999e-01
nan nan
nan nan
1.683771725637850158e+00 1.355946136983110062e+00
1.553376930985610249e+00 7.443011411690320100e-01
2.142089092451330057e+00 3.363657892889420076e-01
2.313108972666529706e+00 5.208808464352929768e-01
nan nan
1.009731060548249904e+00 5.825459270924570054e-01
1.661623945699610028e+00 3.078027017861860171e-01
nan nan
2.949851122041180052e+00 6.349161086617359784e-01
3.038230112072449973e+00 4.564051006363739615e-01
2.390059721420919825e+00 3.548107715877649726e-01
1.888473686523560069e+00 4.355973353872250042e-01
1.349594603693289985e+00 5.210100817951289764e-01
nan nan
8.275952280658100957e-01 1.932986244539649734e+00
1.081564517209899989e+00 1.567847793937950096e-01
nan 1.385350318586229923e+00
1.552404748880050089e+00 1.826762844441580214e+00
6.871435442864020082e-01 3.085138485290880306e-01
4.013806248905139595e-01 5.986747929026179360e-01
5.826715863885889579e-01 8.154544223638241496e-01
nan nan
1.848676628913179798e-01 4.817583517778259439e-01
3.293691117646970201e-01 8.029076960926539996e-01
3.652645712800359767e+00 2.357966532415189942e+00
7.253082131453749692e-01 1.839436298642539880e+00
7.184804587348040394e-01 2.870261281259019470e-01
7.280653660637169677e-01 8.296248167125579442e-01
nan 2.297431582761960134e-01
4.837100052663049765e-01 2.811857679564719881e-01
7.820912247669649098e-01 3.960206892428729808e-01
nan nan
nan nan
3.327008689814009990e-01 2.134303285869239564e-01
5.433233234001039191e-01 2.466287109639669906e-01
nan nan
8.753238698318369648e-01 2.746036845864869846e-01
6.304836443462309425e-01 2.141008438614440124e+00
6.562743690114970496e-01 2.623383487024600336e-01
6.879499379693659877e-01 1.758946749870919923e-01
4.970414765869789891e-02 2.080602267902209868e-01
nan 5.570961631198330100e-01
4.194089819970849842e-01 4.257712085125060497e-01
6.187501111015388799e-01 2.593211097911289897e-01
9.250908616358660685e-01 3.802415475546219725e-01
nan 2.118572570000560318e-01
1.943022338487269685e-01 1.681459490651319999e-01
6.134163597136639279e-01 3.733569167858740157e-01
5.675188784034809197e-01 3.258619734845089599e-01
nan nan
2.229403951704239939e-01 4.256176122833250641e-01
4.075105085648739189e-01 5.740924318580090668e-01
nan nan
3.340195248577499942e-01 2.354041947294710224e-01
1.878011210052259905e+00 1.658326704524109907e+00
2.563045762102399650e+00 2.526082486410450301e+00
6.496357479623210418e-01 1.089895894724659975e+00
2.101278073945760383e-01 3.905970187679190242e-01
3.914518157922530217e-01 4.619647078796160211e-01
2.064342457899219843e-02 3.391417920303770317e-01
nan nan
2.348240551413860178e-01 7.480242080804599958e-01
2.186025286847500249e-01 1.448368851242129995e-01
5.173287167640999717e-01 5.996347940248170083e-01
