nan nan
7.277309446826800698e-01 1.979769996855870184e+00
nan nan
3.769867349351049834e-01 5.198646701220580590e-01
nan nan
nan nan
6.542860200526710024e-01 1.486514806224150109e-01
nan 9.842253330306420800e-01
8.204328278383070661e-01 4.702036314915049586e-01
nan 6.074125345150610533e-01
6.082521669064779868e-01 1.007095301974779922e+00
8.703274011359630746e-01 9.286228880220108728e-01
nan nan
7.468883572455200515e-01 3.936832787453179994e-01
2.098493460290689894e-01 5.043067093255900746e-01
nan nan
5.028593623743300434e-01 2.326116079147339533e-01
nan 9.198726256610419982e-01
nan nan
nan nan
6.449948400412800487e-01 6.170010327775981018e-01
1.931413982697560150e-01 4.640252766023479358e-01
6.343379033317440019e-01 2.674742705724499903e-01
5.178272200703799566e-01 2.655658762796599959e-01
6.705712588065519952e-01 3.944142553971379250e-01
4.518665546588669923e-01 6.768084801685769758e-01
nan 7.740913966164640891e-01
nan nan
1.891549201049180118e+00 1.493168848040989927e+00
nan 2.640558325957589769e+00
nan 2.817376505869250369e+00
nan 2.753808990486030228e-01
2.363137956358279945e-01 2.573100301057080208e-01
1.844852286206730141e-01 5.596582365019180383e-01
nan nan
1.827141932385330236e-01 1.882894544576750040e-01
nan 1.914625427041750094e-01
nan nan
2.562264695919080348e-01 7.716330108458979709e-01
nan nan
nan nan
1.852845182741479912e-01 1.818735608992589625e-01
0.000000000000000000e+00 1.899269769972560251e-01
nan nan
5.724889091632739957e-01 3.256303696034790196e-01
nan 8.463208337054970443e-01
nan nan
1.169601835636909920e-01 8.552291231017719042e-01
2.151395218216800020e-01 8.394259955699920894e-01
nan 1.708959080243250162e+00
nan 5.784099859756078876e-01
nan 2.027869121903550231e-01
2.874456903876740355e-01 3.244139916596540107e-01
2.468653646229199972e-01 1.071643481773870032e+00
nan 3.073716905834699697e-01
nan nan
2.718370065308860495e-01 1.776814829857200073e-01
nan 2.373445598032240422e+00
1.590911556164600060e-01 2.102021750938549982e-01
1.948799531115899875e+00 2.106270911802130275e-01
2.248781265965469900e-01 1.464305360415180113e-01
1.269397072745959976e-01 2.071674991858680204e-01
8.050582005246380290e-02 3.014748416466649372e-01
nan 4.014928283815699661e-01
nan 1.836444123516460247e-01
2.981712165385610458e-01 1.895617840275150290e-01
nan 2.974067231167080161e-01
1.619135306267980023e-01 1.309488871057269965e-01
2.977702243731720211e-01 2.811225975164360347e-01
4.991025136034289988e-01 2.808198832075460283e-01
6.042205530696589388e-01 2.490190771352449872e-01
3.443445465045819609e-01 5.832993832665070988e-01
7.220942611017020507e-01 2.599175523762419893e+00
1.674445299289309963e+00 6.386899170301340023e-01
1.551918441998870080e+00 3.418524451659780139e-01
4.194236308018900239e+00 5.530213460157020755e-01
1.115057011888229921e+00 1.914839092534119935e-01
nan nan
1.179221026096070046e+00 2.981521174388779838e-01
4.651317758714059725e-01 8.147599759529000618e-01
1.865900225394209855e+00 3.212311656171449870e-01
nan nan
1.666024456122129793e+00 1.476097364308870175e+00
3.373100561037470246e+00 7.510375184189620468e-01
nan nan
5.046764833734820321e+00 3.106759757158250035e-01
1.583318067702329968e+00 1.969434119011189921e+00
nan 1.241870202365799924e+00
3.930012755909740196e+00 1.932223202518539962e+00
nan nan
8.706447669848419446e-01 1.908430833205509991e+00
1.153286337350840185e+00 4.882793086085660539e-01
1.917498744909909902e+00 1.151737710020929839e+00
2.508405231596319673e+00 2.609045135591629538e+00
4.979930051902489829e+00 3.152615449139019699e+00
2.388192624780229867e+00 2.092613191500630188e-01
3.238292994375270073e+00 3.229549604683010222e-01
nan nan
7.185451875712089098e+00 5.631963991974729966e-01
7.796223718222960564e+00 5.643174047727819165e-01
nan nan
8.183006502563870299e+00 5.539357962162111404e-01
9.164999237680721222e+00 8.914552465179820251e-01
1.176668501445939974e+01 1.498290537048299953e+00
3.930793813510700563e+00 6.177072049739978921e-01
nan nan
1.546731320375430130e+01 5.803696270186860851e+00
3.053809555847240009e-01 4.772159700604000077e-01
2.281235919238489629e+01 1.026896884792020126e+00
5.844867348541740171e+00 6.947642789575519950e-01
nan nan
2.255926763328150120e+00 4.596463835581659829e+00
1.556926082988060012e+00 3.310933327758100120e+00
6.093599573090130228e+00 2.370855791827080061e+00
8.929824841209400788e+00 8.852970579145269525e-01
5.950617806364250306e+00 1.743955701496559874e+00
7.666091577167030380e+00 2.222145011814419924e+00
8.708519944475000329e+00 1.243282972107389917e+00
nan nan
4.340970111903460271e+00 1.100627813298529878e+00
6.476796521283339381e+00 5.515466316994429574e-01
2.722916061574209845e+00 1.814787994136559890e+00
1.915985770956019962e+00 2.265738328926149847e-01
1.087077219086959978e+00 2.201975372375639950e-01
2.668770895158910639e-01 1.808677618332279746e-01
9.264099342313909524e-01 3.642385388464470242e-01
6.048543178316820867e-01 4.454780864374339733e-01
5.955177567626870339e-01 2.491300655688880039e-01
8.609499193892099500e-01 2.832981451110699878e-01
4.097623378440500286e-01 2.082750753726249904e-01
1.314151856029260046e-01 1.661047400057990009e+00
2.229727319213699877e-01 1.744905010122440037e-01
1.381352515193249975e+00 5.057830135042830078e-01
2.021897715317010125e+00 3.406363665159439780e-01
nan nan
5.113929067238639270e+00 4.109147194958570615e-01
1.111580132263969922e+01 1.622542893373340123e+00
9.793272075745729666e+00 5.868124198420480164e-01
1.138011111364869876e+01 3.469547900016519693e-01
1.261979116300410020e+01 4.478849342572580050e-01
nan nan
7.164139915299640116e+00 2.062568835683909807e+00
4.581656985894960066e+00 6.115021709851240495e-01
3.613957102329189652e+00 1.184447985769409906e+00
4.572350113054940657e+00 1.887435051858789903e+00
4.286832628434179782e+00 6.046929590800369514e-01
nan nan
4.481284357805590091e+00 1.119116350626299994e+00
nan nan
2.516326658601230282e+00 7.514065596236290112e-01
nan nan
4.178229731236440259e+00 3.248641622977180288e-01
nan nan
4.108925604322470448e+00 4.705926342093620374e-01
nan nan
nan nan
5.128718522596209972e+00 3.056846416834140268e+00
2.909412617248590127e+00 7.550654236690900190e-01
3.226206670221199779e+00 3.425267896790440414e-01
6.311024650073401077e+00 3.067568091085289828e-01
nan nan
2.402812025679540220e+00 5.575913356950470412e-01
3.093564356791159931e+00 2.472717624871160480e-01
nan nan
5.792896903847290169e+00 5.178598958272859765e-01
7.335077776036699859e+00 4.839612768573279822e-01
6.409747995569860635e+00 8.402859185943979403e-01
5.415329404169160199e+00 1.091013314733050077e+00
5.021697028584240385e+00 5.540086170043079239e-01
nan nan
2.629965668037689941e+00 1.769042808688100044e+00
3.355431409251969921e+00 2.143759033301680106e-01
1.890955382015810038e+00 1.208061871909529961e+00
2.758633579597539853e+00 1.535881155904270212e+00
2.341219661877209646e+00 2.669756595037859892e-01
8.174963751203391249e-01 8.257485984431209847e-01
3.672048174724959591e+00 9.431681232293900319e-01
nan nan
4.049297765145950301e+00 8.911729196530870922e-01
4.319070761771509837e+00 3.912613446447049670e-01
8.678793339506979621e+00 1.583817095443489809e+00
4.689153516226969742e+00 1.282466444929139859e+00
6.170484744185119830e+00 1.765926400744650127e-01
5.981880508012680231e+00 7.784074704209320572e-01
1.044939419131030078e+01 8.827342984472720255e-01
8.217325221274190739e+00 3.441669489710330043e-01
5.010558778459619944e+00 7.867277727237719231e-01
nan nan
nan nan
1.428628369461709902e+01 1.412119057151290269e+00
1.611983370312820085e+01 3.768709416548439717e-01
nan nan
4.169401933957350259e+00 4.850686975696220093e-01
2.476667469068600269e+01 1.543743497012239896e+00
2.107811290119769865e+01 1.155324927150209957e+00
1.568412990355139947e+01 1.569494977876499942e+00
2.365293423995769828e+01 2.249379666983250203e+00
2.844446960262650137e+01 1.172315621647399908e+01
nan 2.765863130889699928e+00
nan nan
nan 2.351223034401430212e+00
nan 3.620193041207999674e-01
nan nan
nan nan
nan nan
nan nan
nan 2.610210800163330180e+00
nan 1.382674809721110121e+00
nan nan
nan 1.456821867932989845e+00
nan nan
nan nan
nan nan
1.699604758204679911e+01 7.881953370370750278e+00
1.435173679555320092e+01 4.938503669578810928e-01
8.668290375239649848e+00 1.000777955044489964e+00
nan nan
8.825532457553279642e+00 8.539844123320969871e-01
9.976387792081169437e+00 1.826212085379899930e-01
9.460594368961098510e+00 6.378661536230679774e-01
