nan nan
nan 2.684714378456669692e+01
nan nan
2.151911194745640132e-01 4.272767663707379704e+00
nan nan
nan nan
nan 5.443266500181390022e+00
5.144650674038589777e+00 2.723706660176919758e+00
4.796605019749259569e+00 3.257493545939739832e+00
nan 8.108582246940949645e+00
1.008635236823159964e+01 1.945117240910280154e+00
3.337040396390839714e+00 8.272710322875550526e-01
nan nan
3.720392596591779455e+00 1.531878072431269944e+00
1.123447457330819788e+01 6.807523580049519296e+00
nan nan
2.714939322810069999e+00 1.478305800675929760e+00
2.915310072887830284e+00 1.771685933184550032e+00
nan nan
nan nan
2.266250203742180003e-01 6.986775170018929337e+00
3.298828961891870026e+00 4.807518305418470583e-01
3.159587314100519961e+00 7.744939271043209672e-01
3.224157822341169766e+00 7.710283590356360461e-01
1.521535046277480013e-02 4.958448847094580003e+00
3.138043093224899938e+00 1.314943132313219909e+00
5.754386432489389414e+00 1.392474800541000146e+00
nan nan
2.305154421334210113e+00 3.379245392753599919e+00
7.580402674115979123e-01 4.129871506389379832e+00
nan 1.525834682104540185e+01
nan 5.623146801042639709e+01
1.753557399778890025e+00 2.041543720579019894e-01
nan 3.606061401471779782e+00
nan nan
5.750034156398728946e-01 1.114560221867169965e+00
7.558498195122249630e-01 5.294671962178350011e-01
nan nan
2.749005316984100222e+00 7.069486359493359906e-01
nan nan
nan nan
2.490914408066149832e+00 1.567855109123809987e+00
8.344801756436890372e-01 2.515033513731189885e+00
nan nan
3.766273801621120132e+00 2.388119020629610179e-01
7.876576771821960143e+00 2.520115682361359966e+00
nan nan
4.813596511777140208e+00 5.075522363848430363e-01
4.577333269238250679e+00 2.364048533997940016e+00
nan 8.882352340822631476e+00
nan 7.680805141805599590e+00
5.043558973858401018e+00 2.899238562580319645e-01
3.571760902878080124e+00 3.686265887039389400e-01
4.580260184806809853e+00 8.539111713108550328e-01
3.916317956240289888e+00 2.626584612549660025e-01
nan nan
nan 5.483244279029860557e+00
8.083633612246949873e-01 4.628046135546779460e-01
1.970704218519769846e+00 6.197913325725070699e-01
1.945183920836699887e+00 3.269381333585379856e+00
nan 2.208696533220880109e+00
nan 5.644022957664840412e+00
1.412258152383580212e+00 7.704618206604320063e-01
3.098799072547670175e+00 2.554595258778130096e-01
3.361658514003229570e+00 4.091098933236320123e-01
nan 7.523536906789329848e+00
2.922700961801810049e+00 5.223902947333859403e-01
1.763306450238749878e+00 3.168010460161080566e+00
5.021154264356700203e+00 3.920214451196029626e-01
3.536319807250170033e+00 4.757203089838770160e-01
2.574056777208870272e+00 1.758628029618580113e+00
6.051353519815969584e+00 4.828287557179239964e-01
6.059112501499589243e+00 1.837743604822689836e+00
1.629297990027119880e+01 2.018316233515879965e+00
1.442475018227809969e+01 1.613950641074439973e+00
nan 6.508331479603789660e+01
7.255498486945150205e+00 3.912212636896690299e+00
nan nan
6.404901841193599843e+00 1.122393497537180274e+01
1.385047810133220025e+01 1.676984452928479863e+00
1.778883174860589733e+01 1.294515531146580134e+00
nan nan
1.182877605359330175e+01 5.404016666004199720e+00
2.981377461794300032e+01 1.827681064273509959e+00
nan nan
4.149068900126239612e+01 3.899010899956970366e+00
nan 5.720379058936289951e+00
2.597287435697289837e+01 3.957558832725080133e+00
7.055564135469960085e+00 8.406624732727291160e+00
nan nan
1.271637214930670012e+01 1.950744558440389964e+00
1.451424665984130158e+01 5.426932870266729658e-01
nan 9.397686485886698193e+00
nan 1.183414312197249885e+01
2.255989010703839881e+01 1.019261725904179983e+01
2.103417528494789934e+01 1.542629206037629874e+00
1.925964484387190012e+01 1.987221159476090016e+00
nan nan
3.265036398016309960e+01 2.692737288069259716e+00
4.873786237016460632e+01 7.638652481137000017e+00
nan nan
5.280203459203849548e+01 6.689341306304360302e+00
2.487572804623649958e+01 3.446834393783800010e+01
nan nan
1.069823593755219981e+01 3.775907860174899877e+00
nan nan
nan nan
1.721166829755730276e+01 6.055812077329859600e-01
3.041629217177810318e+01 1.042638429849639969e+01
nan nan
nan nan
nan 1.211238645394780100e+01
nan nan
1.105067540237369883e+02 2.591964046899479968e+01
2.900809393027889627e+01 1.238804545101250021e+01
nan 3.890821590730189516e+00
nan nan
nan nan
nan nan
nan 2.532754704325530071e+01
nan nan
nan nan
nan nan
3.803993896947170583e+01 7.712435831680159559e+00
1.213321178391770019e+02 1.100397755263709954e+01
nan nan
nan nan
nan nan
nan nan
nan nan
nan nan
nan nan
nan nan
nan nan
nan nan
nan nan
nan nan
nan nan
nan nan
nan nan
nan nan
nan nan
nan 8.525620352028369098e+00
1.596626628356630029e+01 1.948622934047140021e+01
nan nan
1.886841572758480012e+01 8.690299751812629481e+00
nan nan
nan nan
nan nan
2.598259816105430176e+01 1.211310082905700014e+01
nan nan
3.425330344099329949e+01 2.575802566625779999e+00
nan nan
4.364143726226340192e+01 2.516821167220749889e+00
nan nan
nan nan
8.332124527702369221e+00 1.575033584616189941e+01
1.645332502460599855e+01 7.211659995966829273e-01
1.543876065869100067e+01 5.228934839670910106e-01
8.433210635776219988e+00 3.135998897529439944e+00
nan nan
9.996296687642599821e+00 1.882439658733560117e+00
1.317500504108469883e+01 4.994027164223760473e-01
nan nan
2.218980585969739749e+01 4.922272186882040157e-01
2.005814227575320174e+01 6.046038738349449604e-01
1.914898263352419860e+01 4.994355995731069697e+00
1.772647442765950032e+01 1.220013654771310074e+00
1.316749660565680102e+01 4.177982381978620485e-01
nan nan
nan 4.115381248078870513e+00
7.209359176786309220e+00 2.417577197879669793e-01
1.590405149350169856e+00 1.587119724919010100e+00
nan 9.703949699904010018e+00
4.285967382090809963e+00 6.134823147283599010e-01
4.098629707644609432e+00 9.759184795718198746e-01
2.873230891393309783e+00 9.409405127707628491e-01
nan nan
4.756973615865329741e+00 4.184241808333650225e-01
5.395922264818300285e+00 5.909007457368871119e-01
nan 5.376141056150820496e+00
3.520074940256610052e+00 1.408169315950849931e+00
9.440148875790459471e-01 2.321090599737860138e+00
nan 5.777838765552289146e+00
4.507735989599230386e+00 1.457864920831850153e+00
nan 2.813033970798809946e+01
3.931651095781490302e+00 1.971285916580310271e+00
nan nan
nan nan
nan 2.847137200583699901e+00
2.641839033668720305e+00 4.987664403314240325e-01
nan nan
1.765128740848639799e+00 9.830986619924009240e-01
nan 3.427590850169449865e+00
2.614207151702350185e+00 4.723997230008830095e-01
2.148107415346149907e+00 1.496289141968880076e-01
2.587705833208640005e+00 4.727880008431679659e-01
3.959692791194410061e-02 6.760931356645240031e-01
nan 1.595884861350620021e+00
2.254714462093319938e+00 5.014874254624950289e-01
2.668747319122009909e+00 1.629390278517940105e-01
2.692807677720209902e+00 2.415024690959969855e-01
nan 3.068866417333880214e+00
nan 1.572563262158280217e+01
4.980918243369280241e+00 5.105919448265650473e+00
nan nan
nan 2.143084717934319983e+00
nan 1.321114557418879842e+00
nan nan
nan 7.021114349618809314e+00
5.558591848269100133e+00 1.603072888390379758e+00
nan 2.592522448086969966e+00
2.128685150869659815e+00 8.471996624038390378e-01
nan 9.939337338286310342e+01
nan 1.292318189307130183e+01
nan 2.484341023037319740e+00
nan nan
nan 1.111600765369349908e+01
1.107895760100509941e+00 8.043492456025730375e-01
1.822767490543520053e+00 1.125939811321040152e+00
