nan nan
nan 3.867254510719879690e+00
nan nan
3.202932244125880068e+00 3.766228685953760258e-01
nan nan
nan nan
4.679373130658019520e+00 1.862242966617349837e-01
4.459196631696179303e+00 3.767154065572810295e-01
2.854131411401689800e+00 6.135264028084049803e-01
3.413359561265350006e+00 6.406283678500489520e-01
7.484433516602349457e+00 4.265030246799599856e-01
5.536219296937960443e+00 8.821515222254798783e-01
nan nan
4.556480170002140007e+00 4.297884685194910404e-01
5.370487664160799923e+00 3.237708080626400253e-01
nan nan
3.901871229317440015e+00 2.376714517235810342e-01
4.259308715029069603e+00 9.364636140120420338e-01
nan nan
nan nan
5.949235001558450087e+00 8.491844343259629113e-01
5.579478708222399774e+00 2.132173500587579984e-01
4.694174867200669787e+00 3.983161681572270352e-01
7.013903145574519549e+00 5.055525423253420803e-01
6.764844586650599290e+00 2.232669457577360073e-01
7.692815169807410314e+00 5.200037363600610307e-01
4.332286073591459896e+00 8.506211499960358857e-01
nan nan
1.234872355605130245e+01 1.382138641007260027e+00
1.195030181971219996e+01 1.951902713897720076e+00
7.992489505810920214e+00 1.748771175476889983e+00
8.010762729671050408e+00 5.977810438038029250e-01
1.113256862556990079e+01 4.265772272750479877e-01
6.645517010886930365e+00 1.025761278460590037e-01
nan nan
8.189136819842218529e+00 1.288267041557169812e-01
6.456743429025848968e+00 2.955518975670410331e-01
nan nan
1.351792703052520039e+01 3.230862015562809830e-01
nan nan
nan nan
1.715922071764040169e+01 5.437849634713970426e-01
1.373322621103830166e+01 4.255238808994029620e-01
nan nan
1.541019806691440053e+01 4.436451460524930002e-01
1.178834537250250136e+01 7.598488013830049237e-01
nan nan
1.800766283524900047e+01 9.208493559660309025e-01
1.752280383691870114e+01 8.771721007263130199e-01
1.622915428312569830e+01 7.503833370872230457e-01
1.583470699142149840e+01 2.290792843655220068e+00
1.142783560062200010e+01 2.358903759937650002e-01
2.109260219514300161e+01 7.353473506814179883e-01
2.758523652951810234e+01 9.050834079029269619e-01
2.755622963800519898e+01 2.842936337054380314e+00
nan nan
1.368552961350749975e+01 7.843951137504741045e-01
nan 1.907110229688169789e-01
2.157203074634269768e+01 1.602510431737450114e+00
1.521522337034169858e+01 1.176976479626179906e+00
nan 5.765049697396030792e-01
2.351624528408130033e+01 8.857828695674140329e-01
2.805433790508280367e+01 2.322101069948570018e+00
2.624490533402860137e+01 1.745597420852619930e+00
2.878409630166810018e+01 3.489682432922049937e+00
2.998578826461080027e+01 8.427189703190041126e-01
3.108490384215960134e+01 3.164257771699090060e+00
2.933227722302320117e+01 2.891016180260370216e+00
2.669115501467579676e+01 2.359110289932540017e+00
3.480396133900560329e+01 2.659730638190580088e+00
3.184681102536490016e+01 3.544817381039470305e+00
3.060209140302680098e+01 7.132712052956629911e+00
2.505035828840999912e+01 4.275701526119710216e+00
3.134420257321339776e+01 5.758711877512799227e+00
3.163170480919360017e+01 1.066944949312359903e+01
7.067818592228950081e+01 1.060803973081580054e+01
3.601700569251389794e+01 4.701036670411179230e+00
nan nan
3.339106368047169582e+01 4.321077122260470027e+00
2.865492554695060079e+01 3.874506454652689502e+00
4.339570859401889891e+01 4.122243072006490650e+00
nan nan
2.203339327823230320e+01 2.198343504643399893e+00
3.534546457950629872e+01 3.037501706453999972e+00
nan nan
3.867407795072300303e+01 4.355697889567850645e+00
2.904104840495699946e+01 1.084995993683109949e+00
2.430735658976660218e+01 3.198231992062189999e+00
1.177776830821530041e+01 3.872988054897339882e+00
nan nan
1.589409861292480031e+01 1.064380172745210018e+00
1.650042527353589961e+01 1.188451947291899957e+00
2.051278708849499921e+01 1.853849653395840180e+00
1.235141831033350002e+01 9.992132271418178391e+00
4.158257877472779995e+01 5.404662547005980144e+00
2.579297745251980345e+01 1.033236776963240011e+00
2.854496469217970045e+01 1.415994563653129923e+00
nan nan
2.072677101976610103e+01 1.549147491063590110e+01
3.368349377177039372e+01 4.578764221116480293e+00
nan nan
2.694997342303660304e+01 9.326533276104690628e+00
2.126985751710670058e+01 4.838003728968959649e+01
2.207996326935299791e+01 3.783764443669850319e+00
2.144429209629230115e+01 1.219907847225569997e+00
nan nan
1.057864166673909878e+01 5.925800432654039440e+01
4.189744697159819964e+01 3.044209336169560132e+00
nan nan
nan nan
nan nan
nan nan
nan nan
nan nan
nan nan
nan nan
nan nan
nan nan
nan nan
nan 1.981578595384740016e+00
nan nan
2.110683031959360179e+01 1.152025027843030003e+01
1.832606551103700099e+01 1.199506599263020057e+01
3.694677397873810065e+01 9.501717704717938418e+00
3.810027134405120108e+01 8.688496984392569900e+00
3.158947217383880002e+01 5.140554676845380477e+00
4.152036530840110373e+01 3.840589743459180028e+00
2.151605242708760102e+01 5.300746615095428993e+00
nan 3.621903995015479882e+00
3.218842628942849871e+01 8.957923584501539693e+00
2.420598211532530186e+01 5.925791797084920098e+00
1.272682788218619798e+01 9.435121096509870853e-01
2.720187033922960396e+01 1.072575901622240035e+00
2.385887880240920111e+01 2.882536255120450086e+00
nan nan
2.064377648534969723e+01 1.428280465943150013e+01
1.465174372480080045e+01 8.922807546976260440e+00
6.394232657345260407e+01 9.999863453029680826e+00
nan 1.134340527079869965e+01
2.308913680151139758e+01 1.875085861107449858e+01
nan nan
2.534915042713720013e+01 3.662944802444429993e+00
2.522640828770819965e+01 8.935255834849689549e+00
nan 2.107628297543500118e+00
2.307631097318369839e+01 4.885070561878980477e+00
1.664920035744480131e+01 1.212465369245409930e+00
nan nan
2.429161068530300227e+01 4.100915720672479559e+00
nan nan
1.909439346585430286e+01 1.598384496650219866e+00
nan nan
2.342290842173669674e+01 8.904589483707070485e-01
nan nan
2.097328560681269849e+01 4.357159751122069991e-01
nan nan
nan nan
1.267340781492040236e+01 1.213033265173340203e+00
1.122647008837660110e+01 8.407510915925789918e-01
1.267281566406290061e+01 4.081588553880579617e-01
7.597295975243119948e+00 6.642106714553549507e-01
nan nan
8.774801798382780404e+00 7.877594265463300216e-01
7.473567999574090237e+00 2.842579147124810190e-01
nan nan
1.387874787190139969e+01 6.280842978038210234e-01
1.230950656473840077e+01 8.575124714845219209e-01
1.428279107837119888e+01 7.099614375419649459e-01
7.409458043932870552e+00 5.897719505903189496e-01
7.489435691329780376e+00 2.508215545327520113e-01
nan nan
5.479172688687369508e+00 1.736015971301719807e+00
7.867561924757930036e+00 4.741517358874960397e-01
4.298973224184670094e+00 1.996946618922299965e+00
4.330311435635319839e+00 2.565522051821979677e+00
4.916277949751980181e+00 5.647207221508621089e-01
2.877354446396269694e+00 7.384305289130121963e-01
3.142179851278339431e+00 2.099786944748099904e-01
nan nan
2.876863863089919704e+00 5.281921561804200360e-01
3.134354133087729810e+00 4.012260717074410676e-01
3.640923158112199687e+00 1.592863771457490030e+00
2.497693265127769902e+00 1.910290679260590041e+00
3.922316420491290145e+00 1.623259534304669904e-01
3.765638548247249862e+00 9.302606303693170542e-01
3.705161228000000140e+00 7.528095830919770970e-01
3.550980254448100393e+00 3.418114855915330152e-01
2.631192574474509716e+00 5.766689941642010320e-01
nan nan
nan nan
3.069490756929809994e+00 3.751333438290210265e-01
2.789633067922379972e+00 2.774227516660159876e-01
nan nan
4.672506049895869928e+00 1.550927355815450159e-01
2.894757712744870037e+00 1.656118824399389844e+00
3.984921550715279537e+00 1.993491920045890042e-01
3.077665585907789936e+00 2.793782484283449663e-01
2.216385178242220366e+00 3.004103065951310714e-01
2.925541532313290283e+00 4.177540581785279539e-01
4.566601126046200498e+00 5.208133240029000355e-01
4.074305210939919597e+00 3.207309393063530467e-01
4.946509800878730267e+00 3.720182404652990216e-01
5.740629589207530081e+00 9.905796568753240383e-02
3.185957194328730147e+00 3.137430957250039731e-01
4.624214257649589932e+00 1.839312704800849796e-01
3.562014035413489932e+00 5.451526476077640515e-01
nan nan
3.013617299480100264e+00 2.918954742612260289e-01
3.238376331876459790e+00 1.035822395429749854e+00
nan nan
3.217402506422560204e+00 4.106784421539109720e-01
3.112876401291960082e+00 1.554511612620840033e+00
7.143412385673370224e+00 3.678954200143299769e+00
2.713010327223529750e+00 6.953342989813920960e-01
3.100710089996660201e+00 5.247913976422229343e-01
2.664842677610390176e+00 5.447054724760099775e-01
2.315269464776819941e+00 2.451746597254310100e-01
nan nan
1.924788657301770067e+00 8.817871758515278824e-01
2.302099548518649730e+00 2.570339121374780045e-01
1.924162136471929907e+00 8.030405693197840700e-01
