nan nan
3.025224462274560011e+01 8.073835404196099574e+00
nan nan
2.236662152804539616e+01 4.166413485565490404e+00
nan nan
nan nan
nan nan
nan nan
nan nan
nan nan
nan nan
nan nan
nan nan
nan nan
nan 2.739129342384429933e+01
nan nan
3.627567446585059940e+01 3.356489912780209917e+00
nan 8.716310989390029240e-01
nan nan
nan nan
1.666756656704239958e+01 1.415824125488819973e+00
1.984578902297609915e+01 1.474243754159980213e+00
1.428018804311810008e+01 1.092877205661900053e+00
2.288411506221410363e+01 9.004988140753170667e-01
1.896108326263539823e+01 1.259572308241490024e+00
1.591698456462110123e+01 9.003925167176879407e-01
1.732407107136149804e+01 4.874451450339769565e+00
nan nan
1.626179036940889944e+01 4.531535252402219882e+00
8.884818204005300757e+00 3.189711937712919720e+00
8.630325331117639109e+00 3.622551229482620538e+00
9.235693465112650102e+00 7.331350213650541514e-01
9.554756042903539415e-01 2.356371342505119981e-01
5.326654992694480839e+00 2.572645204502139737e-01
nan nan
6.359982521645809683e+00 2.974499965316170225e-01
3.818155819873450429e+00 2.632695246691710289e-01
nan nan
6.154298441262819885e+00 7.276893769417249747e-01
nan nan
nan nan
7.533974171375399820e+00 3.809510644630619836e-01
4.237545268194450543e+00 2.233094534832360256e-01
nan nan
4.964789952785999994e+00 1.633614914329830081e-01
3.952705660940480037e+00 8.474195845186920373e-01
nan nan
3.716917776149609498e+00 5.914945780779189421e-01
5.803645454661410241e+00 5.504696535289820281e-01
3.165131890995089847e+00 1.312154751298499900e+00
4.185256016587790562e+00 6.850650866286960294e-01
2.865869041541230011e+00 1.973308889440039959e-01
1.717710683896189972e+00 4.261487012046150102e-01
2.578898204157729968e+00 8.096988501377460068e-01
1.469151221755340186e+00 2.607042024296850058e-01
nan nan
1.606505871600020008e+00 1.949634390934450179e-01
6.506162058376179225e-01 2.438527815035420043e-01
8.133953761037630015e-01 1.278506002399449892e-01
2.669242925688589674e-01 1.942369507489639935e-01
3.276779480302760006e-01 7.810578262076270373e-02
7.987573659759499289e-01 3.659493891218770223e-01
6.991067066957029619e-01 1.881971108829990080e-01
9.294047293610508964e-01 2.998261352365119703e-01
1.426602110177719984e+00 4.460112516401260607e-01
9.468748841942828953e-01 2.378780201810339889e-01
7.581056250900670701e-01 4.545608894398500133e-01
1.672395356482039963e+00 3.525028902480159543e-01
1.570606571392820117e+00 4.084376781108660093e-01
1.639193931623850187e+00 4.816734598042080040e-01
1.375746221645750111e+00 4.459875420216060649e-01
1.756928735868739988e+00 4.862045081949460390e-01
1.299197037970579949e+00 3.274684474069560203e+00
4.320196032776769890e+00 2.699314280191110194e-01
3.518342665612009590e+00 8.960075100688390526e-01
3.547951566536750256e+00 1.060736762707920056e+00
2.751203437309779343e+00 2.965403481907520344e-01
nan nan
3.058333369496060161e+00 6.509606803910259476e-01
4.382772115885499531e+00 5.373630824246049542e-01
3.917339282892299934e+00 6.071134878122910195e-01
nan nan
3.921397681799650314e+00 1.315071889489370038e+00
6.776657686676729853e+00 5.144436180829510263e-01
nan nan
8.653178670597510447e+00 3.510054075686460107e-01
4.908618434816790277e+00 2.464594830784950119e+00
5.281158483914239810e+00 2.331072085134680449e+00
2.702686702240910122e-01 2.591564529728669797e+00
nan nan
3.850868862246189739e+00 1.108802213598800046e+00
2.675823855017799957e+00 6.454272431312859659e-01
3.437176739759149946e+00 1.925148120601580137e+00
1.643357249066019987e+00 2.967593208596630117e+00
3.320874328954360077e+00 8.319614016731529116e-01
3.387026652794379533e+00 4.657429552408970386e-01
3.371755042301769922e+00 1.412409945817199919e+00
nan nan
9.041314426370231416e+00 2.326746912815730040e-01
8.961173110261919206e+00 6.239156980292059895e-01
nan nan
1.059417648052480132e+01 9.839645599232529349e-01
1.133580942048270046e+01 1.514462038820870271e+00
1.337445044769500058e+01 5.167101426510879447e-01
4.763349099783820151e+00 6.244958034577349215e-01
nan nan
2.161317563035450107e+01 6.090129876907630191e+00
2.023735571891399854e+00 4.062010230585439974e-01
7.390061153502010427e+00 1.489118021655110091e+00
4.704626586769089513e+00 1.686150963756850141e+00
nan nan
8.066080367008579000e-01 2.466950620917620185e+00
5.504980610935720442e+00 1.063614855760329991e+00
1.383451157256899711e+00 1.685495938740070088e+00
7.485335057403160519e+00 1.472380528698280067e+00
4.949187477518429468e+00 2.118637776094370206e+00
7.659946569720999854e+00 1.253680438633050009e+00
7.129634501718999928e+00 9.135109485714779654e-01
nan nan
4.900675050732339777e+00 1.574736765933699933e+00
5.638972418757549399e+00 3.109101116512019702e-01
3.722340588196339617e+00 1.241036934791210022e+00
3.429012099635279753e+00 3.607917973263989886e-01
1.986854911341300101e+00 2.777554523159099786e-01
1.351311080588309954e+00 3.197061044922439588e-01
1.917817517261959814e+00 2.484474102583089927e-01
1.420725670347720015e+00 3.105593322650250232e-01
1.366436455218499990e+00 1.873284745570760190e-01
1.605048474370749823e+00 2.488192722020369785e-01
1.164598049769899779e+00 2.360209316532300150e-01
2.307178701364990037e+00 2.658567152686500012e+00
1.236452087808129985e+00 1.572000869409339863e-01
1.853636733589229868e+00 1.671461801477500120e-01
3.330182997428009717e+00 4.550982939757739487e-01
nan nan
5.648464908237179394e+00 7.591962824429829837e-01
8.430686088965860137e+00 2.714507289721310279e+00
9.922081019837539984e+00 4.135463450490859949e-01
1.059094250750199961e+01 3.543319859147520123e-01
1.087937947836529951e+01 2.346156184927469801e-01
nan nan
6.655847388438639989e+00 7.830082431557190414e-01
4.828343123420499872e+00 5.407975025897920895e-01
3.516317564191299816e+00 1.405393054291000032e+00
5.708707980682720340e+00 1.405570526538399756e+00
4.731416920744401011e+00 5.454143795906369885e-01
nan nan
2.146178448306209852e+00 8.094725922257220985e-01
nan nan
2.469374279052309884e+00 1.476028248871460002e+00
nan nan
2.433768274897200268e+00 2.903624852477069695e-01
nan nan
2.710263247933339947e+00 4.736264513235560192e-01
nan nan
nan nan
1.279572069318070104e+00 1.530324942333280092e+00
1.581755917271260081e+00 6.995819366327109545e-01
1.704570796230820084e+00 5.169197085781139789e-01
1.658715339296430002e+00 9.288970880556329801e-01
nan nan
1.590270433898449909e+00 8.376106250945049014e-01
1.230632278470550123e+00 4.302313128962749755e-01
nan nan
2.839782496185619731e+00 7.684695811062050019e-01
2.238830625193120039e+00 2.533595467358930042e-01
2.382221595706969897e+00 5.529026923102899893e-01
1.751140964799720035e+00 6.183734448644400139e-01
1.840185144818760055e+00 4.456373686365520115e-01
nan nan
7.211719809065579856e-01 1.576426454275050126e+00
1.191845356685309998e+00 2.682306602882910118e-01
2.001748142050520096e-01 1.009989362457470063e+00
2.725775127847069879e-01 1.620661860223270079e+00
4.404487132325149989e-01 3.823066219509039798e-01
1.336141787183749985e+00 1.223124255821850248e+00
1.499766424717190016e+00 6.506805766519820899e-01
nan nan
3.879754734386050008e-01 6.069802222756600640e-01
1.064205791421590108e+00 2.971765610070880026e-01
2.144481075621880173e+00 2.534332156632519872e+00
1.183413602659660002e+00 2.626212388321350399e+00
6.015229467333189639e-01 1.432035262386099905e-01
6.963528057563298512e-01 7.706227111384770234e-01
9.559170889474549737e-01 4.822292338843749970e-01
1.146783165601950039e+00 3.664739009436210337e-01
4.407801420029269779e-01 4.260235541336979681e-01
nan nan
nan nan
nan 3.407937604741220206e-01
6.742979035170478808e-01 1.128880466820589984e-01
nan nan
1.016835542713599994e+00 1.864837290902619793e-01
6.643138043059689801e-01 1.957279571935879980e+00
3.652567755131849725e-01 4.431695739953909752e-01
2.478451699695530253e-01 4.054086472693990140e-01
7.166609333791990055e-01 4.437442713424240015e-01
1.716033359223139820e+00 7.198251726354670810e-01
1.391823479232169980e+00 4.109180125001949957e-01
1.016871247729359995e+00 6.028184691736769851e-01
1.452458591978449842e+00 4.813609264816729461e-01
5.996361227421810325e-01 2.741162891604160268e-01
2.457387988822360425e-01 4.640674719058520137e-01
6.906509051643678898e-01 2.830668973976179781e-01
1.162874124904060169e+00 5.338862955172020142e-01
nan nan
5.005514847937728717e-01 4.039408706649110226e-01
6.214981792246430103e-01 8.209919501337550329e-01
nan nan
6.324139971573449204e-01 2.623919609618929893e-01
nan 2.038982296602040112e+00
nan 2.830595320839549789e+00
9.053886513189440821e-01 6.696872471903210222e-01
5.715823616890600700e-01 5.304597956093629607e-01
1.306463403223219855e+00 6.424455137179390096e-01
1.136486371688770092e+00 9.614049758690099701e-01
nan nan
8.515996904800079426e-01 1.273905103591729926e+00
5.044671897194890064e-01 9.941998504966019501e-02
6.740435244011599991e-01 5.252725492855150335e-01
