nan nan
4.167358907420069869e+00 4.583031049424169723e+00
nan nan
3.169191833445389683e+00 5.055496925711839840e-01
nan nan
nan nan
4.155789142639839895e+00 2.120063437553580121e-01
2.611306554208879582e+00 1.144427875901099956e+00
1.107867839046840164e+00 5.407565182626350442e-01
2.960387495827109916e+00 4.702751998030089697e-01
3.362229168680780145e+00 4.393696801186969814e-01
5.380819899438539444e+00 4.585910752977990223e-01
nan nan
4.509858938007489826e+00 4.932419956543179773e-01
4.470717741166120085e+00 4.831771924745510427e-01
nan nan
2.870535897622859878e+00 4.294923544349070754e-01
5.019185207441589469e+00 9.361178563546378451e-01
nan nan
nan nan
5.991156228874139344e+00 4.182820610274889939e-01
5.208152691048540284e+00 6.377908890879009363e-01
3.543973319237310182e+00 4.840162327798339659e-01
6.716078338360290445e+00 5.688930331779600280e-01
6.355876013502399502e+00 4.345126521585679913e-01
6.147350426530150180e+00 3.232665030418699903e-01
5.122666808706309638e+00 8.262670253172230694e-01
nan nan
6.666174001260140258e+00 3.092637300784559784e+00
6.217930862953629401e+00 1.644391611975169809e+00
6.053890633713929326e+00 8.388130270568809888e-01
4.494623352865610322e+00 4.243511155276900038e-01
2.548089354062189837e+00 1.939946857640139632e-01
2.435538976265529509e+00 3.560023388819699708e-01
nan nan
2.890551517588970221e+00 2.105982713018830221e-01
2.325584994907700320e+00 1.888583342395989961e-01
nan nan
4.534803457445429231e+00 6.467108085667879758e-01
nan nan
nan nan
7.678815493486950139e+00 1.298996284336549900e-01
5.801339051585659767e+00 2.627821625557429930e-01
nan nan
6.190194817984459696e+00 2.395526000858829996e-01
2.696881526748210245e+00 8.648248376984440933e-01
nan nan
6.954705439732659755e+00 6.521443828926770658e-01
7.189297940945620802e+00 3.845187261178379390e-01
6.821441395350619885e+00 3.163420159200200477e+00
6.173545960118990372e+00 5.653818064271249888e-01
4.775069112842420083e+00 2.596692310598320286e-01
3.986181238373640134e+00 2.339952255042370144e-01
6.689831638982820294e+00 5.358263661346940321e-01
4.620441357999800047e+00 2.684437862229699934e-01
nan nan
1.894506773006999989e+00 2.474501204655480124e-01
1.938942605461019930e+00 2.594893805879530113e-01
2.424366096564299689e+00 1.199179386919810020e-01
2.149011260766560127e+00 1.952224868762589549e-01
1.642860979208330185e+00 1.344240267195510041e-01
2.288905417937399989e+00 3.031634877199650413e-01
2.903083869995210176e+00 1.429661360065240250e-01
2.788977865923249588e+00 3.598913237632179185e-01
3.597688384028279618e+00 3.934293948099910621e-01
4.292086169561129871e+00 3.784821492163250034e-01
3.647217787561999991e+00 1.860219999560910054e-01
7.169063255498219434e+00 3.009054263161080600e-01
7.603926938097230526e+00 2.844522355025710381e-01
8.633274991811321186e+00 1.589502630010480033e-01
1.001293463135380080e+01 2.488310259737939734e-01
1.032814703989549976e+01 2.879743322442210318e-01
1.328334059874049977e+01 1.102969754731169871e+00
3.967803544373759905e+01 5.475449476312990171e+00
2.760497013370580177e+01 2.458999506839049776e+00
2.819148576566589881e+01 6.395435090187599592e+00
2.289960670021709888e+01 7.207993717989680249e-01
nan nan
2.391545522799129841e+01 7.646924131854059281e-01
1.539935148770910089e+01 6.641126693863860453e+00
3.079563045283720157e+01 3.370658726667719929e+00
nan nan
2.228852432680719886e+01 8.707824829676898970e-01
2.708779615054439915e+01 4.431576240384070609e+00
nan nan
2.273623165377370015e+01 2.555715598834980007e+00
nan nan
2.325014010474039949e+01 3.104404908666939633e+00
1.411701420572959975e+01 5.928472075876320524e+00
nan nan
1.485357284624200069e+01 7.394462873889871002e-01
1.752918644612440247e+01 1.054092766147999960e+00
1.809315719090160002e+01 1.054733507670420067e+00
1.501487961042469976e+01 5.601871885636929171e+00
4.044887684710129605e+01 8.684229406660440631e+00
2.485704183615429841e+01 1.423734448822899790e+00
2.129891142874529919e+01 1.692424212850800247e+00
nan nan
2.773095811771150210e+01 3.058166488316150122e+01
2.439868971997490021e+01 1.271101376185180243e+01
nan nan
4.415794600053660446e+01 1.586112055261280140e+01
nan 1.476190303628490019e+00
1.005740486584870013e+02 4.144970889152870086e+01
1.470771387443119949e+01 6.077309963147290439e-01
nan nan
nan nan
3.003277771761449699e+01 1.137007072053209944e+00
2.295529422757460125e+01 1.108199154863359936e+01
8.494315552810050463e+00 4.046798287174880215e+00
nan nan
nan 6.513794094894839404e+00
6.108603065450309622e+00 9.732127308617730677e+00
7.755208900010879347e+01 1.519552217202270050e+01
2.257814084858699744e+01 9.401610330969679907e+00
nan 2.211451809878850039e+00
nan 4.491278694505719926e+00
nan nan
nan nan
1.603626216429220008e+01 2.118414286921249889e+00
nan nan
2.889098966985869765e+01 2.547397608401360092e+00
3.504629089332649983e+01 3.007521711411790033e+00
2.810022314010350186e+01 9.226779652078129779e-01
2.380809363948289814e+01 6.532554068290820082e-01
2.937065786658770250e+01 1.344891530715230044e+00
2.436773207918270145e+01 1.594831292173139792e+00
2.779178414012750054e+01 2.112102628153099904e+00
3.025904499526800251e+01 3.951412214877629836e+00
2.732826538363820035e+01 2.108233764479150008e+00
1.667188746946640165e+01 2.523744640030680220e+00
1.453998791671080149e+01 7.501167995834480129e-01
2.888533501334720199e+01 1.781057145767779959e+00
1.093301131092930056e+01 3.328449601727039742e+00
nan nan
nan nan
nan nan
4.147504074032190147e+01 2.018333085792110282e+01
nan 1.453004712235319928e+01
nan nan
nan nan
nan nan
nan nan
nan nan
nan nan
nan nan
nan nan
nan nan
nan nan
nan 2.051809537032649899e+00
nan nan
nan 6.011900176371929305e+00
nan nan
2.731201639032940065e+01 4.587969825132190316e+00
nan nan
nan nan
7.542245099894859095e+01 9.460103545599778840e+00
2.969190806653750059e+01 2.378753091291899935e+00
2.691665073619740056e+01 3.512341804292720138e+00
2.056481994721369944e+01 4.841978979127279925e-01
nan nan
1.717386662547169962e+01 1.204213430047279987e+00
1.990022213632520121e+01 1.284482975275679895e+00
nan nan
2.961373453680650059e+01 5.284466240281349592e+00
2.862302662441360113e+01 5.503282697496110210e+00
3.112481652723420211e+01 3.496180910692979538e+00
2.109690741573449912e+01 8.735580553990779373e-01
2.178693467521119942e+01 6.173805453138320187e-01
nan nan
1.082290473488699867e+01 1.965617218869790239e+00
1.441531033303480136e+01 3.624947641042410851e-01
6.596875682799680618e+00 1.253817205656450051e+00
6.158851670916890342e+00 1.557938661037550077e+00
8.554596578338570012e+00 3.719330685666670799e-01
5.535466882570268865e+00 2.562968400165139826e-01
7.329543935244079655e+00 6.977923573642039745e-01
nan nan
6.638360598058110185e+00 5.402121172382260417e-01
6.420023686714820599e+00 6.234421281676980620e-01
7.370812687379880046e+00 1.666348775698399898e+00
5.847245432549469157e+00 1.612800076880399835e+00
6.853676910292549884e+00 2.612648570132610204e-01
7.527374156803159799e+00 1.181697656345360059e+00
6.764882452956370251e+00 3.710560148961309923e-01
5.832019376461210491e+00 2.702625053601979688e-01
4.738768884122119829e+00 5.417042525595360258e-01
nan nan
nan nan
5.176276223007659993e+00 1.154000842717989972e+00
5.144251839872650223e+00 1.710745388473089712e-01
nan nan
8.888532991672009942e+00 2.446350269356330209e-01
5.849364084851219836e+00 2.098827985455459899e+00
5.127982439713409946e+00 3.157744286934739963e-01
4.596429962726499951e+00 3.365242312640709943e-01
3.456078962672730182e+00 3.493296610734100138e-01
5.690005314698790562e-01 7.303943748584119655e-01
4.781281935702820007e+00 3.785848643101670796e-01
3.454570950934259699e+00 5.498284107895200501e-01
5.859625198867750129e+00 2.552083174195829973e-01
5.092636726535830327e+00 1.583237906438189901e-01
2.588057159446290001e+00 2.147072734179220066e-01
4.213534896960959841e+00 3.797560750133900376e-01
2.948940866875109812e+00 2.474914662370030216e-01
nan nan
2.071082845905389824e+00 4.833933295043639777e-01
2.533588548480779856e+00 1.140905807193709931e+00
nan nan
2.759445397903140140e+00 4.626701450868900278e-01
1.144492800889669981e+00 2.182893115997579958e+00
nan 3.160855742410790370e+00
3.637893579181819437e+00 1.000032214324710012e+00
3.131487528617169946e+00 5.666862675333029786e-01
1.436819262406159980e+00 3.637976077372870320e-01
1.677615421107599980e+00 5.576282738932399896e-01
nan nan
2.335401281188420164e+00 4.822540651036270054e-01
2.161126806907659681e+00 2.360707620423869724e-01
2.331370181749839787e+00 9.366903924639889967e-01
