nan nan
nan 1.230222398402729844e+00
nan nan
1.691005581195829999e+00 3.117124423766060026e-01
nan nan
nan nan
1.348980603233219888e+00 1.889762085211639797e-01
2.912202529443760124e+00 7.905407953040199942e-01
1.225875926015719930e+00 8.429939137285641371e-01
1.008843699913279934e+00 6.722729868038269663e-01
7.615119255316540325e-01 2.162806828889719757e+00
2.032019485842759821e+00 3.272185555512759914e-01
nan nan
1.738320621863790105e+00 2.376085264666350227e-01
1.133220292348300129e+00 3.345981722384580026e-01
nan nan
8.788357184402071365e-01 6.270003299200670455e-01
nan 1.317250909965869887e+01
nan nan
nan nan
1.201706974303649922e+00 6.565265948177290145e-01
1.064368261957590045e+00 2.696630102491400227e-01
8.372730568037121124e-01 3.695310428759980281e-01
1.124103839862449883e+00 3.324657983347210077e-01
1.145235658302389936e+00 2.675729563153139701e-01
1.191483246737570001e+00 4.489467863333020392e-01
6.051221730030360568e-01 5.243721339514400004e-01
nan nan
3.616580631201500307e+00 1.543816108964300104e+00
1.046655398002940052e+00 1.749350163346509834e+00
2.827983864423880167e+00 9.088279810932808900e-01
2.189420633358470092e-01 6.058308665936128490e-01
6.330112780064119926e-01 2.035780191001670125e-01
1.228394227025549901e+00 3.896564801261229727e-01
nan nan
6.485500647894950621e-01 1.031480953332210015e-01
7.578997921403530791e-01 2.536925520799679923e-01
nan nan
9.558512207952180040e-01 6.663313990913138918e-01
nan nan
nan nan
1.223438844074709930e+00 2.160202024009990063e-01
1.080000777301600046e+00 2.171722633000239822e-01
nan nan
1.239755311936719950e+00 3.429832906190639630e-01
1.688159880379179967e+00 4.180053877553060460e-01
nan nan
6.116192418376350526e-01 3.395227859062949771e-01
7.028325508754210693e-01 9.851804331700959594e-01
nan 5.112707815020639535e-01
1.369818353867370275e+00 6.484044411025470245e-01
8.996423942117020012e-01 2.411326983434479987e-01
9.184930843629729447e-01 2.854254636337930084e-01
7.872729776205991126e-01 5.739719925920079291e-01
6.225527411320589399e-01 4.349558817711809966e-01
nan nan
9.178311649572049591e-01 1.726272394054390036e-01
3.654811823782160296e+00 1.160247593243540071e-01
7.151969026472609903e-01 1.264593121849669766e-01
1.642944400098490076e+00 4.420402959718119917e-01
9.774964838255990607e-01 1.303971025843490006e-01
3.288201160541590062e-01 1.258228049737449838e-01
6.714311147282480130e-01 5.977750373833939923e-02
4.390850446753460368e-01 3.240810614400260192e-01
4.237345478319750058e-01 2.272197112956569620e-01
6.556044506064160338e-01 3.114638160306509862e-01
2.979443451838580392e-01 4.001226448103579747e-01
1.034187524983859907e+00 4.711591267545929829e-01
1.213075662879069982e+00 2.104294352651810140e-01
1.437097088552319990e+00 3.247901562281099719e-01
1.495353092072469803e+00 2.428017686677749754e-01
1.034268628489039887e+00 4.301983776724109809e-01
8.418917977596008795e-01 2.554377447149859925e+00
3.675530547660339931e+00 3.269379462437169703e-01
3.097986662724850238e+00 5.572907893756560149e-01
5.003605081922370523e+00 1.048287124880100007e+00
2.676000801427930398e+00 3.136034029769050324e-01
nan nan
3.190256895378750013e+00 4.765169091007129820e-01
3.771814153509870149e+00 8.385528728590129210e-01
3.620492786067009749e+00 1.769401010533999952e-01
nan nan
2.624796719255729993e+00 1.935041909536399762e+00
4.505303844252559919e+00 6.951019427902270786e-01
nan nan
8.462948336269919380e+00 4.653805968148770345e-01
5.317401911278870408e+00 1.436784785907849971e+00
1.700117468605940152e+00 1.591778204048300172e+00
6.513686223835770228e+00 2.782161687543390549e+00
nan nan
nan 1.077285075926240010e+00
2.460623664984530112e+00 3.130372546539069711e-01
3.019188214253240243e+00 9.289911953808771550e-01
5.441026444704370135e+00 1.669830369205810072e+00
8.458838426936519994e+00 1.971066154201130072e+00
4.200035891653420173e+00 3.892673028116039879e-01
3.841051594569889982e+00 1.034015500412119870e+00
nan nan
9.362389812881461992e+00 3.727372224289590141e-01
8.610135590972880948e+00 3.166300820107920133e-01
nan nan
1.049540718584880139e+01 2.891752374889279831e-01
9.885096899849429519e+00 1.913589714269669839e+00
1.260719216864399961e+01 1.487404866476389698e+00
3.264349014503369784e+00 2.364852940699949946e-01
nan nan
9.992482476759198207e+00 5.246869881867269214e+00
2.923287869798549821e+00 3.401918455168859712e-01
6.845660555907909561e+00 2.437150812032220504e+00
8.402382616219099987e+00 2.134628092025260049e+00
nan nan
7.307807312250179876e+00 1.963232523170909793e+00
1.546282951633530089e+01 4.988823431188299296e+00
6.796704750961169772e+00 1.820203853919579950e+00
1.132630318761669841e+01 8.822539947032679297e-01
nan 1.447392085858750121e+00
5.423017402154219013e+00 6.744251583553149132e-01
6.029194849517970134e+00 6.431429669064498977e-01
nan nan
6.266254633254380479e+00 1.230074246100840041e+00
8.248622258322329870e+00 9.266237435112159027e-01
6.288838188654691130e+00 1.067753429597849912e+00
3.633888775522729819e+00 5.242459282481639615e-01
2.784161701478559792e+00 3.325446763047210097e-01
2.208240398592939968e+00 1.316312222839829960e-01
2.582628067285420048e+00 2.740929136835009716e-01
1.700758121306110038e+00 4.669066898148660494e-01
1.767006255074559995e+00 2.228987784767189895e-01
2.407336305657910014e+00 3.597641646558160100e-01
2.438369021555850225e+00 1.690677211349089770e-01
8.145770330890941269e-01 1.724491255260149902e+00
2.181916506932100042e+00 1.910237083552389914e-01
2.577231922091720140e+00 2.993642371184739859e-01
4.858496071099870584e+00 5.688859413610238835e-01
nan nan
8.981112458277980437e+00 4.848667326746389783e-01
1.645278051990790047e+01 1.510294520261040052e+00
1.729628771909840168e+01 6.807418234278540536e-01
1.907764001320540004e+01 4.767861996115019818e-01
2.207559013847819784e+01 1.664297890390399992e+00
nan nan
2.149771344945320095e+01 1.805201237232639810e+00
1.103873794200340086e+01 7.411892694815209737e-01
1.033842329835499996e+01 1.947643467614850188e+00
7.463358463922359576e+00 1.299153320861219818e+00
7.861991222703419879e+00 1.543228243689409807e+00
nan nan
9.584393553859198889e+00 4.128839611989450376e+00
nan nan
9.275272460588519507e+00 7.159030305762991153e-01
nan nan
1.026620492446469868e+01 3.187277037738250329e-01
nan nan
1.258465129101940150e+01 3.964163526622260236e-01
nan nan
nan nan
1.493889562867769882e+01 2.989787856676920264e+00
8.554677260201570377e+00 9.197881413561508346e-01
9.808587365123070612e+00 5.151533152382310465e-01
6.756104449913129528e+00 5.724111068169339678e-01
nan nan
9.953570769180229760e+00 7.724493458137670077e-01
1.286921001072050075e+01 5.127173275370500161e-01
nan nan
1.860169551425389756e+01 1.656456538718059868e+00
2.030255247577339972e+01 2.698618224047149905e+00
1.185397445452439946e+01 2.415055694159629951e+00
2.935015774443689907e+01 2.084588155444799806e+00
2.522191889122319708e+01 2.303243468164970498e+00
nan nan
1.900464083364180112e+01 1.222213976216120157e+00
2.540389196859189980e+01 2.903148860721469937e+00
2.482815121286570204e+01 2.186939045759040301e+00
2.826455624646689913e+01 4.845961135560449939e+00
nan 1.275073004474770011e+00
3.265007100743780200e+01 2.036249024972249799e+00
nan 6.421195121138019601e+00
nan nan
nan 1.391589930670619957e+01
nan nan
nan 3.709643521155550161e+01
nan nan
nan nan
nan nan
nan nan
nan nan
nan 3.411976842482819627e+00
nan nan
nan nan
nan 4.469842965727909956e+00
nan 2.090750859002409978e+00
nan nan
nan 9.540590744979859927e-01
nan 1.860391957393640050e+00
1.585952263054169897e+01 1.137144498359649925e+00
1.915959486507539822e+01 7.872226904608400355e-01
1.484705947075980248e+01 3.496104487939450389e-01
1.272811256162239957e+01 1.786641593759480173e+00
8.640330673173890474e+00 7.661770266720759892e-01
2.987656707207589690e+00 4.544053115805599674e-01
1.248226068498980013e+01 9.437718884535180042e-01
1.022253201711889936e+01 2.273055681830499775e-01
6.451366230466889284e+00 3.661460619098989566e-01
9.735068630890570063e+00 6.371562959891529099e-01
5.555824131466310156e+00 3.843574734239420532e-01
nan nan
3.987726745140279583e+00 3.184213123289539871e-01
4.018894802721769466e+00 8.919404358581359826e-01
nan nan
4.102510467996249410e+00 3.454789713091950265e-01
6.663393420775749476e+00 2.542131096905090093e+00
1.037491967881950039e+01 5.053038804137419682e+00
4.406446026350490541e+00 6.271703659793549379e-01
3.890205875794130019e+00 5.711947505501989708e-01
2.679814725696879840e+00 4.424026109770800019e-01
3.129657262288040087e+00 7.574544566685900149e-01
nan nan
2.648594937115680281e+00 9.193344551009670074e-01
2.808519169032099860e+00 3.196873301103330123e-01
2.841808522312310181e+00 8.134492918098041869e-01
