nan nan
2.614713233623370048e+00 4.464501675919040125e+00
nan nan
1.243598231087750028e+00 3.006395579938139773e-01
nan nan
nan nan
1.699792462861489994e+00 1.243648141105269944e-01
2.928289555801260047e+00 7.410094382633080068e-01
3.247799511976590114e-01 8.386491592323409572e-01
3.963959678602189673e-01 6.303559134999499047e-01
1.234608721985560154e+00 1.326683862880490006e+00
3.250561538805509798e+00 5.159618364092299903e-01
nan nan
2.551196787499740104e+00 4.192170917444520417e-01
2.598172558194310255e+00 4.488625740575170608e-01
nan nan
1.536066395004890062e+00 8.276213349848230427e-01
nan 2.241123997988160088e+00
nan nan
nan nan
1.983160234218060092e+00 6.238698902740670293e-01
1.846253233160830121e+00 3.807210643505310466e-01
2.046354136528610201e+00 6.857511664510020921e-01
2.095066941256070070e+00 4.163990041289949984e-01
2.331690615340320072e+00 4.711114598852410018e-01
2.343707545206319853e+00 4.694277569907899794e-01
3.105859023864350199e+00 1.179271233349480141e+00
nan nan
2.788437505844669762e+00 1.225461902923840052e+00
1.739732401925989880e+00 1.645387214872129800e+00
2.792352143063370207e+00 1.906812997872030069e+00
1.454272699072279851e+00 3.293871357551380052e-01
7.111707603053659676e-01 1.617742946846799923e-01
1.485382041882429949e+00 4.056508950231689781e-01
nan nan
1.471656744240280146e+00 2.284444064117280015e-01
1.333528483843170021e+00 2.108414424911650153e-01
nan nan
1.774369861060500098e+00 7.362151993408889705e-01
nan nan
nan nan
2.334020425798509546e+00 2.106888684927939737e-01
1.654891400516689925e+00 2.729090662785980115e-01
nan nan
2.124770680237559883e+00 1.796798003338599958e-01
2.954411135239990216e+00 6.666134010261199894e-01
nan nan
1.913670313452500160e+00 5.063673518223460457e-01
3.047726262995930302e+00 3.419172871448829532e-01
3.480816679995089591e-01 8.401241830798530374e-01
1.361168638104459871e+00 7.196037693340929797e-01
2.059369098539709952e+00 5.435587366041428892e-01
1.433686538716479886e+00 2.327598015766079997e-01
1.690084924013429912e+00 1.263375125003399768e+00
1.325963443496229965e+00 2.381212170307439868e-01
nan nan
1.429073527897010143e+00 9.600601502319079661e-02
2.631378526477160307e+00 2.669504281520860278e-01
9.209744503862149489e-01 2.006055930188399838e-01
9.023195201257191433e-01 2.342439793307490026e-01
1.658243956175610156e+00 1.604108669536599974e-01
6.040717702568120240e-01 2.906117697111330056e-01
1.337846423139070096e+00 1.022839214796509993e-01
1.160080976953240084e+00 2.836604576546779555e-01
1.145312299483229879e+00 3.155449988828060159e-01
1.309982082553080129e+00 1.047017566682559991e-01
1.282467532467530091e+00 2.264926468158060258e-01
1.645484267912959986e+00 2.268002871233079920e-01
2.444776099679089931e+00 1.980777078942900227e-01
2.290363016766499893e+00 2.997083208092570228e-01
2.873466708172649930e+00 2.730675448320639687e-01
2.762624598923190344e+00 2.592702898009729973e-01
2.679828032998919696e+00 1.967533822172209845e+00
8.713448985965950300e+00 4.443165894077870104e-01
7.799518235979009617e+00 4.933784802664240576e-01
9.753433208489390438e+00 5.628529442098479940e-01
5.431584723960280137e+00 3.048837508869119972e-01
nan nan
4.468409630556609891e+00 5.789826811122089634e-01
5.543216523833030429e+00 6.574631051077040045e-01
7.937077981812249661e+00 2.916660873016510003e-01
nan nan
6.954132347845089157e+00 1.742269591255959815e+00
9.797628086500418831e+00 1.100172353454270002e+00
nan nan
1.514489024617449964e+01 3.248379068010339710e-01
3.285540453803549976e+00 1.971991362834489836e+00
6.289113395295360398e+00 1.977930864193689908e+00
1.512430838406399936e+01 2.744412882264740450e+00
nan nan
4.644389002797769450e+00 1.271513312740290003e+00
5.368310354768428994e+00 4.469746044162390408e-01
6.496078283350460225e+00 2.079211331706030119e+00
7.479548811683169873e+00 1.849061279757340026e+00
1.504173280761940035e+01 2.640647783682189775e+00
7.505415826718239813e+00 7.678858469819448418e-01
7.932870886067370009e+00 1.239514613244999897e+00
nan nan
1.729288434877000213e+01 5.179553626852400061e-01
1.741326134678769932e+01 1.953299679533840205e+00
nan nan
2.028157774903399968e+01 5.160678118953749838e-01
1.606781955024739972e+01 2.282697848006189911e+00
2.430938825306449758e+01 2.268989816854200203e+00
6.793220203633099530e+00 8.233882800526359791e-01
nan nan
1.178765684982110074e+01 1.185185353145180009e+01
5.978494755736700306e+00 2.252224202662569952e-01
1.279222267998490103e+01 1.372291592495990198e+00
1.178119875828550178e+01 3.001472750142069934e+00
nan nan
7.788471348939870254e+00 2.521762833343000221e+00
2.158872451759480171e+01 6.170129465042749395e+00
1.034005246710299986e+01 2.266048418573189949e+00
1.488963653037199997e+01 1.291361374507010051e+00
1.452917848175800053e+01 2.342129735884570074e+00
1.510883358124030096e+01 2.435974011310169995e+00
1.439561647810680078e+01 7.690757454237370228e-01
nan nan
1.511466105505519941e+01 3.048896848631560186e+00
1.666918717379269665e+01 1.232822273316830142e+00
1.113013565120840020e+01 1.483778730194230011e+00
9.743380049019741307e+00 2.506350478499519974e-01
6.731709782094729810e+00 5.897944867910589473e-01
5.980272807441110672e+00 1.997657281665539686e-01
6.873008626274829780e+00 3.283178216569080377e-01
5.295646527929699587e+00 2.556404744347829938e-01
6.504659783406169460e+00 3.451241469116689831e-01
7.945806437585639870e+00 2.249543070274339918e-01
6.528962019842299291e+00 1.812942562095389842e-01
5.713499823774789377e+00 1.732986915225139812e+00
6.953095253789370211e+00 2.025640526252300289e-01
8.539571677686149442e+00 1.491551565037390337e-01
1.407965506642990050e+01 7.393063555126229147e-01
nan nan
2.927995639775389591e+01 2.147640245737649778e+00
6.599917269005799447e+00 7.219390080663709242e+00
3.963963014280350450e+01 3.530913569608529645e+00
3.737613795151639806e+01 3.016943906480569648e+00
3.529314666752529916e+01 6.521987642783769523e+00
nan nan
1.949065884886960376e+01 3.314842311715189727e+00
2.446598179167460074e+01 1.111437467669279977e+00
2.428496847612720089e+01 4.201704560904520491e+00
3.830952038648399594e+01 6.853534783920309792e+00
2.715279378777379904e+01 5.529340351965780442e+00
nan nan
2.224825113732699933e+01 3.554004257964559876e+00
nan nan
2.456896088388770139e+01 9.138266001232560498e+00
nan nan
4.105179072295599951e+01 6.367382369908070494e+00
nan nan
5.123231261938560266e+01 1.253784012326619823e+01
nan nan
nan nan
nan nan
3.068273383248979869e+01 8.911783063142960870e+00
nan nan
nan nan
nan nan
nan nan
nan nan
nan nan
nan 8.104125615851890174e+00
5.198650244979539536e+01 1.892654606394339822e+01
3.816518005580210371e+01 6.215481648387329194e+00
2.446140462836619989e+01 2.784516916437799861e+00
2.526774925736130228e+01 3.351002419696309964e+00
nan nan
1.902779411750769967e+01 1.913931195444520172e+00
2.610262815267339676e+01 1.239593926268010016e+00
1.434912025520899981e+01 2.661719488991069582e+00
1.440796210574220027e+01 2.319980691393900063e+00
1.546310486918380001e+01 7.222848122834780726e-01
1.233874616967069926e+01 1.178236122968979949e+00
1.657463944883240003e+01 1.469471122808510000e+00
nan nan
1.398849067070410079e+01 8.146454651885469689e-01
1.470114296455590086e+01 1.260250361601570113e+00
1.009706630398869898e+01 2.654831113135379894e+00
1.000127130708250078e+01 1.456190079741620069e+00
1.325292135478239963e+01 3.857786244092810124e-01
1.035966443248939939e+01 9.890337793309520453e-01
1.290808076981430119e+01 1.532174756138639848e+00
1.165649016356280043e+01 3.946116559641179578e-01
9.656000857031759921e+00 1.518430798959059969e+00
nan nan
nan nan
8.623507250604310670e+00 6.518886156400189869e-01
7.727741807626959947e+00 2.706664989885980144e-01
nan nan
1.158515067593959991e+01 2.211407002689740053e-01
7.636422912417780040e+00 1.707298072031260050e+00
5.811982297337820569e+00 7.332000395927450453e-01
6.238586642341730659e+00 2.763064676268160436e-01
4.732127119878000165e+00 2.588286484033179846e-01
4.913407551711159726e+00 1.289138987791770052e+00
5.677180734496040770e+00 4.976928640136760729e-01
1.612823777492049970e+00 4.995773689485079605e-01
6.651551883326439985e+00 6.101722104233610056e-01
5.561028419300539483e+00 1.606707811144019726e-01
3.551957075589749824e+00 4.074878511834199579e-01
4.927988075423129999e+00 7.185991793980820441e-01
2.978039845284170095e+00 2.363339095833749959e-01
nan nan
2.445560357380189842e+00 3.998792948476040388e-01
2.438429651304559798e+00 5.742160922481489571e-01
nan nan
3.548097846951430601e+00 5.596861447754660768e-01
5.169622890435189966e+00 1.708757072376019925e+00
9.340597259091898419e-01 3.076798365758009357e+00
3.440566557891160393e+00 6.428767004126980655e-01
2.905005123236879871e+00 5.877853455336459199e-01
2.393849104959870022e+00 4.125631668588830014e-01
2.608405490546509498e+00 6.121934575123770816e-01
nan nan
2.122050281267179983e+00 7.546346590213058869e-01
2.087586425428689996e+00 3.018788774663669905e-01
2.416142752887540102e+00 8.457779010957209298e-01
