nan nan
2.716872577788240317e+00 2.607693297684789968e+00
nan nan
2.608574791565810180e+00 2.950535682452470332e-01
nan nan
nan nan
2.666124195154129684e+00 5.146877451040680063e-01
1.648784607480610065e+00 6.053064318855970738e-01
7.902052540630569721e-01 1.203601627084309955e+00
2.505301329791509990e-01 6.155913437288449419e-01
4.126001400666780228e+00 3.603262937644959862e-01
3.326273487563810249e+00 4.209689307889810106e-01
nan nan
1.250296725349610227e+00 5.716255291275850192e-01
1.488113011526100093e+00 5.337154208808579936e-01
nan nan
1.672398778513500162e+00 3.301521424695180174e-01
5.375707489082020007e-01 7.300495272336340324e-01
nan nan
nan nan
1.790810331099859987e+00 7.030698699474020597e-01
2.272312901792009843e+00 3.167030616089050454e-01
4.287802926835869721e-01 4.020574590894369638e-01
2.046368848324389589e+00 3.262023720983469599e-01
2.302542571738029675e+00 3.554883568336690280e-01
2.081675062555540023e+00 4.357340684727449842e-01
8.527743650688749399e-01 9.260740334830330767e-01
nan nan
1.427202936301919856e+00 1.209848927900370130e+00
1.463594919828510088e+00 1.086457479991910002e+00
3.541646543674910053e-01 2.251991148928170094e+00
1.896099403200219857e+00 5.863843269655300006e-01
2.749627119737879433e+00 3.853531576461740049e-01
7.190874255620269828e-01 2.924006953803269804e-01
nan nan
1.187510116527270121e+00 3.385545856340089199e-01
1.270113178482649818e+00 2.929225487403049888e-01
nan nan
1.852171536259409779e+00 9.273271170910559746e-01
nan nan
nan nan
3.015010316485480235e+00 2.013840447678409973e-01
3.429019300480059762e+00 2.159625869158290079e-01
nan nan
4.534591843752150631e+00 2.036572088015760063e-01
3.183804316799509593e+00 1.284754309965719932e+00
nan nan
9.916576013629921249e+00 1.006921041873749978e+00
1.494398655700289957e+01 1.062986668728509887e+00
1.354824558976230087e+01 1.399586682289279960e+00
1.673452521778919788e+01 1.177644545677990040e+00
8.073597047547659500e+00 1.944665075493819950e-01
9.984543067418840678e+00 2.629101202025269646e-01
1.902031007159789766e+01 1.328409862963290111e+00
1.803150119331450085e+01 1.772990124969580084e+00
nan nan
nan 7.975614316068220244e-01
nan 1.791274224087800182e-01
nan 2.542566097627080302e-01
nan 2.652586751231639783e-01
nan 1.704877978534710126e+00
nan 8.339003718548969601e+00
nan nan
nan nan
nan nan
nan 3.313126920462299729e+00
nan 1.516569743181350294e+00
nan 2.306159058917500282e+00
nan nan
nan 2.799124252351020026e+00
nan 1.336419830846619972e+00
nan 2.875195543917779872e+00
nan 2.793252599375009471e+00
2.824256834419929874e+01 2.221870579619039887e+01
2.854433126575760227e+01 7.015227571859529831e+00
2.757018923073889738e+01 1.191287123979809959e+00
1.942077034930580126e+01 1.747574264199019956e+00
nan nan
1.954548320452079935e+01 1.154857867945779937e+00
1.697833243142530080e+01 1.298399315641350249e+00
1.821188223195980171e+01 8.953844774575020482e-01
nan nan
1.500751062898349986e+01 1.342951383241170138e+00
2.223263115911680288e+01 2.098795932613669812e+00
nan nan
2.561194306314400038e+01 6.236120978139950033e+00
2.772278148034539669e+01 1.925667860098019801e+01
1.359231888037269798e+01 6.723042789333339542e+00
8.993238200725359732e+00 4.954099045317359895e+00
nan nan
1.663992393177630191e+01 1.318078357060229910e+00
1.512477227413169878e+01 1.098749045555200032e+00
2.728622977693560259e+01 1.649153934985529979e+00
2.660225048923680191e+01 9.294273642728210660e+00
9.798391248049529878e+00 1.232812617331500071e+01
1.939797302423630043e+01 2.721339030379049895e+00
2.104668429677749941e+01 2.514826963617330158e+00
nan nan
2.547147250693789999e+01 8.568547653825449473e+00
1.604989621002930278e+01 2.621013551319999912e+00
nan nan
6.305116918692449701e+01 4.063846018626440326e+01
nan 2.381804411474070093e+01
nan nan
1.522094951646280059e+01 8.049351541286720035e-01
nan nan
nan nan
2.148939935429289960e+01 2.419884040581810059e+00
nan 1.029867178525450022e+01
2.212295083630839798e+01 3.370360903172169742e+01
nan nan
1.794440415868769776e+02 3.340762109707539906e+01
nan nan
1.259220573260479910e+02 1.080645672500429981e+02
3.213797611918030128e+01 1.396031126946530065e+01
nan nan
5.593972760573630687e+00 1.349779010171480209e+01
1.058769054900240114e+01 4.940099769704799471e+00
nan nan
6.660385776919019563e+00 5.173762617394640273e+00
2.118335018561230143e+01 2.164543250479749936e+00
1.208420727216999957e+01 2.422054917567189936e+00
1.464131550541100069e+01 3.299370921680660484e-01
7.913034189342650571e+00 6.412546387599880049e-01
5.591451489398299834e+00 3.296557119534410663e-01
4.804203254664809464e+00 2.226122070404549791e-01
3.670612699057790085e+00 3.413078614814580303e-01
2.651301795367899672e+00 1.438173668694349983e-01
3.370120020939410210e+00 2.546624434029989836e-01
2.250376026842529686e+00 3.823621971662720109e-01
4.065215992200259976e+00 1.943377052348580047e+00
2.012044789728769878e+00 3.940182656384690341e-01
2.736717097532220588e+00 3.561498328958710435e-01
5.682960930099780761e+00 5.834851200119289816e-01
nan nan
1.171346739695069950e+01 5.074750392641829144e-01
2.464078903937639708e+01 1.267626166217679984e+00
2.428016642065499653e+01 5.002961099486810115e-01
2.368498492845989745e+01 1.621418458934659856e+00
2.863879175223939910e+01 7.282104291194790857e-01
nan nan
1.676239214284680301e+01 1.550586730475929986e+00
1.389869270373059962e+01 5.614734577825299944e-01
1.011110274610240012e+01 6.329949388800040211e-01
1.663015723228980036e+01 2.092663955278740051e+00
9.312749277198991038e+00 9.641514847262799837e-01
nan nan
4.091137121502749885e+00 2.058704371171879988e+00
nan nan
6.723585573742469457e+00 5.104223545903250336e-01
nan nan
4.690442851952540515e+00 4.074954354457539507e-01
nan nan
5.773111491382319826e+00 6.175765173524010443e-01
nan nan
nan nan
1.805516812173959984e+00 2.209683508850149636e+00
3.467882848480639879e+00 4.841739856353780014e-01
2.579431557875970338e+00 4.717649773414729353e-01
2.067157929436389985e+00 1.122135090447919925e+00
nan nan
1.398922888674959841e+00 8.156226533515369415e-01
2.427446299127530072e+00 5.340448698749650225e-01
nan nan
3.899645602845350112e+00 8.365153224813699495e-01
3.820929501052949817e+00 7.241594366061160359e-01
4.213946574884189999e+00 2.931757272636610345e-01
3.813597276673879488e+00 7.401826603557370987e-01
1.725053811063189890e+00 3.476189600091239562e-01
nan nan
1.093087164089109997e+00 1.943983000389399862e+00
1.093751410544959946e+00 2.479125215486910061e-01
7.330249157559118878e-01 2.108655745622800115e+00
1.958480219349780116e+00 9.500711705548899877e-01
4.494571118115739394e-01 3.055361870252819578e-01
nan 7.164726192255200798e-01
9.690277073194519808e-01 3.511759045657150691e-01
nan nan
3.137822490069590020e-01 8.242257095314000637e-01
4.757573970305329358e-01 6.162461139496059337e-01
2.849964783874639807e+00 2.190630450061379797e+00
7.226386598429359598e-01 1.348273803076299959e+00
4.226669928379870877e-01 3.435550682768739872e-01
2.331128908137610201e-01 4.446091736146470241e-01
3.250993193064569686e-01 2.707402869487000041e-01
6.269111311862399782e-01 7.703396143032199550e-01
3.869452020424160588e-01 7.181434980594200157e-01
nan nan
nan nan
nan 7.626128481632320488e-01
2.895108254019420069e-01 3.179083017412839829e-01
nan nan
8.556702414667858303e-01 2.388117420462339824e-01
6.377155934216920397e-01 1.070933681198730003e+00
1.846237562189050052e-01 3.599394797977110150e-01
nan 3.916339065541570852e-01
1.535752553138550192e-01 4.390812712003289708e-01
9.655122860636459192e-01 6.877419602614019967e-01
1.006625256504739996e+00 3.080046587519110202e-01
1.595021304678669871e+00 2.776202382956480252e-01
1.083611692792430109e-01 1.752833183494039992e-01
5.765805939100610011e-01 1.141287045375449921e-01
nan 3.151541840820499818e-01
nan 6.048507770193820576e-01
9.545790817631070180e-01 3.688217386081799609e-01
nan nan
4.537326180372059925e-01 3.473906498020529754e-01
2.368695384137339821e-01 9.109376864282080488e-01
nan nan
1.058967052265709974e+00 3.221875783081210587e-01
2.943047860562119644e-01 1.939590224441720023e+00
nan 3.162161505667480110e+00
6.321501597904339853e-01 9.505204768086250589e-01
1.773947015849089981e-01 5.571543898670470174e-01
1.328579357533040128e-01 3.964906362070109713e-01
2.733449935176819889e-01 6.813864374060000229e-01
nan nan
4.526128194624660095e-01 1.134089848733730088e+00
1.243000808681709868e-01 3.344433140230830270e-01
8.410214413731900152e-01 8.889264517900730134e-01
