nan nan
4.243784274492360176e+00 3.673097074800770301e+00
nan nan
3.664853320512589718e+00 4.928273129340390302e-01
nan nan
nan nan
3.167614703022020084e+00 2.253687314361519645e-01
2.698978427464139962e+00 1.425398668799400026e+00
2.797286689587109798e+00 6.980725815684959423e-01
1.029928289503099892e+00 1.076749700886729944e+00
2.791185539885960409e+00 9.467373513395720419e-01
4.580421836685780512e+00 5.234726638128239795e-01
nan nan
4.188705794154840234e+00 6.378886934154489596e-01
4.182899756335990205e+00 3.400176889251740331e-01
nan nan
3.076433216605039878e+00 2.888417761679530349e-01
2.308975757041930255e+00 1.245001483922669960e+00
nan nan
nan nan
4.552437956583809786e+00 8.140425505880340973e-01
4.384215462732290014e+00 4.399247637109470199e-01
3.022671129435639870e+00 4.899914235137560192e-01
4.747843904380379954e+00 4.724538500055809886e-01
5.244951393919480509e+00 6.804061877524388846e-01
4.314203179591539872e+00 6.148890906607579199e-01
2.672928119152169657e+00 3.508642761028640145e+00
nan nan
6.469638639710299621e+00 1.558333880693830054e+00
3.931967076244459847e+00 2.068848941995399926e+00
4.063023276767820491e+00 2.651003137038370205e+00
3.537563175461159837e+00 7.714311985462520838e-01
2.778390011271859805e+00 2.345972900972999875e-01
2.180613171700379826e+00 3.387317412798310223e-01
nan nan
2.771533016721859699e+00 1.463941429924940085e-01
2.489302376551620011e+00 1.997100240407869987e-01
nan nan
4.108648899155999956e+00 8.445526966922950463e-01
nan nan
nan nan
7.000926187855610827e+00 1.331438305603789840e-01
5.400124622332009849e+00 5.027549014700920527e-01
nan nan
6.189954587982930079e+00 7.550673331155399737e-01
nan 9.515735063017700668e-01
nan nan
6.070487242035360609e+00 8.913752336497570150e-01
5.798073553618119824e+00 5.470248670537489755e-01
4.568465898526929969e+00 1.181606874895029913e+00
6.628058822227440139e+00 3.178290453145639627e-01
4.957009459706360310e+00 4.835432697526760304e-01
3.851327881492640159e+00 1.784727299616400142e-01
5.833461512532490900e+00 5.233528956220590000e-01
4.552035802035799605e+00 2.508514009649839838e-01
nan nan
3.343735078554479934e+00 1.615003871701380100e-01
1.122943180602879787e+00 1.853202898733389836e-01
2.762871681504329935e+00 1.364622558253280049e-01
2.605678946237720339e+00 2.328234307591310059e-01
1.596424010217110112e+00 1.118926822379590069e-01
3.109837129523750132e+00 2.123808791975950183e-01
4.694514942319980122e+00 4.681189511921539648e-01
4.152205877975750248e+00 2.689601667609260449e-01
5.290179322450430099e+00 7.660167669188119310e-01
6.549166988334920170e+00 3.158402640147449647e-01
6.350126763487749848e+00 2.680422336417759843e-01
1.208831451390169853e+01 4.967013952265840193e-01
1.299861222818209860e+01 6.421272418772100421e-01
1.642211389445840197e+01 8.683073931415219437e-01
1.860672594822539949e+01 3.638578411830289405e-01
1.788104462711489973e+01 5.068635870025990364e-01
2.308233241163170035e+01 2.741498026467759530e+00
nan nan
3.969967972689510560e+01 3.843710064385769787e+00
4.045474418535690120e+01 4.173882121276889734e+00
2.088771754187039775e+01 1.836484919574239871e+00
nan nan
3.929259837171720449e+01 1.821430081893320008e+00
2.246071696497969938e+01 7.641733288807180280e+00
2.556746495760610216e+01 1.393294740787650099e+01
nan nan
nan 8.368147353693569102e+00
nan nan
nan nan
nan nan
nan nan
nan nan
nan nan
nan nan
2.194742349461220101e+02 3.448092588510930057e+01
nan nan
nan nan
2.034624104623910057e+02 7.491246191883990946e+01
nan nan
nan 1.756025610064539944e+00
nan 5.688699517729749466e+00
nan nan
nan nan
nan nan
nan nan
nan nan
nan 7.193458370766879106e+00
nan nan
3.497724048785730133e+01 6.156015633118929742e+00
nan nan
5.609876877149749674e+01 1.919044351883660227e+01
4.912062118416339729e+01 3.294411466711430148e+00
nan 1.345676819404989999e+01
nan nan
nan nan
nan 4.918929688372029929e+00
nan 1.670918786980830362e+01
3.912887509149110343e+01 3.744934884863460045e+00
6.963140115658940488e+01 2.149501777876159991e+01
3.470705305567690147e+01 3.684814839265559971e+00
1.790632029507180079e+01 2.499366023511000279e+01
3.108544119642460402e+01 5.334006422775110501e+00
nan nan
2.235571648014040136e+01 2.210757815906279511e+00
2.090118648467430162e+01 3.710149883678369953e+00
2.552526904024010079e+01 1.280398490033780146e+00
1.479194803524340074e+01 4.388265723832789900e-01
9.432857251653759434e+00 6.663329670134828797e-01
6.547393406673710281e+00 5.429579457290329980e-01
7.937670468339510066e+00 1.986765196097790009e-01
6.114827553828650508e+00 3.564301035716470056e-01
5.787201386403929781e+00 8.564229562398080475e-02
7.310679569857129856e+00 4.378893787637060386e-01
5.851907666084910531e+00 2.007116198781120076e-01
6.504976730822741082e+00 2.182115321336469904e+00
5.704383089546059438e+00 1.353981340810770095e-01
7.321389732584630217e+00 2.530768814297099656e-01
1.466286407557509897e+01 1.198821572256209889e+00
nan nan
2.625660317150430245e+01 2.108806330725029987e+00
4.026589818662760223e+01 6.303755707622800131e+00
4.676699446049980224e+01 9.889368739240530504e-01
3.088585705237120038e+01 9.403556279670658435e-01
6.012440103972029704e+01 1.262561108215069972e+01
nan nan
2.053338615058230232e+01 1.800830598804769878e+01
2.333945973849219868e+01 1.275141109219260160e+00
2.755351243862549637e+01 8.647412135689780399e+00
1.775965201498269863e+01 1.879326733254179871e+00
1.458426963704740054e+01 1.185375242758669900e+00
nan nan
9.964464512181930189e+00 1.070098512571860061e+00
nan nan
1.075553374058979905e+01 1.013332490763860116e+00
nan nan
1.155325690236490033e+01 3.444539718241559911e-01
nan nan
1.138405582196540067e+01 1.216268948588820065e+00
nan nan
nan nan
5.981575029653570574e+00 9.069621474616649248e-01
5.743042265791889811e+00 7.633817545748990963e-01
5.932709620391230843e+00 7.753845574451850853e-01
5.173654036624950159e+00 7.648669987551800498e-01
nan nan
4.580530706043240308e+00 5.581971753631109756e-01
4.219545101084589689e+00 3.546118147841250123e-01
nan nan
8.120535116113430263e+00 9.042457808723409762e-01
8.040935672514619270e+00 2.720626534509399952e-01
9.514070468843039308e+00 5.319644486621060153e-01
4.873934400199160244e+00 1.097152452922199872e+00
5.071994807347670609e+00 5.028395825767411065e-01
nan nan
2.275309795197470120e+00 2.078263686339349992e+00
3.326426911827040200e+00 2.528730450679450015e-01
2.825611605679600125e+00 1.120960682749120085e+00
1.242035344848219980e+00 1.864038107622089990e+00
1.670639603836379994e+00 2.678231638515650159e-01
2.167109946211890126e+00 1.385676441124610081e+00
2.103683573460750189e+00 1.194060871051789929e+00
nan nan
1.538809840503360116e+00 5.716336452394119583e-01
1.988762234663879802e+00 3.682796191108520523e-01
1.108592033677439970e+00 3.029385059938590086e+00
1.286457074842719983e+00 1.170817619541929977e+00
1.886196739137919742e+00 2.681811237797300240e-01
2.181604983000620113e+00 7.171332515557851117e-01
2.136996364908129831e+00 5.401065414448880109e-01
1.323854534863709853e+00 4.444001584424160378e-01
5.286770756058839504e-01 9.913890264168789823e-01
nan nan
nan nan
9.066128340112770134e-01 5.723351229209100444e-01
1.896724793986509949e+00 2.900105221775109432e-01
nan nan
3.044741488275720442e+00 3.446413651095239783e-01
1.880118457991510006e+00 2.338684470880589839e+00
1.817790704289450110e+00 4.362782691461830065e-01
1.490510890835439861e+00 4.103989762084109816e-01
1.756962978096389794e+00 3.065760630878189841e-01
2.074068688227789892e+00 1.482702664207459886e+00
1.813589393248550063e+00 6.643510439286880453e-01
2.449708182607730045e+00 5.416624348936379674e-01
2.396870211691580099e+00 1.805433580028529827e-01
2.177974106007789956e+00 1.688271826417269972e-01
2.257867875225989973e+00 3.413422053761400177e-01
1.504057198188629707e+00 5.980337732867350153e-01
1.164035774154499991e+00 3.639114242833410007e-01
nan nan
1.140316609929870051e+00 3.128502429952420005e-01
8.917346288870608984e-01 9.181279194079050576e-01
nan nan
1.011971834091349942e+00 4.472695825530320635e-01
4.680636717581870165e+00 3.448011430372220243e+00
1.881522269679409831e+00 7.077412228571679620e+00
1.264941286751539939e+00 8.022454148636171123e-01
1.577894064216690095e+00 9.304758058801329001e-01
1.159088907966280058e+00 2.976636056399400432e-01
8.253241011861708332e-01 6.088820201806059984e-01
nan nan
1.162613611605820108e+00 9.225202515434849371e-01
7.825361998236278760e-01 2.904732995598789946e-01
1.185584216766230048e+00 7.547380547102441328e-01
