nan 1.000000000000000000e+00
nan 1.000000000000000000e+00
nan 1.000000000000000000e+00
nan 1.000000000000000000e+00
1.388193759902958568e+01 1.000000000000000000e+00
5.975502396977304898e+00 1.000000000000000000e+00
nan 1.000000000000000000e+00
nan 1.000000000000000000e+00
nan 1.000000000000000000e+00
2.822270584925545833e+00 1.000000000000000000e+00
1.376968869432443654e+01 1.000000000000000000e+00
2.527322561214095487e+00 1.000000000000000000e+00
1.755527388781688103e+01 1.000000000000000000e+00
2.657330137229511280e+00 1.000000000000000000e+00
4.006524861466765230e+00 1.000000000000000000e+00
nan 1.000000000000000000e+00
2.193076167576375468e-01 1.000000000000000000e+00
nan 1.000000000000000000e+00
6.089197514448052573e-01 1.000000000000000000e+00
nan 1.000000000000000000e+00
1.620292558567939523e-01 1.000000000000000000e+00
3.040457279524186873e+00 1.000000000000000000e+00
3.049295786918690965e-01 1.000000000000000000e+00
1.099374329480069079e+00 1.000000000000000000e+00
8.346118455129509783e-01 1.000000000000000000e+00
4.395547080489084379e+00 1.000000000000000000e+00
1.684792104303324933e+00 1.000000000000000000e+00
2.656105119471607878e+00 1.000000000000000000e+00
1.234476130806682725e+00 1.000000000000000000e+00
2.047902843510836846e+00 1.000000000000000000e+00
9.959682009070043307e-01 1.000000000000000000e+00
nan 1.000000000000000000e+00
5.666552526108628030e-01 1.000000000000000000e+00
5.930646324162152538e+00 1.000000000000000000e+00
1.140941078292129873e+00 1.000000000000000000e+00
7.492448236548376883e-02 1.000000000000000000e+00
nan 1.000000000000000000e+00
nan 1.000000000000000000e+00
nan 1.000000000000000000e+00
1.206377383660678149e+00 1.000000000000000000e+00
1.257377748899624059e+00 1.000000000000000000e+00
nan 1.000000000000000000e+00
nan 1.000000000000000000e+00
4.045572565839670176e-01 1.000000000000000000e+00
1.476445612958586118e+00 1.000000000000000000e+00
1.045155765985846585e+00 1.000000000000000000e+00
7.418199315654394610e-01 1.000000000000000000e+00
nan 1.000000000000000000e+00
8.816435380033418312e-01 1.000000000000000000e+00
nan 1.000000000000000000e+00
7.335318469024620924e-01 1.000000000000000000e+00
3.049295786918690965e-01 1.000000000000000000e+00
nan 1.000000000000000000e+00
nan 1.000000000000000000e+00
1.393017787961218446e+00 1.000000000000000000e+00
3.552381263993336091e-01 1.000000000000000000e+00
3.442094521265399720e-01 1.000000000000000000e+00
nan 1.000000000000000000e+00
1.847694539138788450e+00 1.000000000000000000e+00
nan 1.000000000000000000e+00
nan 1.000000000000000000e+00
1.174503103624449096e-01 1.000000000000000000e+00
5.768818710751428824e-01 1.000000000000000000e+00
5.395337929038522162e+00 1.000000000000000000e+00
nan 1.000000000000000000e+00
5.980317578784717369e-01 1.000000000000000000e+00
7.613510520487256628e-01 1.000000000000000000e+00
nan 1.000000000000000000e+00
7.996153592181727277e-01 1.000000000000000000e+00
2.628382910073039369e-01 1.000000000000000000e+00
1.009681931833618762e+00 1.000000000000000000e+00
9.371509112855491708e-02 1.000000000000000000e+00
nan 1.000000000000000000e+00
5.298283152478466818e-01 1.000000000000000000e+00
2.550430030841310369e+00 1.000000000000000000e+00
nan 1.000000000000000000e+00
6.049222523675190644e-02 1.000000000000000000e+00
2.242091118583058318e+00 1.000000000000000000e+00
5.458897758918777043e-01 1.000000000000000000e+00
1.100113734835355572e+00 1.000000000000000000e+00
1.447648915672530734e+00 1.000000000000000000e+00
nan 1.000000000000000000e+00
nan 1.000000000000000000e+00
1.773489412987983016e+00 1.000000000000000000e+00
2.098763753521922126e+00 1.000000000000000000e+00
8.353995777808362888e-01 1.000000000000000000e+00
nan 1.000000000000000000e+00
1.278865376228457862e+00 1.000000000000000000e+00
3.880670913114041554e-01 1.000000000000000000e+00
1.679480431332436297e-01 1.000000000000000000e+00
3.253463580919499165e+00 1.000000000000000000e+00
1.439636060004030327e+00 1.000000000000000000e+00
1.931868173906391206e+00 1.000000000000000000e+00
5.491912301025436705e-01 1.000000000000000000e+00
1.896865688113891224e-01 1.000000000000000000e+00
4.928475499316178343e-01 1.000000000000000000e+00
7.066283273251645625e-01 1.000000000000000000e+00
5.152453496995530458e-01 1.000000000000000000e+00
9.170923240004960064e-01 1.000000000000000000e+00
nan 1.000000000000000000e+00
nan 1.000000000000000000e+00
nan 1.000000000000000000e+00
1.378391330932604575e+00 1.000000000000000000e+00
nan 1.000000000000000000e+00
7.091575519474364597e-01 1.000000000000000000e+00
1.118066444699611139e+00 1.000000000000000000e+00
2.161784226265305975e+00 1.000000000000000000e+00
2.045159903773493326e+00 1.000000000000000000e+00
2.098763753521922126e+00 1.000000000000000000e+00
1.512088232955441036e+00 1.000000000000000000e+00
nan 1.000000000000000000e+00
2.125756888771103803e+00 1.000000000000000000e+00
nan 1.000000000000000000e+00
2.523182221890972521e+00 1.000000000000000000e+00
2.284097511065033004e+00 1.000000000000000000e+00
5.709862313300899217e+00 1.000000000000000000e+00
4.279715258588364435e+00 1.000000000000000000e+00
3.101674494682396421e+00 1.000000000000000000e+00
1.264192391760397882e+00 1.000000000000000000e+00
nan 1.000000000000000000e+00
3.456880072702201545e+00 1.000000000000000000e+00
2.575692884590393916e+00 1.000000000000000000e+00
5.640454755196227410e+00 1.000000000000000000e+00
5.425828176759724286e+00 1.000000000000000000e+00
6.727076706494525382e+00 1.000000000000000000e+00
9.037340878849144943e+00 1.000000000000000000e+00
1.052376506375362553e+01 1.000000000000000000e+00
8.346094180053043488e+00 1.000000000000000000e+00
nan 1.000000000000000000e+00
2.006144536428885061e+01 1.000000000000000000e+00
6.333326278012563648e+00 1.000000000000000000e+00
2.023773600300337350e+01 1.000000000000000000e+00
2.204137041060667812e+01 1.000000000000000000e+00
8.346094180053043488e+00 1.000000000000000000e+00
nan 1.000000000000000000e+00
nan 1.000000000000000000e+00
2.490211114815364724e+00 1.000000000000000000e+00
nan 1.000000000000000000e+00
6.876769191178938456e+01 1.000000000000000000e+00
3.246246808733411982e+00 1.000000000000000000e+00
nan 1.000000000000000000e+00
3.665512762833216698e+00 1.000000000000000000e+00
nan nan
2.012565174003990975e+01 1.000000000000000000e+00
4.017426879880410695e+00 1.000000000000000000e+00
5.395337929038522162e+00 1.000000000000000000e+00
1.338378118168466990e+01 1.000000000000000000e+00
nan 1.000000000000000000e+00
1.755527388781688103e+01 1.000000000000000000e+00
1.323123650954427966e+01 1.000000000000000000e+00
1.223452920908683872e+01 1.000000000000000000e+00
9.454141046701350248e+00 1.000000000000000000e+00
2.011259001249802836e+00 1.000000000000000000e+00
nan 1.000000000000000000e+00
7.595582585156227751e+00 1.000000000000000000e+00
4.073268404478596949e+00 1.000000000000000000e+00
nan 1.000000000000000000e+00
5.085552498887853545e+00 1.000000000000000000e+00
2.284097511065033004e+00 1.000000000000000000e+00
3.434438546222637001e+00 1.000000000000000000e+00
1.459020475242361670e+00 1.000000000000000000e+00
2.187010865707224028e+00 1.000000000000000000e+00
8.816435380033418312e-01 1.000000000000000000e+00
5.169789176319957491e+00 1.000000000000000000e+00
2.673383581281219001e+00 1.000000000000000000e+00
2.742743165371901881e+00 1.000000000000000000e+00
nan 1.000000000000000000e+00
nan 1.000000000000000000e+00
1.146898835960697305e+00 1.000000000000000000e+00
3.609899420092371969e+00 1.000000000000000000e+00
1.100113734835355572e+00 1.000000000000000000e+00
1.001342275478797283e+00 1.000000000000000000e+00
nan 1.000000000000000000e+00
nan 1.000000000000000000e+00
4.096405734754185346e+00 1.000000000000000000e+00
3.230544143901118659e+00 1.000000000000000000e+00
3.892918151186753661e+00 1.000000000000000000e+00
1.208256891669748256e+00 1.000000000000000000e+00
2.260171829387303433e+00 1.000000000000000000e+00
1.725300529845158692e+00 1.000000000000000000e+00
nan 1.000000000000000000e+00
2.246606045786741390e+00 1.000000000000000000e+00
5.061254314093524442e+00 1.000000000000000000e+00
2.956340478734365007e-01 1.000000000000000000e+00
nan 1.000000000000000000e+00
2.759496783975947665e-01 1.000000000000000000e+00
nan 1.000000000000000000e+00
2.111415154893416357e+00 1.000000000000000000e+00
2.490211114815364724e+00 1.000000000000000000e+00
2.094855036031511020e-01 1.000000000000000000e+00
1.407169358113849356e+00 1.000000000000000000e+00
3.376756619384229552e+00 1.000000000000000000e+00
nan 1.000000000000000000e+00
2.246606045786741390e+00 1.000000000000000000e+00
3.628456300932150214e+00 1.000000000000000000e+00
2.565055762081784430e+00 1.000000000000000000e+00
nan 1.000000000000000000e+00
1.773489412987983016e+00 1.000000000000000000e+00
7.132617983939422146e-01 1.000000000000000000e+00
nan 1.000000000000000000e+00
nan 1.000000000000000000e+00
nan 1.000000000000000000e+00
1.455027870202956208e+00 1.000000000000000000e+00
2.424794674129922001e-01 1.000000000000000000e+00
nan 1.000000000000000000e+00
5.025058553709627063e-01 1.000000000000000000e+00
nan 1.000000000000000000e+00
nan 1.000000000000000000e+00
nan 1.000000000000000000e+00
8.931958889170559246e-01 1.000000000000000000e+00
nan 1.000000000000000000e+00
nan 1.000000000000000000e+00
5.938294227556077942e-01 1.000000000000000000e+00
1.999752473635185268e+00 1.000000000000000000e+00
nan 1.000000000000000000e+00
2.111415154893416357e+00 1.000000000000000000e+00
4.159201678387241863e+00 1.000000000000000000e+00
1.790046748328302684e+00 1.000000000000000000e+00
3.211934793944930533e-01 1.000000000000000000e+00
1.166978821495463059e+00 1.000000000000000000e+00
nan 1.000000000000000000e+00
nan 1.000000000000000000e+00
6.510684329537674842e-01 1.000000000000000000e+00
1.831763158808090708e-01 1.000000000000000000e+00
3.361613438283752586e-01 1.000000000000000000e+00
4.641232711408171951e-02 1.000000000000000000e+00
nan 1.000000000000000000e+00
