nan 1.000000000000000000e+00
nan 1.000000000000000000e+00
nan 1.000000000000000000e+00
nan 1.000000000000000000e+00
nan nan
nan nan
nan nan
nan 1.000000000000000000e+00
2.771833342056311267e+00 2.990205661528481662e-01
nan nan
nan nan
nan nan
1.977610381772571202e+00 7.598979780161654318e-01
nan 1.061859276474277358e+00
nan nan
5.957076014677635811e-01 6.163692869340459124e-01
nan nan
7.139969166403478340e+00 8.389392822910359815e-01
3.601286879354145043e+00 1.346733944665752691e+00
5.361276938670602732e-01 7.477150397963439055e-01
7.999384107569463609e+00 7.938756843430464505e-01
1.731422415085351219e+00 1.634468185002306173e+00
3.561376767206034799e-01 5.724594232742282740e-01
9.278526902151398303e-01 6.045272068890584771e-01
nan nan
8.746355685131188551e-01 1.080000481627789721e+00
nan 7.444221270001555313e-01
nan nan
4.332226983821372279e+00 7.774208242955764625e-01
4.010160673885298621e+00 1.250055521502908551e+00
nan 1.563125266951503667e+00
nan 1.016127397535170562e+00
2.227047207616264402e+00 3.432153473126036136e-01
8.220226182685053118e-01 1.166626114337604436e+00
1.466501623094167428e+00 6.853962667995248115e-01
nan nan
nan 1.000000000000000000e+00
1.598997872868389791e+00 2.830498021676206566e-01
2.003616386477846234e+00 9.577100575165639618e-02
4.001933009151589005e+00 9.500803475253832842e-01
nan 2.975991841422365725e-01
nan 1.000000000000000000e+00
2.097155307130034174e-01 1.362231637486247537e+00
1.734064936312128324e+00 1.184302124012388768e+00
nan nan
nan 2.540224811928108450e-01
1.341815366205609372e+00 9.451598802693329526e-01
nan 1.000000000000000000e+00
6.795734657142382673e-02 1.652262294852494318e+00
2.154147702760258909e+00 2.670371598974665139e-01
2.424076675409917669e+00 1.602298881615747073e+00
nan 1.047625334001217601e+00
nan 1.263285133281077943e+00
nan nan
1.353249750416319230e+00 1.040920399702789156e+00
2.142505573409769326e+00 9.445587406903983574e-01
nan 7.371561364006858907e-01
nan 1.000000000000000000e+00
7.526697419311556558e-01 2.848462689279703808e-01
nan 1.568229515129150597e-01
3.281512506557247910e+00 4.272421393756639652e-01
nan nan
2.790409710625798567e-01 1.271049269246029567e+00
nan 9.887464548299472744e-01
1.110322497439851119e+00 6.048867165715434702e-01
4.609160409874863973e-01 9.114496387554298362e-01
nan 2.118743379056672593e-01
2.345820409323346567e+00 6.622822893326251181e-01
nan 8.886744974245052164e-01
7.963738785257525876e-01 6.285268046464826952e-01
nan nan
5.938180954446394821e-01 6.043501566420566018e-01
6.962012702065031533e+00 5.529238183071749635e-01
3.651763022476590237e+00 5.636446201231892772e-01
1.861299015674654278e+00 7.932522782775209835e-01
2.227418504357004281e+00 5.441800831647650716e-01
3.400397712491787239e+00 9.229364172438198066e-01
6.677641494122283916e-01 1.446126444311939818e-01
nan 1.871853820964047843e+00
3.421660870197779758e+00 2.245240638589197923e-01
4.808479552175171534e+00 1.154036956178769779e+00
5.497321862085510880e+00 8.737517530297044255e-01
nan 1.000000000000000000e+00
5.058492851956785330e+00 4.150206814621485996e-01
6.662225183211192281e+00 6.046313021360661955e-01
nan nan
nan 1.000000000000000000e+00
nan nan
2.057217996416865979e+00 5.883738528307085325e-01
nan nan
nan 1.000000000000000000e+00
nan nan
nan nan
3.958677536189064483e+01 1.662915659720883621e+00
nan nan
nan nan
nan nan
nan nan
3.174361238529943563e+00 7.344571884118327176e-01
nan 1.000000000000000000e+00
nan 1.000000000000000000e+00
nan nan
7.855305877052541241e+00 1.942103796332497856e+00
nan 1.000000000000000000e+00
5.741136050258946355e+00 1.237877133822820275e+00
3.419076682278777923e+00 1.323966673418272011e+00
2.012503867254386236e+00 6.916943763843029780e-01
4.826968358820613147e+00 1.131092518569444039e+00
6.662225183211192281e+00 6.629491599439809590e-01
7.065889418830595403e-01 6.803051399589581383e-01
nan 1.000000000000000000e+00
nan 7.895189879699232582e-01
nan 1.000000000000000000e+00
1.440551525441167158e+00 1.672858885819565433e+00
1.319668197710290869e+00 4.565132848664726350e-01
nan nan
nan 7.239048953218450988e-01
4.332973704044023933e+00 3.292900197689391240e-01
8.676962511229451280e-01 1.662025634025811049e+00
nan 1.000000000000000000e+00
2.622582328314440048e+00 4.300627061445757571e-01
6.281835546661814540e+00 4.504646146550884689e-01
2.232368573049441807e+00 5.908123683448947006e-01
4.073400963570019684e+00 1.009120737654250588e+00
7.564975821361157315e-01 1.167456703553201164e-01
1.961022296823514033e+00 1.003328354475484741e+00
1.222921034241789329e+00 9.669411724615462056e-01
2.368205154229361398e-01 6.037700790939710682e-01
nan 1.000000000000000000e+00
9.355324997783087682e-01 2.003212491157811415e-01
2.964785246125440921e-01 2.374211626242652140e-01
1.115269883055986178e+00 4.531954649596312001e-01
1.133395858109581766e+00 8.445258682579240839e-01
2.368205154229361398e-01 4.240769656015891398e-01
nan 1.000000000000000000e+00
1.063238951070992755e-01 4.630014322426843631e-01
nan 5.913143919455582376e-01
nan 1.681844713344012865e+00
nan 1.545451323822602419e+00
nan 3.396186023191131997e-02
nan 1.000000000000000000e+00
nan 3.881362740286479762e-01
2.616559551260024818e-01 1.303434982826027211e+00
2.653024644654601971e+00 1.768619961291006959e+00
1.706225672954271744e+00 1.235286369587160316e+00
nan 1.461297443994833190e+00
nan 3.779040947294945441e-01
nan 1.000000000000000000e+00
1.977610381772571202e+00 6.179815322784210085e-01
5.517957910779447417e-01 7.891483389195856901e-01
6.989466388742322067e+00 3.856867523978016465e-01
nan nan
4.187654717367514934e-01 1.371233761601168055e+00
nan 1.000000000000000000e+00
1.319029864970989507e+00 6.177857445045251694e-01
2.249492667611135310e+00 6.127389884138715326e-01
nan 1.000000000000000000e+00
nan 1.209624733129518681e+00
1.319668197710290869e+00 3.955136999510255325e-01
nan nan
2.725010725010724499e+00 1.613345905802421876e-01
3.993344425956735222e-01 2.917245195202933239e-01
6.795734657142382673e-02 1.212551544009467852e+00
nan 1.664888736812787373e+00
5.355485309206881261e+00 8.940831299564231394e-01
nan 1.641445410506330527e+00
6.923825179785829675e-01 9.269213578365836925e-02
nan 1.000000000000000000e+00
5.423225807627689576e-01 3.591148004198339572e-01
6.292002691756730215e+00 1.267068978006282043e+00
3.421660870197779758e+00 4.119571484036625986e-01
4.561594104113408932e-01 6.429814233223202224e-01
1.133786848072562137e+00 9.150013498119886624e-01
nan 1.000000000000000000e+00
nan 7.334035361325732527e-01
5.295414691737416746e+00 1.342150004086960946e+00
6.014348345954563690e+00 1.400877150470246857e+00
nan 1.102545629162616364e-01
nan 9.941161845721095958e-01
nan 8.100480732723153166e-01
nan 1.000000000000000000e+00
8.361390443488225799e-02 1.211870186820160622e-01
nan nan
nan 4.322687372418518859e-01
1.739337809951968516e+00 9.314476206519760604e-01
1.350142840535773381e+00 7.535009174727648196e-01
nan 1.000000000000000000e+00
nan 1.742905219440045728e-01
nan 7.563824702225970809e-01
5.129193694838177109e+00 5.318718698150532997e-01
2.900236866607492026e+00 8.336331335653262009e-01
3.543551469474124360e-01 8.106841621059036607e-01
nan 1.000000000000000000e+00
8.361390443488225799e-02 1.187913360108439620e-01
nan nan
nan 7.017252457479506988e-01
nan 1.000000000000000000e+00
5.058492851956785330e+00 5.319640502554979777e-01
1.641623418380748767e+00 1.388573332502475832e+00
nan nan
5.832741322140252649e+00 1.311873570246312237e+00
nan 1.000000000000000000e+00
3.251715279810099446e+00 1.004678693322491823e+00
3.471763802706018254e-01 4.914698730930138204e-01
2.667228650645732557e+00 7.502930842160479008e-01
2.600899861173834537e+00 6.868979991921047024e-01
nan 7.843767898885080081e-01
5.528198062579203764e-02 1.985342664194732487e+00
nan 1.000000000000000000e+00
nan 6.077941392165298051e-01
nan 1.000000000000000000e+00
nan 1.470761532618250156e+00
2.956719240618580713e+00 7.815351664910564766e-01
2.536583393968792954e+00 1.649392611484032267e+00
nan 1.000000000000000000e+00
nan 1.085448717711478411e-01
5.499933387461251044e-01 9.781962768152373533e-01
nan nan
nan nan
1.943029617053385394e+00 6.113344737435932874e-01
3.178391887218671386e+00 8.135271324715216412e-01
nan 6.710978784673261588e-01
2.126706000017636100e+00 6.786060665111799395e-01
nan 8.194369727276805682e-01
0.000000000000000000e+00 4.308430328568748635e-01
4.649108482581745250e-01 1.093491625699218872e+00
nan 5.099166330418833937e-01
