nan 1.000000000000000000e+00
nan 1.000000000000000000e+00
nan 1.000000000000000000e+00
nan 1.000000000000000000e+00
2.879326558883462894e+00 3.616730250672722247e-01
2.389778423831575793e+00 1.249786737617954779e+00
1.168794442696000857e+00 8.006297029551608935e-01
nan 1.000000000000000000e+00
4.311888207471708867e+00 4.286044397339781042e-01
nan 1.419227232218977841e+00
nan nan
2.184917775921665140e+00 7.727206722293056274e-01
nan 3.887065295859745140e-01
nan nan
nan 1.148949793922816154e+00
nan 2.014051675770469896e-01
2.983807272022486856e+00 1.044681222173138968e+00
6.968995380818991947e-01 9.584821257086950652e-01
2.891366237470975875e-01 3.791855800628764206e-02
7.167122516894650630e-01 3.258745886132667913e-01
nan 3.105497126263127572e-01
6.902311801692491144e-01 3.371076626667577347e-01
nan 4.091304083057162866e-01
nan 1.066859959015622694e+00
nan 3.417844338940123627e-01
nan 3.647622081644362746e-01
1.009516254105069066e+00 2.816696216230410443e-01
nan nan
5.061292249137139265e-02 6.320481579236681968e-01
1.993872675892163215e-01 1.486617435646119534e-01
7.582075972401192132e-02 8.234378917232546558e-01
4.010349787335787397e-01 1.139332050768614879e+00
1.592001783042000795e-01 1.315874359799433790e-01
2.565268034435508326e-01 4.909954436901611124e-02
8.957093560438167401e-01 1.067264070606476434e+00
5.816946870235053524e-01 6.984999162265985717e-01
nan 1.000000000000000000e+00
nan 2.563615541675778875e-01
2.176532452969487608e+00 1.063839034575262271e-01
8.839812687417367698e-01 1.358878205226504987e-01
2.840433107145847735e+00 8.586894189156007995e-02
nan 1.000000000000000000e+00
nan 4.216504363855517745e-01
3.413077267189810193e+00 7.399668078087303646e-01
1.680015420773131041e-01 3.125346453922376866e-01
nan 5.063307073881114784e-01
5.502543790656995171e-01 3.800825134068460120e-01
nan 1.000000000000000000e+00
1.194435240748239480e+00 2.379542150325040240e-01
nan 2.987125573742830387e-01
8.352665712846132351e-01 6.586116975493838677e-01
2.947928527472853943e-01 3.192267157055598825e-01
4.419705426633324663e-01 5.204734464860627519e-01
9.426395805857623600e-01 8.915605979074000542e-01
7.873462214411244275e-01 8.469832812535170452e-02
1.167957269280512023e+00 8.269225852376721475e-02
1.385281385281385447e+00 3.410161639767207431e-01
nan 1.000000000000000000e+00
4.947433518862087709e-01 2.782376995160970035e-01
1.711736512575086522e+00 3.891670890472535005e-01
1.649216408945010315e+00 3.033297667682035570e-01
nan 2.779363795599721354e-01
nan 3.951930939377024665e-01
1.102288448800909038e+00 1.339985165115227694e+00
nan 3.605488395783507660e-01
nan 8.822868160304394580e-01
nan 2.011336260040826329e-01
nan 5.848599272148634620e-01
1.113202025699422393e+00 3.879156472780220799e-01
nan 4.416374286611026712e-01
2.161775532037626846e+00 5.221202165147902363e-01
nan 5.090552579791759458e-01
7.904982114978054142e-02 2.138806558192267171e-01
nan 4.652472736611347193e-01
1.048553110065203242e+00 3.498304570386187029e-01
6.086516532592192164e-01 2.993306464066902706e-01
2.824667254197343880e-02 3.090359272728241402e-01
2.580926461177099895e+00 1.383102580765707690e-01
3.605458320520286364e+00 1.260803989619015686e-01
nan 1.498784432728605676e-01
1.620823418464812704e+00 1.042440470732092783e-01
1.500363475151562653e-01 6.217641069304845614e-01
nan 1.000000000000000000e+00
4.049827799102898140e+00 4.490315562272004790e-01
1.708490514460674348e-01 5.622953293992398738e-01
9.592592725408000121e-01 1.036590502043358564e+00
nan 1.000000000000000000e+00
nan 1.404443399684537908e-01
2.217501725100534671e+00 7.413539698280194878e-01
8.797242780864671374e-01 6.882262015081510587e-01
8.233716463497700033e-01 3.744876016594557155e-01
4.118651017808776515e+00 6.491415220691207910e-01
nan 1.751684563900630098e-01
nan 3.696151117192680857e-01
1.605136436597121019e-01 2.252461755478064320e-01
5.049248466931075541e-01 1.046161487992749856e-01
4.802595846715096428e-01 1.053957163158561888e-01
5.370055686741839196e-01 4.275065587748580476e-01
9.776536312849160026e-01 1.359381950973980457e-01
nan 1.000000000000000000e+00
nan 1.000000000000000000e+00
nan 2.951478154107518570e-01
1.401786930374928630e-01 6.478330965821074150e-01
nan 1.000000000000000000e+00
nan 6.003619893362069915e-01
8.222826211894265214e-01 3.807054011518122838e-01
6.030898334736356503e-01 6.091899421497867229e-01
nan 7.859768607268544649e-01
3.491473820929300587e-01 7.664007566962348639e-01
8.390120121963695610e-01 6.641796939087626361e-01
nan 1.000000000000000000e+00
7.288834735345659510e-01 1.637613249299749940e+00
nan 1.000000000000000000e+00
1.049778478948086402e+00 3.279385021660070620e-01
8.845726761146552874e-01 1.890679433824639932e-01
1.713841374677045337e-01 4.368864388928365150e-01
1.707914046713959522e+00 7.760371694352997674e-01
nan 1.006198696111573476e-01
1.945507228762108909e+00 1.199754308928878244e+00
nan 1.000000000000000000e+00
7.060745650491284664e-01 1.404201458192186058e-01
4.908847900835322520e-01 7.937572925909498478e-01
2.379750591363359646e+00 1.333427248867032899e-01
2.038984386850035690e-01 2.129423962316500107e-01
8.324274563954903172e-01 7.269229774440171266e-01
nan 3.879345669966223209e-01
2.289267228452844805e-01 6.577228134233826795e-01
5.231821263300613367e-01 3.956453743147346214e-01
nan 1.000000000000000000e+00
5.755124676928220495e-01 6.278604907959883796e-01
1.277663086968523487e-01 3.475341663795404323e-01
1.174893984175646722e-01 6.087557926622161331e-01
7.180838437069754221e-01 5.601922321451412445e-01
5.231821263300613367e-01 7.325866133313743145e-01
nan 1.000000000000000000e+00
nan 2.633441073263278476e-01
2.965911367126564890e+00 2.896828511416451035e-01
5.061056586661472068e-01 7.469282310336254893e-01
nan 3.274073010813273732e-01
1.278677766769175328e+00 6.202607165308401393e-01
nan 1.000000000000000000e+00
5.333045257726247712e-01 3.346763966232401133e-01
nan 3.774974302520264779e-01
nan 2.272025050701241000e-01
nan 5.494200180245217835e-02
1.102288448800909038e+00 8.516191011220102247e-01
nan 3.996374903808360135e-01
nan 1.000000000000000000e+00
nan 3.656557479044938996e-01
6.715443841975581307e-01 3.472833025410957397e-01
1.054532595791974003e+00 1.438726871083562342e+00
1.384050585043892667e+00 1.086887842051577957e+00
2.401119209686019218e+00 4.592942724494417650e-01
nan 1.000000000000000000e+00
4.351819616151004766e-01 3.589545624922749201e-01
1.213537888354514038e+00 9.289048783923713470e-01
nan 1.000000000000000000e+00
1.545668017920612591e+00 5.028067490612909696e-01
1.541740094177317388e+00 8.586684814547272948e-01
1.918206886853671023e+00 6.351598037539802899e-01
4.907191762149203385e-01 3.692750936572502529e-01
1.400012598192928337e+00 1.108644361766638609e-01
1.194435240748239480e+00 1.647893586826009726e-01
nan 4.508390608023494228e-01
1.717002145472221741e-01 4.315522039407598265e-01
2.031839140994566861e+00 4.039533051388264351e-01
8.074059539638449579e-01 7.046954240508772616e-01
nan 1.000000000000000000e+00
4.920852560073543103e-01 8.648627094836263129e-01
2.802084439019212780e+00 5.343336083812817439e-01
9.776536312849160026e-01 1.713281646573965866e-01
3.225687044900507061e-01 4.638815151180423202e-01
1.077489449582472503e+00 2.091775391208541557e-01
nan 1.000000000000000000e+00
4.600473988229090594e+00 1.106126957007728784e+00
2.481536210654931907e+00 8.680860004148033271e-01
4.757961159579599197e+00 6.490813663142737111e-01
9.446509428365210681e-01 3.751093596368208771e-02
5.230466668389643914e-01 3.195114185538115992e-01
3.738828169512110389e+00 8.083718297575023248e-01
nan 1.000000000000000000e+00
5.807525490988213690e+00 4.572240946003979789e-01
6.721408439990632644e-01 1.117411061500848790e+00
2.883393368317690886e+00 1.761376146805149867e+00
2.431222523166937322e+00 2.488434469178022260e-02
2.584469172780295310e+00 4.896231726842947274e-01
nan 1.000000000000000000e+00
5.841558311523725067e+00 8.122530967166499138e-01
2.965911367126564890e+00 2.194347049145062567e-01
4.206153146304144386e+00 1.077030062249421549e+00
5.256076449052844879e+00 1.113041592237735911e+00
2.572676643392871831e+00 7.912476019112640868e-01
nan 1.000000000000000000e+00
5.807525490988213690e+00 5.696085338426203348e-01
nan nan
9.091695094151928558e+00 3.971319909764788880e-01
nan 1.000000000000000000e+00
4.357395687293781350e+00 8.037925530681712116e-01
1.956035767511177070e+01 2.079601515885565188e-01
nan nan
nan nan
nan 1.000000000000000000e+00
nan nan
nan nan
nan 1.000000000000000000e+00
nan nan
nan 1.146803014639547813e+00
nan nan
nan 1.000000000000000000e+00
1.855768896568504189e+00 8.054360257550567948e-01
nan 1.000000000000000000e+00
2.352723970340209547e+01 1.166309147758409104e+00
1.231001315435102228e+01 5.682997302903519676e-01
5.981355580488250112e+00 1.116015363795612725e+00
nan 1.000000000000000000e+00
5.841558311523725067e+00 4.881061567663307343e-01
1.507270728061179454e+00 2.391466279489330160e-01
nan nan
5.475540066735037570e+00 1.375793158124623217e+00
3.498107026153228105e+00 5.339560300289691863e-01
1.477462326505888157e+00 3.223093289348124002e-01
3.470412025416763413e+00 9.593406026008184373e-01
2.165753025545180677e+00 2.096115226604307880e-01
1.896080510077101877e+00 2.428356580670248954e-01
3.390725186691713411e+00 2.068768184061562376e-01
4.554040574015287390e+00 1.125860173098729211e+00
5.141685146236113724e+00 4.137797316350744770e-01
