nan 1.000000000000000000e+00
nan 1.000000000000000000e+00
nan 1.000000000000000000e+00
nan 1.000000000000000000e+00
nan nan
nan nan
nan nan
nan 1.000000000000000000e+00
nan 1.237205386334779611e+00
nan 8.831146041405065761e-01
nan nan
nan nan
7.802474961928140829e-01 8.943224652119520501e-02
nan nan
5.014508933224703924e+01 8.864586265277872856e-01
1.135900152974207700e+01 3.491282040059716096e-01
2.044928888068170636e+01 1.293038800726105553e+00
2.147233140710523003e+01 2.356505625307547258e-01
2.761981637927024025e+01 9.725522610266220669e-01
2.025601770134940693e+01 7.561754628757402785e-02
1.145918496925906638e+01 7.784665235130499017e-01
1.472150104337698018e+01 8.866328474694021855e-01
1.687269698839934051e+01 2.591357255498071277e-01
1.222695255252283530e+01 8.869690850444226227e-01
1.463011039858856499e+01 1.132364729089886168e+00
3.202088121152312006e+00 1.538148093431578323e-01
1.412262435960998097e+01 5.676109007656761074e-01
nan nan
1.454933125550460637e+01 4.579620486941222146e-01
9.628582617260379450e+00 1.966648882191196490e+00
1.340776262341895553e+01 5.776989934401942639e-01
7.040254762301829672e+00 1.166972391139316362e-01
2.031920025540521380e+01 1.730947349308352701e+00
9.102542015033836975e+00 4.002141741049376478e-01
nan nan
1.286186429509938023e+01 4.536600174203858638e-01
nan 1.000000000000000000e+00
nan nan
2.612459726800691229e+01 1.278940821237766645e+00
1.235318196247472855e+01 6.230747664907942962e-01
4.057736259967389181e+00 9.924521005077738267e-02
nan 1.000000000000000000e+00
2.225198959413283717e+01 1.518518011815071400e+00
5.415819224185112191e+00 7.824970548790742830e-01
nan nan
nan nan
1.519172085773213965e+01 7.905624322821325212e-02
nan 1.000000000000000000e+00
6.379281219680628112e+00 2.283011118197563472e-01
1.589150904346165838e+01 3.853930255878385003e-01
9.465549911603153177e+00 5.299968274166149129e-01
1.220075606187827333e+01 6.723086416862394943e-01
1.017905030858440796e+01 3.415981190723687000e-01
nan nan
1.090425951274159821e+01 2.194519122628516006e-01
9.202473452502118789e+00 4.537587135841726904e-01
1.138747338439295831e+01 1.480285197455399049e-01
nan 1.000000000000000000e+00
1.180272066643575180e+01 2.382975591030867257e-01
4.369974888842811822e+00 3.654264391553100899e-01
1.063917867196555989e+01 2.263735136106545809e-01
8.759284518368639638e+00 4.027272071321260083e-01
1.041016998530501958e+01 5.870147116175075119e-01
nan nan
9.699460098886980575e+00 4.021854473581324974e-01
1.350664837387862782e+01 1.150370382963870064e+00
1.447988930687467324e+01 1.534445084332714426e+00
nan nan
3.824190731053326076e+00 1.771410986120216247e-01
9.948773391168868940e+00 3.590542476479917644e-01
nan nan
1.116751353993024409e+01 7.270205947541632518e-01
5.918188965104977939e+00 5.900359335184197640e-01
8.105022935758778857e+00 1.432046708712055305e-01
6.416856461012695689e+00 3.249190510800790688e-01
6.475271068195368684e+00 4.119587577732500283e-01
6.256631879234829441e+00 1.034677970292430027e+00
6.489292667099284984e+00 7.091009422570503373e-01
1.056641831940024367e+00 3.847329238076951374e-01
4.169190416598848259e+00 2.852098087023530737e-01
4.667917636289265815e+00 5.501417329618776275e-01
4.819657944364201363e+00 1.219509521851688261e+00
nan 1.000000000000000000e+00
3.825603423114836588e+00 6.609380800203634720e-01
4.638432242584727305e+00 6.691055769606646386e-01
6.019024971876392627e+00 2.459102786419273823e-01
nan 1.000000000000000000e+00
3.526191215499716591e+00 4.733408173757984172e-01
2.653774790938848938e+00 2.451992647696029648e-01
3.091975074733694484e+00 2.687642823390765101e-01
2.889313620184917220e+00 4.398294966662932293e-01
nan nan
1.955672382034057577e+00 8.950492149140280018e-01
2.612375948628137934e+00 4.765985873038692255e-01
2.488150672588744783e+00 1.339276129080336109e+00
4.487247270370884777e+00 2.702355107344358021e-01
2.280761636889721444e+00 1.788761086485959606e-01
1.529735426347132332e+00 6.377857729216763749e-01
1.392369813422444480e+00 2.304315867324822631e-01
nan 1.000000000000000000e+00
nan 1.000000000000000000e+00
2.616561810374859576e+00 9.556302680559393137e-01
1.758715884517050299e+00 6.592077076002769154e-01
nan 1.000000000000000000e+00
1.587992132822307667e+00 4.219560293987087429e-01
2.332666131550515942e+00 3.528493758900055344e-01
3.236801738784246041e+00 7.717734502212687531e-01
1.585320415162620122e+00 3.564509038963530330e-01
4.638432242584727305e+00 4.839028248787367037e-01
1.487970408362992103e+00 4.021136947938838690e-01
nan 1.000000000000000000e+00
nan nan
nan 1.000000000000000000e+00
1.263595649392193820e+00 2.887210262427743479e-01
1.872965173638516667e+00 4.256382117997131731e-01
nan nan
nan nan
1.332121483389586913e+00 4.474573289824788080e-01
5.341211950665005759e-01 6.004067790999884080e-01
nan 1.000000000000000000e+00
1.798825500847824443e+00 3.608262454108119854e-01
3.737400760111723841e+00 5.238916808203218922e-01
1.255864757402864740e+00 4.332128850829936595e-01
1.737893003460978747e+00 2.316692114343960329e-01
4.961645581170426311e-01 8.617159207884125260e-01
4.813246053138229286e-01 3.820390106612672199e-01
1.218565287978927714e+00 5.022166923633643032e-01
2.192376425505259796e+00 2.981770985795660911e-01
nan 1.000000000000000000e+00
2.972510301959420786e+00 5.729294700892025860e-01
2.831005387010689489e+00 1.819138695707216979e-01
7.629623096619022604e-01 4.977467793088765080e-01
9.173891105912552746e-01 7.049762185076228205e-01
2.192376425505259796e+00 2.278391668229622080e-01
nan 1.000000000000000000e+00
1.424603458841692927e+00 7.240249716080009446e-01
2.948342213743370799e+00 5.524717211746129619e-01
nan nan
7.110600308803203262e-01 3.208174322242543508e-01
2.407084711192275961e+00 3.358269148966659401e-01
nan 1.000000000000000000e+00
1.390486119321174385e+00 3.300093553949463021e-01
2.099464118142892133e+00 8.749339703682389446e-01
1.615342156907521698e+00 3.147365797122097519e-01
2.598557341334613469e+00 8.205832816523407347e-01
nan nan
1.715945674267014276e+00 2.646897694397518652e-01
nan 1.000000000000000000e+00
7.802474961928140829e-01 6.265610052208060721e-02
nan 4.843622923317383866e-01
nan 3.540966359525247187e-01
1.490108588945769696e+00 4.607984602138702201e-01
nan nan
nan 1.000000000000000000e+00
nan 7.938855500014310174e-01
nan 2.000506321559240297e-01
nan 1.000000000000000000e+00
nan 3.655208658040353664e-01
1.872965173638516667e+00 2.532270565531618556e-01
nan 4.931137960438308765e-01
5.467402187464237784e+00 1.909625436638722196e-01
7.901502131994604383e-01 6.272301675555120859e-01
6.379281219680628112e+00 3.224538505788070997e-01
3.864138573621964667e+00 6.289521205512660362e-01
3.338479938198813279e+00 7.734752801936116695e-01
nan nan
7.326007326007326625e-01 2.599652073939384134e-01
nan 1.000000000000000000e+00
1.329311729986022428e+00 6.017643632823377331e-01
1.554497513589739199e+00 1.161667415657056113e+00
4.169190416598848259e+00 2.218606938445097654e-01
2.187052370471299412e+00 6.613252168563802380e-01
1.309224709369211759e+00 3.260251737243029524e-01
nan 1.000000000000000000e+00
nan nan
6.447031969437588828e-01 4.031628313362806137e-01
8.720507513422486312e-01 6.226483015869388460e-01
3.748050243271180193e+00 1.692326498172820048e-01
4.450163159861375561e-01 5.208990529752381970e-01
8.010218440821814667e-01 5.818059080951005768e-01
nan 1.000000000000000000e+00
2.359179811907733182e+00 7.133355262232100591e-01
1.456613794754332503e+00 3.797074779632887420e-01
3.686480466962054336e+00 2.098104983752200614e-01
2.924224536961546050e+00 5.608400491519034414e-01
2.541134616606308683e-01 4.981834869525817444e-01
nan 1.000000000000000000e+00
3.752969323740522611e-01 3.016830831548737990e-01
2.948342213743370799e+00 4.830402959895890302e-01
3.482369639907064496e+00 4.708725688143363675e-01
nan 1.430052252806602864e-01
5.341211950665005759e-01 4.600947911800077339e-01
nan 1.000000000000000000e+00
2.359179811907733182e+00 8.535575363207764665e-01
4.878192805932844323e+00 5.937031135129746673e-01
2.135209912185732861e+00 4.338149233168953622e-01
nan 1.000000000000000000e+00
3.825603423114836588e+00 7.165598636768614194e-01
1.191899614202149849e-01 7.376156122320144393e-01
7.420950515633712996e-01 1.516605748521214103e+00
1.981637761463812097e+00 1.949449913323917816e+00
nan 1.000000000000000000e+00
1.201241531620258485e+00 1.633652387257631122e-01
2.507752170084844856e+00 8.959972941090221799e-01
4.969962364449393988e-01 3.412817109919045744e-01
6.757539027150656352e-01 8.520336549259611703e-01
nan 1.884962315026475488e-01
6.240505897011372483e-01 5.510608561954249973e-01
nan 1.000000000000000000e+00
6.787678402814023570e-02 4.738968323970803587e-01
nan 1.000000000000000000e+00
nan nan
1.283535787414377793e+00 4.135782260170628444e-01
1.707844066604805811e+00 1.406555113005998059e-01
nan 1.000000000000000000e+00
3.752969323740522611e-01 2.423403436334677086e-01
2.463811476888659868e+00 2.168630936643637375e-01
nan nan
1.235258595149453242e-01 6.008025980052145165e-01
1.840219677079071303e+00 1.965083924478145672e-01
2.624309856975113320e+00 4.169442009032106600e-01
3.483568822792310726e+00 5.061672832948517220e-01
1.891780248286611510e+00 1.121182451304751915e+00
2.796112556239993552e-01 5.448059482101706985e-01
7.723250201126310444e-01 3.957638266326432563e-01
1.422588384101956649e+00 4.541841523324424146e-01
1.237093702847127830e+00 7.890116970027096777e-01
