 # q,I,sigma
 # errors rescaled with constant factor:   0.990825713    
 # factor also written to scale_factor.d
   2.99882679E-03   2.70110294E-02   3.01053422E-03
   3.28442943E-03   2.36585513E-02   1.61111809E-03
   3.57003184E-03   1.99057683E-02   1.34077552E-03
   3.85563448E-03   2.60425769E-02   1.12372718E-03
   4.14123712E-03   2.44095474E-02   8.90539202E-04
   4.42683976E-03   2.45027468E-02   7.53746834E-04
   4.71244240E-03   2.48398632E-02   6.89111301E-04
   4.99804458E-03   2.45645531E-02   6.50143367E-04
   5.28364722E-03   2.44868509E-02   6.23292348E-04
   5.56924986E-03   2.33577155E-02   6.15896133E-04
   5.85485250E-03   2.40283832E-02   6.12153963E-04
   6.14045514E-03   2.40879729E-02   5.95984166E-04
   6.42605731E-03   2.36205496E-02   5.75700309E-04
   6.71165995E-03   2.40205377E-02   5.58875385E-04
   6.99726259E-03   2.35049278E-02   5.45236224E-04
   7.28286523E-03   2.37430446E-02   5.39352768E-04
   7.56846787E-03   2.36662328E-02   5.35406289E-04
   7.85407051E-03   2.37090327E-02   5.14684420E-04
   8.13967269E-03   2.29139403E-02   5.03139396E-04
   8.42527580E-03   2.30221562E-02   5.00982685E-04
   8.71087797E-03   2.24626735E-02   4.88941325E-04
   8.99648014E-03   2.37214826E-02   4.88642312E-04
   9.28208325E-03   2.32893005E-02   4.73021180E-04
   9.56768543E-03   2.28684731E-02   4.62827797E-04
   9.85328853E-03   2.33692750E-02   4.76288609E-04
   1.01388907E-02   2.34846622E-02   4.52609471E-04
   1.04244929E-02   2.31732279E-02   4.43507539E-04
   1.07100960E-02   2.35501975E-02   4.47451981E-04
   1.09956982E-02   2.30979398E-02   4.39134485E-04
   1.12813013E-02   2.30886973E-02   4.40629752E-04
   1.15669034E-02   2.31282525E-02   4.21634846E-04
   1.18525065E-02   2.30370089E-02   4.24041587E-04
   1.21381087E-02   2.29842141E-02   4.19014774E-04
   1.24237109E-02   2.35769674E-02   3.88273969E-04
   1.27093140E-02   2.23429874E-02   3.77793534E-04
   1.29949162E-02   2.34292336E-02   3.64248845E-04
   1.32805184E-02   2.30797045E-02   3.61381011E-04
   1.35661215E-02   2.25132965E-02   3.49285780E-04
   1.38517236E-02   2.28848867E-02   3.43681488E-04
   1.41373267E-02   2.22544298E-02   3.35964898E-04
   1.44229289E-02   2.20138207E-02   3.31854535E-04
   1.47085320E-02   2.23479010E-02   3.26627895E-04
   1.49941342E-02   2.28533894E-02   3.20348481E-04
   1.52797364E-02   2.21819952E-02   3.16498132E-04
   1.55653395E-02   2.15219148E-02   3.07966984E-04
   1.58509426E-02   2.23378092E-02   3.08424205E-04
   1.61365438E-02   2.21585035E-02   3.02616245E-04
   1.64221469E-02   2.18826570E-02   2.97449616E-04
   1.67077500E-02   2.21783631E-02   2.95231701E-04
   1.69933513E-02   2.15807743E-02   2.89014046E-04
   1.72789544E-02   2.11588480E-02   2.86272611E-04
   1.75645575E-02   2.14426666E-02   2.83723202E-04
   1.78501606E-02   2.14575604E-02   2.79544445E-04
   1.81357618E-02   2.15879381E-02   2.79026921E-04
   1.84213649E-02   2.14092545E-02   2.72522244E-04
   1.87069681E-02   2.13262662E-02   2.71268334E-04
   1.89925693E-02   2.10957266E-02   2.70778139E-04
   1.92781724E-02   2.13295370E-02   2.63837574E-04
   1.95637755E-02   2.09943093E-02   2.64443166E-04
   1.98493768E-02   2.09288336E-02   2.58276908E-04
   2.01349799E-02   2.03664936E-02   2.58022454E-04
   2.04205830E-02   2.04403847E-02   2.56340660E-04
   2.07061861E-02   2.04713121E-02   2.50519923E-04
   2.09917873E-02   2.09065638E-02   2.51297548E-04
   2.12773904E-02   2.05508731E-02   2.47045537E-04
   2.15629935E-02   2.01672763E-02   2.46163050E-04
   2.18485948E-02   2.02140473E-02   2.44265015E-04
   2.21341979E-02   2.02573091E-02   2.40443231E-04
   2.24198010E-02   1.99260972E-02   2.39063302E-04
   2.27054041E-02   2.04546489E-02   2.38494235E-04
   2.29910053E-02   1.99780874E-02   2.35879881E-04
   2.32766084E-02   1.99620612E-02   2.32635517E-04
   2.35622115E-02   2.01194026E-02   2.33425555E-04
   2.38478128E-02   1.96026824E-02   2.29300902E-04
   2.41334159E-02   1.98189989E-02   2.28203746E-04
   2.44190190E-02   1.96444951E-02   2.26465607E-04
   2.47046202E-02   1.92494392E-02   2.23643903E-04
   2.49902233E-02   1.90384723E-02   2.22463743E-04
   2.52758265E-02   1.91015452E-02   2.20321643E-04
   2.55614296E-02   1.92614831E-02   2.19232330E-04
   2.58470308E-02   1.95640251E-02   2.19370282E-04
   2.61326339E-02   1.88450553E-02   2.15215710E-04
   2.64182370E-02   1.90583952E-02   2.16082073E-04
   2.67038383E-02   1.87055431E-02   2.11009305E-04
   2.69894414E-02   1.91568881E-02   2.13777908E-04
   2.72750445E-02   1.86222531E-02   2.09833248E-04
   2.75606457E-02   1.84120201E-02   2.08422716E-04
   2.78462488E-02   1.80775411E-02   2.11858278E-04
   2.81318519E-02   1.82913691E-02   2.13611740E-04
   2.84174550E-02   1.80115439E-02   2.11824605E-04
   2.87030563E-02   1.81623138E-02   2.13751322E-04
   2.89886594E-02   1.76616795E-02   2.10177852E-04
   2.92742625E-02   1.80200487E-02   2.11444742E-04
   2.95598637E-02   1.78675577E-02   2.09347651E-04
   2.98454668E-02   1.74457207E-02   2.08272715E-04
   3.01310699E-02   1.75905786E-02   2.08044090E-04
   3.04166730E-02   1.70921646E-02   2.06572804E-04
   3.07022743E-02   1.72217414E-02   2.07310339E-04
   3.09878774E-02   1.70679390E-02   2.05509568E-04
   3.12734805E-02   1.70547627E-02   2.06099925E-04
   3.15590836E-02   1.73399746E-02   2.06138808E-04
   3.18446867E-02   1.69165134E-02   2.05129327E-04
   3.21302861E-02   1.69932246E-02   2.04270720E-04
   3.24158892E-02   1.68540440E-02   2.04408643E-04
   3.27014923E-02   1.65436566E-02   2.02801137E-04
   3.29870954E-02   1.67334266E-02   2.03993884E-04
   3.32726985E-02   1.63193531E-02   2.01563453E-04
   3.35583016E-02   1.59053579E-02   2.01612376E-04
   3.38439010E-02   1.62321217E-02   2.00670926E-04
   3.41295041E-02   1.58321224E-02   1.99316302E-04
   3.44151072E-02   1.59405172E-02   2.00857612E-04
   3.47007103E-02   1.58976391E-02   1.98513633E-04
   3.49863134E-02   1.57409348E-02   2.00400813E-04
   3.52719165E-02   1.58047341E-02   1.97243615E-04
   3.55575196E-02   1.58262551E-02   1.95810673E-04
   3.58431190E-02   1.55502856E-02   1.95050641E-04
   3.61287221E-02   1.48884803E-02   1.94789420E-04
   3.64143252E-02   1.50387734E-02   1.94214706E-04
   3.66999283E-02   1.53986216E-02   1.93657441E-04
   3.69855314E-02   1.52101815E-02   1.94342560E-04
   3.72711346E-02   1.52376071E-02   1.92313615E-04
   3.75567377E-02   1.49152465E-02   1.89867918E-04
   3.78423370E-02   1.47293806E-02   1.90056919E-04
   3.81279401E-02   1.47063434E-02   1.89251252E-04
   3.84135433E-02   1.46308579E-02   1.89734288E-04
   3.86991464E-02   1.43736303E-02   1.87597980E-04
   3.89847495E-02   1.42368376E-02   1.86615143E-04
   3.92703526E-02   1.41611248E-02   1.86577279E-04
   3.95559557E-02   1.43384375E-02   1.85602083E-04
   3.98415551E-02   1.38675459E-02   1.85014505E-04
   4.01271582E-02   1.40385628E-02   1.83445518E-04
   4.04127613E-02   1.40481405E-02   1.85144192E-04
   4.06983644E-02   1.37972049E-02   1.83282405E-04
   4.09839675E-02   1.36433654E-02   1.81430136E-04
   4.12695706E-02   1.36322118E-02   1.80803530E-04
   4.15551737E-02   1.35075673E-02   1.80785210E-04
   4.18407731E-02   1.32772774E-02   1.81249401E-04
   4.21263762E-02   1.33006237E-02   1.79512135E-04
   4.24119793E-02   1.33419037E-02   1.78043541E-04
   4.26975824E-02   1.32733509E-02   1.77608425E-04
   4.29831855E-02   1.30581968E-02   1.78155708E-04
   4.32687886E-02   1.29330270E-02   1.77732814E-04
   4.35543880E-02   1.29046179E-02   1.76303438E-04
   4.38399911E-02   1.26242377E-02   1.75909998E-04
   4.41255942E-02   1.24957711E-02   1.76041853E-04
   4.44111973E-02   1.22934580E-02   1.73874403E-04
   4.46968004E-02   1.20562948E-02   1.74092274E-04
   4.49824035E-02   1.22004338E-02   1.72608619E-04
   4.52680066E-02   1.22387223E-02   1.74579909E-04
   4.55536060E-02   1.20894611E-02   1.73108347E-04
   4.58392091E-02   1.20914057E-02   1.72768181E-04
   4.61248122E-02   1.23571381E-02   1.71557956E-04
   4.64104153E-02   1.18597597E-02   1.70417828E-04
   4.66960184E-02   1.19053572E-02   1.72746935E-04
   4.69816215E-02   1.14537776E-02   1.68478015E-04
   4.72672246E-02   1.15822107E-02   1.69913939E-04
   4.75528240E-02   1.12791508E-02   1.69560735E-04
   4.78384271E-02   1.13119632E-02   1.68630315E-04
   4.81240302E-02   1.14390180E-02   1.68246057E-04
   4.84096333E-02   1.10257827E-02   1.67655089E-04
   4.86952364E-02   1.10504292E-02   1.71823602E-04
   4.89808396E-02   1.10029802E-02   1.74364963E-04
   4.92664427E-02   1.10864528E-02   1.73377150E-04
   4.95520420E-02   1.06090121E-02   1.75733352E-04
   4.98376451E-02   1.07084848E-02   1.73664157E-04
   5.01232482E-02   1.07402727E-02   1.77369700E-04
   5.04088514E-02   1.05296969E-02   1.75904279E-04
   5.06944545E-02   1.04581155E-02   1.77146110E-04
   5.09800576E-02   1.05097145E-02   1.77884649E-04
   5.12656569E-02   1.07076839E-02   1.77976210E-04
   5.15512601E-02   1.04627758E-02   1.78616508E-04
   5.18368632E-02   1.01853833E-02   1.78355025E-04
   5.21224663E-02   9.87423211E-03   1.78292466E-04
   5.24080694E-02   1.00929663E-02   1.79645300E-04
   5.26936725E-02   9.96802747E-03   1.80123185E-04
   5.29792756E-02   9.87365097E-03   1.79591836E-04
   5.32648750E-02   9.67951491E-03   1.78522809E-04
   5.35504781E-02   9.50802863E-03   1.79980270E-04
   5.38360812E-02   9.92892683E-03   1.80886389E-04
   5.41216843E-02   9.63462517E-03   1.79342096E-04
   5.44072874E-02   9.62297246E-03   1.82475022E-04
   5.46928905E-02   9.60854068E-03   1.79633731E-04
   5.49784936E-02   9.43772867E-03   1.82198171E-04
   5.52640930E-02   9.43110883E-03   1.78484290E-04
   5.55496961E-02   9.19765234E-03   1.81805095E-04
   5.58352992E-02   9.23292711E-03   1.80419782E-04
   5.61209023E-02   9.36322287E-03   1.80816380E-04
   5.64065054E-02   8.90968367E-03   1.82572112E-04
   5.66921085E-02   8.66678730E-03   1.77136782E-04
   5.69777116E-02   8.94626603E-03   1.81198629E-04
   5.72633110E-02   8.99389386E-03   1.78553746E-04
   5.75489141E-02   8.77011195E-03   1.79198920E-04
   5.78345172E-02   8.71452689E-03   1.80788629E-04
   5.81201203E-02   8.60275701E-03   1.77663562E-04
   5.84057234E-02   8.67061689E-03   1.78872608E-04
   5.86913265E-02   8.38804245E-03   1.76634770E-04
   5.89769296E-02   8.55127722E-03   1.78904680E-04
   5.92625290E-02   8.27988982E-03   1.76942005E-04
   5.95481321E-02   8.06246698E-03   1.77293390E-04
   5.98337352E-02   8.21777433E-03   1.78638657E-04
   6.01193383E-02   8.10026005E-03   1.74017521E-04
   6.04049414E-02   7.70263374E-03   1.77905851E-04
   6.06905445E-02   8.31513107E-03   1.74644258E-04
   6.09761439E-02   7.91221857E-03   1.76227710E-04
   6.12617470E-02   7.93256983E-03   1.76897665E-04
   6.15473501E-02   7.70301744E-03   1.73621593E-04
   6.18329532E-02   7.54167885E-03   1.76209825E-04
   6.21185564E-02   7.56140798E-03   1.72246728E-04
   6.24041595E-02   7.61929527E-03   1.74907516E-04
   6.26897588E-02   7.30585679E-03   1.73084394E-04
   6.29753619E-02   7.14359060E-03   1.74054148E-04
   6.32609650E-02   7.50200823E-03   1.75942332E-04
   6.35465682E-02   7.39991292E-03   1.71722262E-04
   6.38321713E-02   7.16288388E-03   1.72771179E-04
   6.41177744E-02   7.03479722E-03   1.72016080E-04
   6.44033775E-02   7.19208270E-03   1.72037951E-04
   6.46889806E-02   6.86031953E-03   1.72807398E-04
   6.49745837E-02   6.79887831E-03   1.69493986E-04
   6.52601868E-02   6.82889670E-03   1.73321794E-04
   6.55457899E-02   6.68410957E-03   1.70556552E-04
   6.58313856E-02   7.34173879E-03   1.70711748E-04
   6.61169887E-02   7.15016574E-03   1.77049558E-04
   6.64025918E-02   6.65898249E-03   1.78732240E-04
   6.66881949E-02   6.41797855E-03   1.82910939E-04
   6.69737980E-02   6.52451441E-03   1.81051204E-04
   6.72594011E-02   6.79310039E-03   1.85129669E-04
   6.75450042E-02   6.15981221E-03   1.84176562E-04
   6.78306073E-02   6.52131066E-03   1.88081016E-04
   6.81162104E-02   6.71481714E-03   1.89515573E-04
   6.84018135E-02   6.62302598E-03   1.87470767E-04
   6.86874166E-02   6.57817349E-03   1.92135427E-04
   6.89730197E-02   6.02294505E-03   1.89838538E-04
   6.92586228E-02   6.18526712E-03   1.92813532E-04
   6.95442259E-02   6.17922843E-03   1.93925953E-04
   6.98298216E-02   6.21556491E-03   1.91547530E-04
   7.01154247E-02   5.85098937E-03   1.95719418E-04
   7.04010278E-02   6.22859225E-03   1.95092623E-04
   7.06866309E-02   5.69209829E-03   1.95175744E-04
   7.09722340E-02   5.87886572E-03   2.00421506E-04
   7.12578371E-02   5.72679937E-03   1.96618115E-04
   7.15434402E-02   5.76025993E-03   1.99365968E-04
   7.18290433E-02   6.07694685E-03   1.98004287E-04
   7.21146464E-02   6.16468862E-03   1.99890113E-04
   7.24002495E-02   5.69773465E-03   1.99295217E-04
   7.26858526E-02   6.25510514E-03   1.99867703E-04
   7.29714558E-02   5.53544611E-03   1.92341133E-04
   7.32570589E-02   6.00292534E-03   1.87156256E-04
   7.35426545E-02   5.41047007E-03   1.83082127E-04
   7.38282576E-02   5.63178957E-03   1.84342876E-04
   7.41138607E-02   5.45158610E-03   1.80769493E-04
   7.43994638E-02   5.57602569E-03   1.80640098E-04
   7.46850669E-02   5.07840514E-03   1.76269328E-04
   7.49706700E-02   5.27606532E-03   1.76912872E-04
   7.52562732E-02   5.44298813E-03   1.75368783E-04
   7.55418763E-02   5.29250130E-03   1.74429442E-04
   7.58274794E-02   5.36759198E-03   1.74350425E-04
   7.61130825E-02   5.03786281E-03   1.71768028E-04
   7.63986856E-02   5.49435988E-03   1.71586333E-04
   7.66842887E-02   5.11473790E-03   1.69665233E-04
   7.69698918E-02   5.06685302E-03   1.69700244E-04
   7.72554949E-02   4.75744531E-03   1.67859427E-04
   7.75410905E-02   4.89196926E-03   1.68296654E-04
   7.78266937E-02   4.92110848E-03   1.67565289E-04
   7.81122968E-02   5.05388901E-03   1.65713718E-04
   7.83978999E-02   5.01067191E-03   1.66418962E-04
   7.86835030E-02   4.74408641E-03   1.64204554E-04
   7.89691061E-02   4.76804376E-03   1.67235790E-04
   7.92547092E-02   4.41370532E-03   1.65307603E-04
   7.95403123E-02   4.58882004E-03   1.64280864E-04
   7.98259154E-02   4.70282510E-03   1.65226447E-04
   8.01115185E-02   4.67612594E-03   1.63254677E-04
   8.03971216E-02   4.56673279E-03   1.64886340E-04
   8.06827247E-02   4.78527322E-03   1.63724137E-04
   8.09683278E-02   4.33647260E-03   1.62981800E-04
   8.12539235E-02   4.51333448E-03   1.63338555E-04
   8.15395266E-02   4.51898947E-03   1.61877266E-04
   8.18251297E-02   4.19238955E-03   1.62447759E-04
   8.21107328E-02   4.58440185E-03   1.62714743E-04
   8.23963359E-02   4.48550284E-03   1.61304939E-04
   8.26819390E-02   4.25404310E-03   1.63099336E-04
   8.29675421E-02   4.35169786E-03   1.60271622E-04
   8.32531452E-02   4.50311601E-03   1.61819684E-04
   8.35387483E-02   4.28489968E-03   1.59756455E-04
   8.38243514E-02   4.16549295E-03   1.60894720E-04
   8.41099545E-02   4.01226804E-03   1.60295429E-04
   8.43955576E-02   4.41880897E-03   1.59235176E-04
   8.46811607E-02   4.02760506E-03   1.60238807E-04
   8.49667639E-02   4.06268239E-03   1.58569484E-04
   8.52523595E-02   4.25067544E-03   1.59954696E-04
   8.55379626E-02   3.96277383E-03   1.58139796E-04
   8.58235657E-02   3.88974696E-03   1.58024850E-04
   8.61091688E-02   4.18018922E-03   1.60171097E-04
   8.63947719E-02   3.65761667E-03   1.57413073E-04
   8.66803750E-02   3.87600064E-03   1.57542090E-04
   8.69659781E-02   3.96603346E-03   1.57303948E-04
   8.72515813E-02   3.52090970E-03   1.57005532E-04
   8.75371844E-02   3.89783829E-03   1.58360999E-04
   8.78227875E-02   3.92638892E-03   1.55948379E-04
   8.81083906E-02   3.66659090E-03   1.56753202E-04
   8.83939937E-02   3.61556932E-03   1.55678616E-04
   8.86795968E-02   3.31120938E-03   1.56511815E-04
   8.89651924E-02   3.52725014E-03   1.55919086E-04
   8.92507955E-02   3.64409015E-03   1.54398062E-04
   8.95363986E-02   3.89985368E-03   1.56406342E-04
   8.98220018E-02   3.81622091E-03   1.54892201E-04
   9.01076049E-02   3.49158794E-03   1.55409594E-04
   9.03932080E-02   3.26459855E-03   1.53431276E-04
   9.06788111E-02   3.56991589E-03   1.54267924E-04
   9.09644142E-02   3.54301184E-03   1.55767557E-04
   9.12500173E-02   3.51732969E-03   1.54549474E-04
   9.15356204E-02   3.35720181E-03   1.53122077E-04
   9.18212235E-02   3.22420150E-03   1.51963934E-04
   9.21068266E-02   3.66651639E-03   1.54403431E-04
   9.23924297E-02   3.32923979E-03   1.54192487E-04
   9.26780328E-02   3.39379534E-03   1.52736553E-04
   9.29636285E-02   3.47063318E-03   1.52364795E-04
   9.32492316E-02   3.12398747E-03   1.51846805E-04
   9.35348347E-02   3.53658572E-03   1.53565619E-04
   9.38204378E-02   3.33505869E-03   1.51665139E-04
   9.41060409E-02   3.11802700E-03   1.50983891E-04
   9.43916440E-02   3.06180865E-03   1.51686283E-04
   9.46772471E-02   3.29157338E-03   1.51959641E-04
   9.49628502E-02   3.24983895E-03   1.52097040E-04
   9.52484533E-02   2.79112160E-03   1.49428000E-04
   9.55340564E-02   3.12503427E-03   1.51044514E-04
   9.58196595E-02   3.13798338E-03   1.50385007E-04
   9.61052626E-02   3.18826735E-03   1.51351036E-04
   9.63908657E-02   2.99462676E-03   1.49615866E-04
   9.66764614E-02   2.71390378E-03   1.49431493E-04
   9.69620645E-02   2.79927254E-03   1.49860018E-04
   9.72476676E-02   3.13428044E-03   1.49752828E-04
   9.75332707E-02   2.76039168E-03   1.48614432E-04
   9.78188738E-02   2.84017995E-03   1.49910484E-04
   9.81044769E-02   2.92718783E-03   1.48733045E-04
   9.83900800E-02   3.04028764E-03   1.50902837E-04
   9.86756831E-02   2.99140811E-03   1.47473111E-04
   9.89612862E-02   2.69990042E-03   1.47516752E-04
   9.92468894E-02   2.90274248E-03   1.48222563E-04
   9.95324925E-02   2.84653902E-03   1.48222767E-04
   9.98180956E-02   2.83985585E-03   1.48359919E-04
  0.100103699       2.58386880E-03   1.47013372E-04
  0.100389294       2.67926604E-03   1.46799561E-04
  0.100674897       2.90748104E-03   1.47918763E-04
  0.100960501       2.68064812E-03   1.46982682E-04
  0.101246104       2.98850983E-03   1.47149141E-04
  0.101531707       2.95760483E-03   1.46481965E-04
  0.101817310       2.64603645E-03   1.47095328E-04
  0.102102913       2.82378122E-03   1.47094688E-04
  0.102388516       2.32049078E-03   1.45041806E-04
  0.102674119       2.54767761E-03   1.45985672E-04
  0.102959722       2.40782648E-03   1.45617028E-04
  0.103245325       2.67834961E-03   1.45767248E-04
  0.103530928       2.53968313E-03   1.46364488E-04
  0.103816532       2.24593654E-03   1.43855897E-04
  0.104102135       2.54445150E-03   1.45170270E-04
  0.104387730       2.43190303E-03   1.43856567E-04
  0.104673333       2.67642736E-03   1.45821628E-04
  0.104958937       2.28101760E-03   1.43479541E-04
  0.105244540       2.35150009E-03   1.44467995E-04
  0.105530143       2.35200301E-03   1.45220896E-04
  0.105815746       2.43461132E-03   1.43429628E-04
  0.106101349       2.45881453E-03   1.43473444E-04
  0.106386952       2.37375125E-03   1.42861216E-04
  0.106672555       2.07610801E-03   1.44002886E-04
  0.106958158       2.28609517E-03   1.44339894E-04
  0.107243761       2.49204040E-03   1.42349410E-04
  0.107529365       2.25723162E-03   1.42849036E-04
  0.107814968       2.06117332E-03   1.42327888E-04
  0.108100563       2.10713968E-03   1.42395584E-04
  0.108386166       2.26640701E-03   1.42735968E-04
  0.108671769       2.22534686E-03   1.42443692E-04
  0.108957373       2.28086486E-03   1.42148652E-04
  0.109242976       2.23518908E-03   1.42071018E-04
  0.109528579       2.18409300E-03   1.46177292E-04
  0.109814182       2.17414275E-03   1.45430779E-04
  0.110099785       2.12390721E-03   1.48351668E-04
  0.110385388       1.94058567E-03   1.48976076E-04
  0.110670991       2.20436975E-03   1.50810840E-04
  0.110956594       2.13285908E-03   1.51363725E-04
  0.111242197       2.08713114E-03   1.51469198E-04
  0.111527801       2.09315121E-03   1.53675704E-04
  0.111813404       1.86870992E-03   1.54583366E-04
  0.112098999       2.29187682E-03   1.55272806E-04
  0.112384602       2.01867893E-03   1.55932488E-04
  0.112670206       1.85352936E-03   1.56084134E-04
  0.112955809       2.19541416E-03   1.58756462E-04
  0.113241412       1.89930946E-03   1.56809707E-04
  0.113527015       1.71364099E-03   1.53709494E-04
  0.113812618       2.00133771E-03   1.53781715E-04
  0.114098221       1.87100098E-03   1.51396816E-04
  0.114383824       1.88998505E-03   1.52058507E-04
  0.114669427       1.69681013E-03   1.48894542E-04
  0.114955030       1.95737183E-03   1.49584186E-04
  0.115240633       2.17068940E-03   1.48969397E-04
  0.115526237       1.73248723E-03   1.48280727E-04
  0.115811840       2.08889693E-03   1.48573716E-04
  0.116097435       1.79329515E-03   1.44968668E-04
  0.116383038       1.76493451E-03   1.47449842E-04
  0.116668642       1.80850178E-03   1.45516096E-04
  0.116954245       1.94327906E-03   1.45926038E-04
  0.117239848       1.71236321E-03   1.46345788E-04
  0.117525451       1.77686661E-03   1.44101810E-04
  0.117811054       1.67242065E-03   1.45536134E-04
  0.118096657       1.91114843E-03   1.43581055E-04
  0.118382260       1.51069835E-03   1.43570578E-04
  0.118667863       1.79067627E-03   1.43675687E-04
  0.118953466       1.74408779E-03   1.43438927E-04
  0.119239070       1.68168545E-03   1.44008765E-04
  0.119524673       1.48903951E-03   1.41894910E-04
  0.119810268       1.58999860E-03   1.42288060E-04
  0.120095871       1.77638978E-03   1.42130666E-04
  0.120381474       1.88604370E-03   1.41011013E-04
  0.120667078       1.52902678E-03   1.41609329E-04
  0.120952681       1.54279545E-03   1.38142947E-04
  0.121238284       1.55572593E-03   1.40152217E-04
  0.121523887       1.48333982E-03   1.39103824E-04
  0.121809490       1.66251883E-03   1.38844742E-04
  0.122095093       1.38089806E-03   1.39028081E-04
  0.122380696       1.49878487E-03   1.37787705E-04
  0.122666299       1.70470774E-03   1.38181742E-04
  0.122951902       1.59865618E-03   1.36729926E-04
  0.123237506       1.53142214E-03   1.37258990E-04
  0.123523109       1.56036392E-03   1.36612289E-04
  0.123808704       1.46759674E-03   1.36595016E-04
  0.124094307       1.44312903E-03   1.37265684E-04
  0.124379911       1.47829577E-03   1.35393449E-04
  0.124665514       1.48558989E-03   1.35821378E-04
  0.124951117       1.34168938E-03   1.36028088E-04
  0.125236720       1.39791518E-03   1.36416347E-04
  0.125522330       1.55785680E-03   1.36787305E-04
  0.125807926       1.70929357E-03   1.34905946E-04
  0.126093522       1.49798766E-03   1.35863331E-04
  0.126379132       1.38046220E-03   1.34976581E-04
  0.126664728       1.23819709E-03   1.38531628E-04
  0.126950338       1.61890686E-03   1.41603217E-04
  0.127235934       1.41862780E-03   1.42306351E-04
  0.127521545       1.39812753E-03   1.45391154E-04
  0.127807140       1.45452470E-03   1.44233360E-04
  0.128092751       1.34431943E-03   1.46612030E-04
  0.128378347       1.42134354E-03   1.46602586E-04
  0.128663957       1.53875351E-03   1.47985978E-04
  0.128949553       1.22014806E-03   1.48973457E-04
  0.129235163       1.33832544E-03   1.48265739E-04
  0.129520759       1.39678642E-03   1.48966908E-04
  0.129806355       1.07331574E-03   1.49093918E-04
  0.130091965       1.30442157E-03   1.48771840E-04
  0.130377561       1.30384415E-03   1.50780703E-04
  0.130663171       1.19992346E-03   1.49056708E-04
  0.130948767       1.14588067E-03   1.49796339E-04
  0.131234378       1.20919943E-03   1.47896542E-04
  0.131519973       1.21044740E-03   1.50037667E-04
  0.131805584       9.82485712E-04   1.50284570E-04
  0.132091179       1.09316781E-03   1.50418389E-04
  0.132376790       1.21037290E-03   1.52664157E-04
  0.132662386       1.21774152E-03   1.50464301E-04
  0.132947996       1.17983297E-03   1.51621571E-04
  0.133233592       9.91027802E-04   1.51032684E-04
  0.133519188       1.25247985E-03   1.48550302E-04
  0.133804798       1.21164322E-03   1.45989048E-04
  0.134090394       1.20298192E-03   1.42418459E-04
  0.134376004       1.16732344E-03   1.42661229E-04
  0.134661600       6.86712563E-04   1.39956144E-04
  0.134947211       9.17639583E-04   1.39691692E-04
  0.135232806       8.43800604E-04   1.39380820E-04
  0.135518417       1.06783956E-03   1.37786614E-04
  0.135804012       9.29012895E-04   1.36561081E-04
  0.136089623       8.57345760E-04   1.36074959E-04
  0.136375219       9.08821821E-04   1.36267452E-04
  0.136660829       1.05572492E-03   1.35750204E-04
  0.136946425       9.86754894E-04   1.35162525E-04
  0.137232035       7.70606101E-04   1.35011374E-04
  0.137517631       1.14468113E-03   1.34870977E-04
  0.137803227       7.12946057E-04   1.34776783E-04
  0.138088837       9.78019089E-04   1.33613590E-04
  0.138374433       1.02626532E-03   1.34280839E-04
  0.138660043       9.79740173E-04   1.33949638E-04
  0.138945639       7.32541084E-04   1.33055553E-04
  0.139231250       1.08725205E-03   1.33883485E-04
  0.139516845       8.48013908E-04   1.33192138E-04
  0.139802456       7.56785274E-04   1.31987486E-04
  0.140088052       8.30758363E-04   1.32975285E-04
  0.140373662       8.16266984E-04   1.32260451E-04
  0.140659258       8.62434506E-04   1.32720728E-04
  0.140944868       9.78928059E-04   1.31546563E-04
  0.141230464       7.29691237E-04   1.32282861E-04
  0.141516060       7.57526606E-04   1.31684559E-04
  0.141801670       7.96340406E-04   1.31543493E-04
  0.142087266       6.45533204E-04   1.31499488E-04
  0.142372876       8.13953578E-04   1.29839638E-04
  0.142658472       6.67177141E-04   1.31325389E-04
  0.142944083       7.23056495E-04   1.30863424E-04
  0.143229678       9.68709588E-04   1.30502653E-04
  0.143515289       8.40254128E-04   1.31376059E-04
  0.143800884       8.60992819E-04   1.29633147E-04
  0.144086495       7.69991428E-04   1.30785120E-04
  0.144372091       6.05307519E-04   1.29343971E-04
  0.144657701       8.21959227E-04   1.30252112E-04
  0.144943297       7.00637698E-04   1.29412292E-04
  0.145228893       9.24244523E-04   1.29144915E-04
  0.145514503       6.10031188E-04   1.30180604E-04
  0.145800099       9.96656716E-04   1.28383079E-04
  0.146085709       9.71525908E-04   1.30211454E-04
  0.146371305       8.47160816E-04   1.29363994E-04
  0.146656916       7.79170543E-04   1.28835192E-04
  0.146942511       6.18878752E-04   1.28696163E-04
  0.147228122       4.93742526E-04   1.26768209E-04
  0.147513717       7.77032226E-04   1.28801679E-04
  0.147799328       6.86179847E-04   1.28863539E-04
  0.148084924       6.38458878E-04   1.27958687E-04
  0.148370534       6.02159649E-04   1.28276879E-04
  0.148656130       6.76307827E-04   1.27529318E-04
  0.148941740       8.28698277E-04   1.28579602E-04
  0.149227336       3.48065048E-04   1.27157065E-04
  0.149512932       8.94661993E-04   1.27327483E-04
  0.149798542       5.77647239E-04   1.27557563E-04
  0.150084138       6.31481409E-04   1.27073130E-04
  0.150369748       6.67180866E-04   1.27292689E-04
  0.150655344       5.60693443E-04   1.25884355E-04
  0.150940955       7.34299421E-04   1.27292398E-04
  0.151226550       6.94453716E-04   1.26446263E-04
  0.151512161       5.99969178E-04   1.26777304E-04
  0.151797757       8.41535628E-04   1.26406012E-04
  0.152083367       6.68235123E-04   1.25443970E-04
  0.152368963       5.28510660E-04   1.26645755E-04
  0.152654573       4.92904335E-04   1.25550607E-04
  0.152940169       4.42951918E-04   1.25571620E-04
  0.153225765       6.78636134E-04   1.25406470E-04
  0.153511375       5.44693321E-04   1.25570819E-04
  0.153796971       6.33396208E-04   1.25609295E-04
  0.154082581       3.50456685E-04   1.24472775E-04
  0.154368177       2.05095857E-04   1.25179809E-04
  0.154653788       5.72618097E-04   1.24806451E-04
  0.154939383       5.44454902E-04   1.25042323E-04
  0.155224994       3.49350274E-04   1.23983729E-04
  0.155510589       5.52989542E-04   1.24264887E-04
  0.155796200       4.67851758E-04   1.24654092E-04
  0.156081796       6.70947134E-04   1.24687256E-04
  0.156367406       5.50612807E-04   1.24560669E-04
  0.156653002       3.97380441E-04   1.24048456E-04
  0.156938598       4.59961593E-04   1.23616570E-04
  0.157224208       5.18072397E-04   1.24022670E-04
  0.157509804       6.11260533E-04   1.23903243E-04
  0.157795414       6.09785318E-04   1.23472259E-04
  0.158081010       5.70844859E-04   1.24192302E-04
  0.158366621       6.33597374E-04   1.23397665E-04
  0.158652216       3.18758190E-04   1.23450751E-04
  0.158937827       4.43451107E-04   1.22375204E-04
  0.159223422       5.11683524E-04   1.23063350E-04
  0.159509033       3.82013619E-04   1.23110833E-04
  0.159794629       3.31159681E-04   1.22796468E-04
  0.160080239       4.71893698E-04   1.23369260E-04
  0.160365835       6.05385751E-04   1.22028134E-04
  0.160651445       4.57253307E-04   1.22471072E-04
  0.160937041       3.78720462E-04   1.22581740E-04
  0.161222637       3.43348831E-04   1.22116006E-04
  0.161508247       4.14539129E-04   1.22256810E-04
  0.161793843       5.25370240E-04   1.22419791E-04
  0.162079453       2.94949859E-04   1.21830824E-04
  0.162365049       3.02977860E-04   1.21671626E-04
  0.162650660       5.51145524E-04   1.21483325E-04
  0.162936255       2.57141888E-04   1.21460485E-04
  0.163221866       4.94867563E-04   1.21910933E-04
  0.163507462       3.04691494E-04   1.21627767E-04
  0.163793072       3.39549035E-04   1.20761833E-04
  0.164078668       3.33074480E-04   1.21066259E-04
  0.164364278       5.01096249E-04   1.20954108E-04
  0.164649874       7.09824264E-04   1.21639838E-04
  0.164935470       5.04158437E-04   1.21134675E-04
  0.165221080       5.63092530E-04   1.21003606E-04
  0.165506676       4.16878611E-04   1.21222598E-04
  0.165792286       4.74583358E-04   1.20145982E-04
  0.166077882       3.58417630E-04   1.20832497E-04
  0.166363493       3.18333507E-04   1.20145982E-04
  0.166649088       4.39796597E-04   1.20555400E-04
  0.166934699       2.74684280E-04   1.20330165E-04
  0.167220294       2.36932188E-04   1.19452925E-04
  0.167505905       3.13069671E-04   1.19863056E-04
  0.167791501       4.51978296E-04   1.19949436E-04
  0.168077111       2.80141830E-04   1.20099416E-04
  0.168362707       2.88158655E-04   1.19136610E-04
  0.168648303       3.56320292E-04   1.18837474E-04
  0.168933913       3.07142735E-04   1.19288678E-04
  0.169219509       2.99565494E-04   1.18578129E-04
  0.169505119       3.89494002E-04   1.18281860E-04
  0.169790715       3.09441239E-04   1.17938514E-04
  0.170076326       2.65724957E-04   1.18039068E-04
  0.170361921       3.64471227E-04   1.18426855E-04
  0.170647532       4.53762710E-04   1.17495605E-04
  0.170933127       2.30994076E-04   1.18204465E-04
  0.171218738       2.77277082E-04   1.16789015E-04
  0.171504334       3.76019627E-04   1.18317148E-04
  0.171789944       4.89331782E-04   1.18773285E-04
  0.172075540       1.86838210E-04   1.16225427E-04
  0.172361135       4.78461385E-04   1.17667267E-04
  0.172646746       2.22120434E-04   1.16814328E-04
  0.172932342       4.53662127E-04   1.17909898E-04
  0.173217952       1.97384506E-04   1.17486539E-04
  0.173503548       3.34769487E-04   1.16806776E-04
  0.173789158       2.38236040E-04   1.17855016E-04
  0.174074754       2.29619443E-04   1.16818155E-04
  0.174360365       6.82622194E-05   1.17731484E-04
  0.174645960       3.19004059E-04   1.17488875E-04
  0.174931571       3.08346003E-04   1.16554991E-04
  0.175217167       3.14451754E-05   1.17657459E-04
  0.175502777       1.53008848E-04   1.16514115E-04
  0.175788373       3.19149345E-04   1.17849551E-04
  0.176073983       2.82328576E-04   1.16532610E-04
  0.176359579       8.56406987E-05   1.17676514E-04
  0.176645175       2.61791050E-04   1.16557610E-04
  0.176930785      -2.40921974E-04   1.16023206E-04
  0.177216381       3.70532274E-04   1.16905787E-04
  0.177501991       3.82069498E-04   1.16400355E-04
  0.177787587       2.80801207E-04   1.17094765E-04
  0.178073198       2.69573182E-04   1.16494120E-04
  0.178358793       1.80952251E-04   1.16192779E-04
  0.178644404       1.58932060E-04   1.15983719E-04
  0.178929999       1.78527087E-04   1.16153351E-04
  0.179215610       2.21185386E-04   1.16090283E-04
  0.179501206       2.89209187E-04   1.16389383E-04
  0.179786816       1.14046037E-04   1.15757925E-04
  0.180072412       2.03408301E-04   1.16495445E-04
  0.180358008       1.43088400E-04   1.14852352E-04
  0.180643618       3.83332372E-04   1.16191055E-04
  0.180929214       3.79614532E-04   1.15987779E-04
  0.181214824       2.75760889E-04   1.15595474E-04
  0.181500420       2.72195786E-04   1.15680508E-04
  0.181786031       1.80277973E-04   1.15015406E-04
  0.182071626       1.06651336E-04   1.14928946E-04
  0.182357237       1.41184777E-04   1.15299648E-04
  0.182642832       2.58963555E-04   1.14762755E-04
  0.182928443       2.44989991E-04   1.15561343E-04
  0.183214039       1.55944377E-04   1.15346586E-04
  0.183499649       5.18485904E-05   1.14490736E-04
  0.183785245       1.21932477E-04   1.14554117E-04
  0.184070840       1.36651099E-04   1.14217655E-04
  0.184356451       3.54789197E-04   1.15337978E-04
  0.184642047       1.41315162E-04   1.14236798E-04
  0.184927657       1.89650804E-04   1.14542367E-04
  0.185213253      -1.06953084E-05   1.14246759E-04
  0.185498863       3.62467021E-04   1.14546470E-04
  0.185784459       2.73898244E-04   1.14212387E-04
  0.186070070       1.85664743E-04   1.14678303E-04
  0.186355665       2.46241689E-06   1.13734757E-04
  0.186641276      -3.33636999E-05   1.13316106E-04
  0.186926872       8.57114792E-05   1.13942384E-04
  0.187212482       2.70426273E-04   1.15341747E-04
  0.187498078       2.82976776E-04   1.17776493E-04
  0.187783673       5.57154417E-05   1.18914941E-04
  0.188069284       2.75708735E-04   1.21233672E-04
  0.188354880       3.53749841E-04   1.21523350E-04
  0.188640490       3.00854445E-05   1.21309247E-04
  0.188926086       7.76983798E-05   1.23130958E-04
  0.189211696       1.69344246E-04   1.23370293E-04
  0.189497292      -7.58990645E-05   1.24066544E-04
  0.189782903       7.41183758E-05   1.23835242E-04
  0.190068498       3.88994813E-05   1.24341939E-04
  0.190354109       2.01448798E-04   1.25584804E-04
  0.190639704      -9.96515155E-05   1.23907274E-04
  0.190925315      -2.03117728E-04   1.25317703E-04
  0.191210911       2.15720385E-04   1.24948565E-04
  0.191496521       2.57268548E-05   1.25756706E-04
  0.191782117       1.98412687E-04   1.26793282E-04
  0.192067713       2.33583152E-04   1.24415790E-04
  0.192353323       1.73319131E-04   1.26839455E-04
  0.192638919       1.71490014E-04   1.26417042E-04
  0.192924529       1.77118927E-04   1.26787549E-04
  0.193210125       6.39259815E-06   1.26629966E-04
  0.193495736       1.02799386E-04   1.26177561E-04
  0.193781331       1.28727406E-04   1.28251238E-04
  0.194066942       3.38628888E-05   1.24190687E-04
  0.194352537       3.10167670E-05   1.22909434E-04
  0.194638148       1.55106187E-04   1.20679295E-04
  0.194923744       3.98449600E-04   1.19444441E-04
  0.195209354       2.05706805E-04   1.19549673E-04
  0.195494950       3.94657254E-05   1.16849973E-04
  0.195780545       7.37197697E-05   1.17191943E-04
  0.196066156      -9.48794186E-05   1.16656389E-04
  0.196351752       7.45020807E-05   1.16572366E-04
  0.196637362       1.37269497E-04   1.17051895E-04
  0.196922958      -1.28589571E-04   1.14208560E-04
  0.197208568       1.40871853E-04   1.15845942E-04
  0.197494164       3.46451998E-06   1.15801748E-04
  0.197779775      -1.47100538E-04   1.14944640E-04
  0.198065370       4.43980098E-05   1.15003728E-04
  0.198350981       2.01277435E-05   1.14205621E-04
  0.198636577      -1.88495964E-04   1.14992079E-04
  0.198922187       2.26106495E-04   1.14920840E-04
  0.199207783      -1.57024711E-04   1.13940674E-04
  0.199493378       9.39331949E-05   1.13767732E-04
  0.199778989       2.15955079E-05   1.14313698E-04
  0.200064585       1.22584403E-04   1.14608527E-04
  0.200350195      -1.38714910E-04   1.13354487E-04
  0.200635791      -1.26097351E-04   1.12897411E-04
  0.200921401      -7.47367740E-05   1.13355745E-04
  0.201206997       1.66676939E-04   1.14032053E-04
  0.201492608      -6.66603446E-05   1.13068359E-04
  0.201778203      -1.54860318E-04   1.12939597E-04
  0.202063814       1.42108649E-04   1.13349532E-04
  0.202349409       8.04215670E-05   1.12789610E-04
  0.202635020       1.02508813E-04   1.13614078E-04
  0.202920616       1.12131238E-06   1.12203394E-04
  0.203206211       3.75509262E-05   1.13178183E-04
  0.203491822       8.98092985E-05   1.12678426E-04
  0.203777418       1.36509538E-04   1.11935275E-04
  0.204063028       2.90703028E-04   1.12717586E-04
  0.204348624       1.29271299E-04   1.11759153E-04
  0.204634234       3.45259905E-05   1.12628593E-04
  0.204919830       7.62604177E-05   1.12697919E-04
  0.205205441       8.43890011E-05   1.11778449E-04
  0.205491036      -4.26732004E-05   1.11876019E-04
  0.205776647      -4.84399498E-05   1.11084002E-04
  0.206062242      -2.28583813E-05   1.11981033E-04
  0.206347853       1.72045082E-04   1.11458663E-04
  0.206633449       9.11951065E-05   1.11311856E-04
  0.206919059       1.00966543E-04   1.12166148E-04
  0.207204655      -4.56497073E-05   1.10711175E-04
  0.207490250      -5.36516309E-05   1.11767979E-04
  0.207775861       3.51592898E-05   1.10141853E-04
  0.208061457       7.20471144E-05   1.10904439E-04
  0.208347067       2.92804092E-04   1.11794034E-04
  0.208632663       6.89700246E-05   1.10191933E-04
  0.208918273      -1.91479921E-04   1.10475841E-04
  0.209203869      -3.27825546E-07   1.10324996E-04
  0.209489480       3.72678041E-05   1.10709188E-04
  0.209775075       3.56983393E-04   1.10852772E-04
  0.210060686      -7.23078847E-06   1.10700887E-04
  0.210346282       1.73754990E-04   1.10705558E-04
  0.210631892       5.07012010E-05   1.09744069E-04
  0.210917488      -2.55182385E-06   1.10214110E-04
  0.211203083       6.85602427E-05   1.09434528E-04
  0.211488694      -2.67699361E-04   1.09830798E-04
  0.211774290       1.74459070E-04   1.10719331E-04
  0.212059900      -9.11466777E-05   1.09206434E-04
  0.212345496      -7.66627491E-05   1.09781169E-04
  0.212631106      -1.15901232E-04   1.09268090E-04
  0.212916702      -2.96644866E-05   1.10036250E-04
  0.213202313       1.91107392E-06   1.09463566E-04
  0.213487908      -4.82089818E-05   1.08946551E-04
  0.213773519      -1.62050128E-05   1.09607732E-04
  0.214059114       1.51693821E-04   1.08869033E-04
  0.214344725       2.69338489E-06   1.09463203E-04
  0.214630321       2.80141830E-06   1.08750144E-04
  0.214915916       1.68275088E-04   1.08891334E-04
  0.215201527      -8.19563866E-08   1.09802990E-04
  0.215487123      -4.34592366E-05   1.08293585E-04
  0.215772733       9.12249088E-05   1.08598004E-04
  0.216058329       1.33540481E-04   1.08651795E-04
  0.216343939      -9.38437879E-05   1.08585533E-04
  0.216629535      -5.98430634E-05   1.08491695E-04
  0.216915146       5.77978790E-05   1.08287371E-04
  0.217200741       3.92235816E-05   1.08801069E-04
  0.217486352       1.06520951E-04   1.08091081E-04
  0.217771947       2.46819109E-04   1.08143555E-04
  0.218057558      -1.03544444E-04   1.07801534E-04
  0.218343154       5.25005162E-05   1.07107582E-04
  0.218628749      -1.24048442E-04   1.08079243E-04
  0.218914360      -4.73037362E-05   1.06169631E-04
  0.219199955      -2.01240182E-05   1.07722852E-04
  0.219485566      -6.83218241E-06   1.06787709E-04
  0.219771162       6.06514513E-05   1.07538879E-04
  0.220056772       1.04647130E-04   1.07157524E-04
  0.220342368       1.77271664E-04   1.07068729E-04
  0.220627978       1.88503414E-04   1.07096996E-04
  0.220913574       2.69711018E-05   1.06433472E-04
  0.221199185      -1.53195113E-04   1.06531115E-04
  0.221484780       2.19188631E-04   1.06896245E-04
  0.221770391      -1.50389969E-04   1.06040985E-04
  0.222055987      -1.02754682E-04   1.06892105E-04
  0.222341597       9.34228301E-05   1.06153777E-04
  0.222627193      -3.25217843E-06   1.06464591E-04
  0.222912788       6.26519322E-05   1.05915278E-04
  0.223198399      -1.77986920E-04   1.06222134E-04
  0.223483995       9.52295959E-05   1.06839820E-04
  0.223769605      -4.69461083E-05   1.05642051E-04
  0.224055201       1.35507435E-04   1.06580235E-04
  0.224340811       1.64736062E-04   1.06381733E-04
  0.224626407      -9.17203724E-05   1.07172855E-04
  0.224912018       7.06501305E-05   1.06336222E-04
  0.225197613      -4.20734286E-05   1.06239037E-04
  0.225483224       3.95476818E-05   1.06650456E-04
  0.225768819      -3.00221145E-05   1.05866930E-04
  0.226054430      -1.63208693E-04   1.06332045E-04
  0.226340026       2.37092376E-04   1.05626685E-04
  0.226625621       5.51417470E-05   1.06220141E-04
  0.226911232      -1.63961202E-04   1.06057807E-04
  0.227196828       4.21851873E-05   1.05663195E-04
  0.227482438      -1.13103539E-04   1.06064159E-04
  0.227768034       1.69113278E-04   1.05189407E-04
  0.228053644      -5.32306731E-05   1.06309650E-04
  0.228339240       2.03922391E-05   1.05666346E-04
  0.228624851       1.36997551E-04   1.05412342E-04
  0.228910446      -5.04590571E-05   1.05579769E-04
  0.229196057       1.37034804E-04   1.04901679E-04
  0.229481652      -4.13805246E-05   1.05816383E-04
  0.229767263      -1.25803053E-04   1.04887957E-04
  0.230052859       1.38677657E-04   1.05302817E-04
  0.230338454      -3.18624079E-05   1.05318824E-04
  0.230624065      -2.60718167E-04   1.04901221E-04
  0.230909660       5.07384539E-06   1.05422238E-04
  0.231195271       9.49203968E-06   1.04205159E-04
  0.231480867       1.14187598E-04   1.04990759E-04
  0.231766477      -1.32918358E-05   1.05106716E-04
  0.232052073      -5.75035810E-05   1.04969993E-04
  0.232337683      -2.64979899E-05   1.04945233E-04
  0.232623279       8.32974911E-06   1.04256207E-04
  0.232908890       1.35507435E-04   1.04935229E-04
  0.233194485       7.81603158E-05   1.04650680E-04
  0.233480096      -2.66872346E-04   1.03999329E-04
  0.233765692      -5.26383519E-05   1.04717205E-04
  0.234051287       6.00889325E-06   1.03890816E-04
  0.234336898      -7.76648521E-05   1.04873259E-04
  0.234622493       5.36441803E-05   1.03694198E-04
  0.234908104      -1.91517174E-05   1.04041734E-04
  0.235193700       1.06647611E-04   1.04712031E-04
  0.235479310      -2.29105353E-06   1.04193765E-04
  0.235764906       2.01165676E-04   1.04799408E-04
  0.236050516       7.25314021E-05   1.03064871E-04
  0.236336112       2.17482448E-05   1.04207000E-04
  0.236621723      -1.94557011E-04   1.03308033E-04
  0.236907318       4.72515821E-05   1.04213519E-04
  0.237192929      -7.65360892E-05   1.03977836E-04
  0.237478524       1.20531768E-04   1.03324390E-04
  0.237764135       9.90703702E-05   1.04371589E-04
  0.238049731      -1.03365630E-04   1.03232815E-04
  0.238335326      -9.76957381E-05   1.02730912E-04
  0.238620937      -9.51774418E-05   1.03732767E-04
  0.238906533      -7.74338841E-05   1.03212842E-04
  0.239192143       1.12164766E-04   1.04341125E-04
  0.239477739      -5.97313046E-05   1.02720645E-04
  0.239763349       4.16189432E-05   1.03350227E-04
  0.240048945       3.63662839E-05   1.03169652E-04
  0.240334556       1.21276826E-04   1.03242608E-04
  0.240620151      -3.57069075E-05   1.03218517E-04
  0.240905762      -5.17740846E-05   1.02166501E-04
  0.241191357       1.99921429E-04   1.03491562E-04
  0.241476968       1.21071935E-06   1.02826438E-04
  0.241762564       3.75509262E-05   1.02659658E-04
  0.242048159      -9.62056220E-05   1.02759783E-04
  0.242333770      -7.36154616E-05   1.02402686E-04
  0.242619365      -1.22014433E-04   1.03019280E-04
  0.242904976       1.66766346E-04   1.02279118E-04
  0.243190572       7.36117363E-06   1.02230377E-04
  0.243476182       7.86930323E-05   1.02590609E-04
  0.243761778      -3.94992530E-05   1.02600410E-04
  0.244047388      -1.50740147E-04   1.02266211E-04
  0.244332984       6.13033772E-05   1.02050806E-04
  0.244618595       9.08598304E-06   1.02460333E-04
  0.244904190      -3.17245722E-05   1.02217542E-04
  0.245189801      -1.64806843E-05   1.02365135E-04
  0.245475397       1.17082149E-04   1.02249505E-04
  0.245760992       2.40348279E-04   1.01727230E-04
  0.246046603      -1.44217163E-04   1.01907026E-04
  0.246332198      -7.92294741E-05   1.01477621E-04
  0.246617809      -3.68058681E-06   1.01792059E-04
  0.246903405       1.08670443E-04   1.02052436E-04
  0.247189015       2.18003988E-05   1.01817692E-04
  0.247474611      -5.72949648E-05   1.01947720E-04
  0.247760221       2.84612179E-06   1.00879624E-04
  0.248045817       9.37841833E-05   1.04172075E-04
  0.248331428       6.26891851E-05   1.05376908E-04
  0.248617023      -8.88742507E-05   1.06550135E-04
  0.248902634      -1.23277307E-04   1.07698739E-04
  0.249188229       1.02981925E-04   1.07667343E-04
  0.249473825      -1.45550817E-04   1.08772641E-04
  0.249759436      -5.94407320E-05   1.09648303E-04
  0.250045031       4.03299928E-05   1.11958485E-04
  0.250330627      -1.64210796E-05   1.13778915E-04
  0.250616252       1.78664923E-05   1.15227405E-04
  0.250901848       9.32738185E-05   1.17221120E-04
  0.251187444      -2.78055668E-05   1.17163290E-04
  0.251473039       4.19430435E-05   1.19438824E-04
  0.251758665       9.41753387E-06   1.20493307E-04
  0.252044261       5.52460551E-06   1.21676945E-04
  0.252329856       1.80907547E-04   1.23338716E-04
  0.252615452      -2.21215189E-04   1.22627214E-04
  0.252901077       1.82565302E-04   1.24577651E-04
  0.253186673      -1.34918839E-04   1.25002785E-04
  0.253472269      -1.02434307E-04   1.27039355E-04
  0.253757864       5.43519855E-06   1.27807740E-04
  0.254043460      -6.38812780E-05   1.28530242E-04
  0.254329085      -1.45561993E-04   1.29713051E-04
  0.254614681       1.45658851E-05   1.29007967E-04
  0.254900277      -6.21862710E-05   1.30731496E-04
  0.255185872       8.96044075E-05   1.31317851E-04
  0.255471498      -3.53902578E-06   1.31317123E-04
  0.255757093      -1.45997852E-04   1.33186404E-04
  0.256042689      -1.09672546E-05   1.31222754E-04
  0.256328285       7.18422234E-05   1.33877169E-04
  0.256613910      -1.78180635E-05   1.33157911E-04
  0.256899506      -2.73473561E-04   1.34263653E-04
  0.257185102       4.43257391E-04   1.36161820E-04
  0.257470697       2.43037939E-05   1.34875547E-04
  0.257756293       3.85195017E-06   1.36852046E-04
  0.258041918      -7.85551965E-05   1.35091454E-04
  0.258327514      -7.42897391E-05   1.36856121E-04
  0.258613110      -1.17376447E-04   1.37360883E-04
  0.258898705       7.06724823E-05   1.38217074E-04
  0.259184331       1.43796206E-06   1.38322808E-04
  0.259469926       1.95950270E-06   1.36010451E-04
  0.259755522       2.85796821E-04   1.39091208E-04
  0.260041118      -1.08271837E-04   1.37839495E-04
  0.260326743      -2.65352428E-05   1.38123214E-04
  0.260612339      -7.43754208E-05   1.38090167E-04
  0.260897934       4.39472497E-05   1.39060328E-04
  0.261183530      -2.31936574E-04   1.40607197E-04
  0.261469126      -1.64348632E-04   1.38595118E-04
  0.261754751      -1.51466578E-04   1.41014156E-04
  0.262040347       7.89947808E-05   1.40137243E-04
  0.262325943       9.49203968E-06   1.42492092E-04
  0.262611538      -1.79335475E-05   1.42675402E-04
  0.262897164      -1.04390085E-04   1.40281132E-04
  0.263182759       8.29920173E-05   1.44344638E-04
  0.263468355       2.66022980E-05   1.42653531E-04
  0.263753951       2.29064375E-04   1.45901329E-04
  0.264039576       1.02460384E-04   1.43515790E-04
  0.264325172      -1.47670507E-05   1.42990422E-04
  0.264610767      -3.61315906E-05   1.47348794E-04
  0.264896363       1.33849680E-05   1.44765960E-04
  0.265181959      -8.98055732E-05   1.45645914E-04
  0.265467584      -6.27934933E-05   1.46124803E-04
  0.265753180       3.46563756E-05   1.47008803E-04
  0.266038775       8.75480473E-05   1.49723783E-04
  0.266324371       9.30204988E-05   1.45757789E-04
  0.266609997      -2.11428851E-04   1.47905012E-04
  0.266895592       2.32607126E-05   1.49213680E-04
  0.267181188       1.01786107E-04   1.49871965E-04
  0.267466784       2.16025859E-04   1.52008637E-04
  0.267752409      -5.32194972E-05   1.48568026E-04
  0.268038005       2.37155706E-04   1.51271146E-04
  0.268323600       7.30119646E-05   1.51928019E-04
  0.268609196      -2.65717506E-04   1.50951135E-04
  0.268894792       9.47937369E-05   1.52175868E-04
  0.269180417       4.15369868E-06   1.51942528E-04
  0.269466013      -1.72905624E-04   1.53513232E-04
  0.269751608       2.58661807E-04   1.55088535E-04
  0.270037204       2.24273652E-04   1.52276058E-04
  0.270322829      -2.82332301E-04   1.54809153E-04
  0.270608425      -1.39780343E-04   1.54134468E-04
  0.270894021       3.23764980E-05   1.56744136E-04
  0.271179616      -7.78622925E-05   1.54041481E-04
  0.271465242      -3.52822244E-05   1.55317350E-04
  0.271750838      -1.36055052E-04   1.56000882E-04
  0.272036433      -3.88547778E-06   1.56793059E-04
  0.272322029      -2.18205154E-04   1.55127869E-04
  0.272607625      -2.67013907E-04   1.55965492E-04
  0.272893250      -2.16376036E-04   1.56971844E-04
  0.273178846      -7.74860382E-05   1.57599177E-04
  0.273464441      -4.34815884E-05   1.57323986E-04
  0.273750037      -7.80001283E-05   1.56586306E-04
  0.274035662      -1.17175281E-04   1.59141055E-04
  0.274321258       3.49953771E-05   1.60934753E-04
  0.274606854      -1.62906945E-04   1.57201575E-04
  0.274892449      -1.59218907E-05   1.61244141E-04
  0.275178075       3.01331282E-04   1.59205680E-04
  0.275463670      -1.80087984E-04   1.61761462E-04
  0.275749266      -9.84333456E-05   1.60418989E-04
  0.276034862       1.40890479E-05   1.60323601E-04
  0.276320487       2.56754458E-04   1.65108431E-04
  0.276606083      -1.46813691E-04   1.60768264E-04
  0.276891679      -1.75051391E-04   1.63707620E-04
  0.277177274       2.40642577E-04   1.63142249E-04
  0.277462870      -6.40191138E-05   1.64223151E-04
  0.277748495       4.49120998E-05   1.66157595E-04
  0.278034091       9.59075987E-05   1.63582154E-04
  0.278319687       1.80792063E-04   1.67136575E-04
  0.278605282      -9.19029117E-06   1.65382153E-04
  0.278890908       1.38945878E-04   1.67106773E-04
  0.279176503       5.02876937E-05   1.66214348E-04
  0.279462099       1.53712928E-04   1.67866514E-04
  0.279747695       1.89058483E-05   1.69629333E-04
  0.280033320      -1.49305910E-04   1.67538994E-04
  0.280318916      -4.99375165E-05   1.69545398E-04
  0.280604511      -2.12587416E-04   1.68238301E-04
  0.280890107       6.51329756E-05   1.70545434E-04
  0.281175703       2.13988125E-04   1.70381012E-04
  0.281461328      -5.95673919E-05   1.67757709E-04
  0.281746924       1.38916075E-05   1.71308086E-04
  0.282032520       1.78597867E-04   1.68656275E-04
  0.282318115       1.62348151E-04   1.71043081E-04
  0.282603741       1.20114535E-04   1.69971041E-04
  0.282889336      -9.51327384E-05   1.70274681E-04
  0.283174932       3.11590731E-04   1.72245011E-04
  0.283460528      -1.22807920E-04   1.68126513E-04
  0.283746153      -2.05256045E-04   1.71368258E-04
  0.284031749       3.82959843E-06   1.70481377E-04
  0.284317344      -2.17407942E-05   1.72137094E-04
  0.284602940      -3.37559730E-04   1.73720997E-04
  0.284888536      -2.62334943E-05   1.70605374E-04
  0.285174161      -4.46997583E-05   1.73794688E-04
  0.285459757      -4.49344516E-04   1.72049811E-04
  0.285745353      -6.59003854E-05   1.74867731E-04
  0.286030948      -3.60459089E-05   1.74322573E-04
  0.286316574       1.89751387E-04   1.76440037E-04
  0.286602169       2.79396772E-04   1.77508788E-04
  0.286887765       5.41508198E-04   1.75558525E-04
  0.287173361      -7.42003322E-05   1.78306494E-04
  0.287458986      -1.95264816E-04   1.76275367E-04
  0.287744582       2.12818384E-04   1.80083676E-04
  0.288030177       2.06176192E-04   1.80180985E-04
  0.288315773      -2.43831426E-04   1.76609043E-04
  0.288601369       1.09404325E-04   1.81797077E-04
  0.288886994      -1.71698630E-04   1.77404567E-04
  0.289172590       1.69567764E-04   1.82514239E-04
  0.289458185      -1.15092844E-04   1.80065137E-04
  0.289743781       1.23582780E-04   1.81657073E-04
  0.290029407       1.07955188E-04   1.86094505E-04
  0.290315002       4.07498330E-04   1.79607261E-04
  0.290600598       1.01484358E-04   1.86508521E-04
  0.290886194       1.35134906E-04   1.81706448E-04
  0.291171819       1.98621303E-04   1.85188415E-04
  0.291457415      -1.23903155E-05   1.87503640E-04
  0.291743010       1.75174326E-04   1.83502139E-04
  0.292028606       1.95302069E-04   1.89280312E-04
  0.292314202      -1.45860016E-04   1.83849392E-04
  0.292599827      -2.23778188E-04   1.88503021E-04
  0.292885423      -5.13307750E-05   1.87663900E-04
  0.293171018      -1.30608678E-04   1.87965066E-04
  0.293456614       4.35411930E-05   1.90859428E-04
  0.293742239       1.77167356E-04   1.87881000E-04
  0.294027835       2.01571733E-04   1.92512307E-04
  0.294313431      -3.15941870E-05   1.90578867E-04
  0.294599026      -3.06598842E-04   1.90381586E-04
  0.294884652       3.14135104E-04   1.93992979E-04
  0.295170248       2.84202397E-04   1.93434622E-04
  0.295455843       2.90945172E-06   1.94430482E-04
  0.295741439       2.42646784E-04   1.92029111E-04
  0.296027035      -9.82731581E-06   1.96277353E-04
  0.296312660      -1.26801431E-04   1.94622407E-04
  0.296598256       2.56631523E-04   1.97772461E-04
  0.296883851       6.36037439E-04   1.99054484E-04
  0.297169447       3.64068896E-04   1.94786626E-04
  0.297455072      -1.79283321E-04   2.00373339E-04
  0.297740668      -1.95879489E-04   1.95988498E-04
  0.298026264      -5.79196960E-04   2.00678594E-04
  0.298311859       1.08402222E-04   2.01471397E-04
  0.298597485      -3.52412462E-05   1.97714646E-04
  0.298883080       1.54200941E-04   2.05448130E-04
  0.299168676      -1.36394054E-04   1.98797788E-04
  0.299454272       1.07899308E-04   2.04474112E-04
  0.299739867       1.17316842E-04   2.03167292E-04
  0.300025493       1.95197761E-04   2.03825577E-04
  0.300311089      -4.59700823E-06   2.08372250E-04
  0.300596684       5.89303672E-05   2.01971707E-04
  0.300882280       1.99824572E-04   2.09650272E-04
  0.301167905      -2.53833830E-04   2.04520751E-04
  0.301453501       1.86935067E-04   2.08993617E-04
  0.301739097      -3.82363796E-05   2.10248952E-04
  0.302024692       4.56508249E-04   2.07503268E-04
  0.302310318       1.71687454E-04   2.14889733E-04
  0.302595913      -1.31003559E-04   2.06263983E-04
  0.302881509      -1.91420317E-04   2.12813218E-04
  0.303167105       3.14302742E-05   2.12092011E-04
  0.303452700      -2.42099166E-04   2.12102692E-04
  0.303738326       2.13757157E-05   2.17460227E-04
  0.304023921       2.48938799E-04   2.10124519E-04
  0.304309517      -1.16303563E-04   2.19012698E-04
  0.304595113       1.48545951E-04   2.13774270E-04
  0.304880738       3.96370888E-05   2.18437373E-04
  0.305166334      -9.37916338E-05   2.18966350E-04
  0.305451930       2.61083245E-04   2.17253808E-04
  0.305737525       3.56875360E-04   2.24141477E-04
  0.306023151       4.76166606E-05   2.16237924E-04
  0.306308746       1.17730349E-04   2.23321709E-04
  0.306594342       2.19888985E-04   2.23205716E-04
  0.306879938      -1.92534178E-04   2.21873153E-04
  0.307165563      -2.28650868E-04   2.28097138E-04
  0.307451159       3.42167914E-04   2.22101444E-04
  0.307736754       7.15702772E-05   2.28229474E-04
  0.308022350      -8.00453126E-05   2.23367344E-04
  0.308307946       4.07211483E-05   2.29867306E-04
  0.308593571      -6.72042370E-05   2.29962854E-04
  0.308879167      -8.75443220E-05   2.25952404E-04
  0.309164762      -4.13917005E-05   2.35493004E-04
  0.309450358      -5.33722341E-05   2.26260949E-04
  0.309735984       2.86966562E-04   2.35508734E-04
  0.310021579       2.44121999E-04   2.32188453E-04
  0.310307175       4.27529216E-04   2.34639709E-04
  0.310592771      -2.46688724E-05   2.40507419E-04
  0.310878396       4.70213592E-04   2.31460974E-04
  0.311163992      -8.21650028E-05   2.40339607E-04
  0.311449587       1.39176846E-05   2.34931533E-04
  0.311735183      -1.01026148E-04   2.41050468E-04
  0.312020779       3.85306776E-05   2.41327551E-04
  0.312306404      -2.45574862E-04   2.39663830E-04
  0.312592000       6.26891851E-05   2.46008130E-04
  0.312877595      -1.68077648E-04   2.37640357E-04
  0.313163191       1.58526003E-04   2.43813527E-04
  0.313448817      -2.18000263E-04   2.41128204E-04
  0.313734412       1.13915652E-04   2.41461021E-04
  0.314020008       2.54925340E-04   2.48287106E-04
  0.314305604       1.50963664E-04   2.36099120E-04
  0.314591229      -1.94653869E-04   2.45054776E-04
  0.314876825      -1.43423676E-05   2.40544396E-04
  0.315162420      -2.22183764E-04   2.41528105E-04
  0.315448016       4.06868756E-04   2.45567819E-04
  0.315733612       5.33014536E-05   2.39844856E-04
  0.316019237      -2.99006701E-04   2.47571705E-04
  0.316304833      -5.83156943E-05   2.37406406E-04
  0.316590428       4.77954745E-05   2.47031508E-04
  0.316876024      -3.84375453E-05   2.44103372E-04
  0.317161649      -3.51965427E-04   2.45364296E-04
  0.317447245      -1.88086182E-04   2.49798322E-04
  0.317732841       3.77669930E-05   2.41390080E-04
  0.318018436      -1.79018825E-04   2.51589256E-04
  0.318304062      -1.91077590E-04   2.46886339E-04
  0.318589658      -1.04945153E-04   2.52568367E-04
  0.318875253       1.03943050E-04   2.53456587E-04
  0.319160849       5.50635159E-05   2.51697435E-04
  0.319446445       9.12435353E-05   2.59863795E-04
  0.319732070      -6.26631081E-05   2.48350087E-04
  0.320017666      -4.68268991E-06   2.62441434E-04
  0.320303261       1.30604953E-04   2.57030479E-04
  0.320588857       1.65455043E-04   2.61562120E-04
  0.320874482       8.65682960E-05   2.66620133E-04
  0.321160078       6.91600144E-05   2.55410007E-04
  0.321445674      -3.08103859E-04   2.66805786E-04
  0.321731269      -1.11520290E-04   2.59815191E-04
  0.322016895      -1.30500644E-04   2.70505931E-04
  0.322302490       1.09858811E-04   2.66022806E-04
  0.322588086       6.31585717E-04   2.69447570E-04
  0.322873682       1.36986375E-04   2.79005675E-04
  0.323159277       2.07070261E-04   2.62324291E-04
  0.323444903       1.23661011E-04   2.80929526E-04
  0.323730499      -8.53352249E-05   2.69794691E-04
  0.324016094      -2.60025263E-04   2.77863204E-04
  0.324301690       2.70586461E-04   2.88734649E-04
  0.324587315      -3.50125134E-04   2.67189753E-04
  0.324872911       1.10194087E-05   2.87782110E-04
  0.325158507      -4.87159938E-04   2.74385937E-04
  0.325444102       2.15414912E-04   2.89458927E-04
  0.325729728       1.33950263E-04   2.84178066E-04
  0.326015323       1.72939152E-04   2.86979455E-04
  0.326300919      -1.88145787E-04   2.98538856E-04
  0.326586515      -6.26817346E-05   2.82579887E-04
  0.326872110      -1.62124634E-05   2.97199644E-04
  0.327157736       4.16506082E-04   2.90493248E-04
  0.327443331       7.13653862E-05   2.99655600E-04
  0.327728927       3.36803496E-05   3.05873225E-04
  0.328014523       4.46032733E-04   2.91797274E-04
  0.328300148      -1.13997608E-04   3.10973963E-04
  0.328585744      -2.66376883E-04   2.92454264E-04
  0.328871340       6.99684024E-05   3.12231568E-04
  0.329156935       2.61876732E-04   3.04620276E-04
  0.329442561       1.47920102E-04   3.08790302E-04
  0.329728156      -2.35054642E-04   3.23056272E-04
  0.330013752      -1.15953386E-04   2.99088424E-04
  0.330299348       2.68459320E-04   3.25968198E-04
  0.330584943       9.11802053E-05   3.08392599E-04
  0.330870569      -1.19607896E-04   3.22569598E-04
  0.331156164       3.53645533E-04   3.30359297E-04
  0.331441760       4.06842679E-04   3.17510392E-04
  0.331727356      -7.30641186E-05   3.41920619E-04
  0.332012981      -8.84123147E-05   3.16152989E-04
  0.332298577       1.01967528E-03   3.44085303E-04
  0.332584172      -1.84688717E-04   3.28327384E-04
  0.332869768      -1.97626650E-05   3.38865852E-04
  0.333155394      -2.02149153E-04   3.58081190E-04
  0.333440989      -3.57050449E-04   3.24250665E-04
  0.333726585      -1.59554183E-04   3.57883138E-04
  0.334012181       1.24350190E-04   3.37131700E-04
  0.334297776       3.39832157E-04   3.55611061E-04
  0.334583402      -4.45827842E-04   3.55641590E-04
  0.334868997      -3.44771892E-04   3.47576308E-04
  0.335154593      -5.42938709E-04   3.77501419E-04
  0.335440189       2.12267041E-04   3.46040586E-04
  0.335725814      -5.51372766E-04   3.77996505E-04
  0.336011410      -2.17858702E-04   3.63158702E-04
  0.336297005       4.90993261E-04   3.77173827E-04
  0.336582601       1.99861825E-05   3.96710500E-04
  0.336868227      -3.66482884E-04   3.56127508E-04
  0.337153822      -1.45621598E-04   3.99491546E-04
  0.337439418      -2.27615237E-05   3.74959607E-04
  0.337725013       3.30321491E-04   4.02363890E-04
  0.338010639      -1.98379159E-04   4.00010991E-04
  0.338296235      -2.12278217E-04   3.86112515E-04
  0.338581830      -4.33966517E-04   4.33160516E-04
  0.338867426      -2.43462622E-04   3.80652695E-04
  0.339153022       7.32645392E-04   4.39038209E-04
  0.339438647       5.72424382E-04   4.02728561E-04
  0.339724243      -5.57936728E-05   4.32358356E-04
  0.340009838      -1.25195831E-04   4.62578435E-04
  0.340295434       3.66128981E-04   3.99640237E-04
  0.340581059      -6.72899187E-05   4.61095711E-04
  0.340866655       1.83776021E-04   4.25320381E-04
  0.341152251      -1.54897571E-05   4.63334000E-04
  0.341437846      -7.52694905E-05   4.51898464E-04
  0.341723472      -5.33461571E-06   4.56597481E-04
  0.342009068       2.93098390E-04   5.17025299E-04
  0.342294663      -5.05447388E-04   4.38699964E-04
  0.342580259      -4.10534441E-04   5.06580749E-04
  0.342865855      -4.21110541E-04   4.70657949E-04
  0.343151480       2.21766531E-05   5.00559865E-04
  0.343437076       2.89991498E-04   5.73255937E-04
  0.343722671      -2.75783241E-05   4.58012975E-04
  0.344008267       5.36598265E-04   6.12409378E-04
  0.344293892       8.37028027E-04   4.84979479E-04
  0.344579488       1.10007823E-05   5.87515591E-04
  0.344865084      -6.56608492E-04   5.42622234E-04
  0.345150679      -4.11581248E-04   5.54995146E-04
  0.345436305      -8.87580216E-04   6.93869428E-04
  0.345721900       4.10728157E-04   5.06708806E-04
  0.346007496       4.98399138E-04   7.33540335E-04
  0.346293092      -6.43022358E-04   5.36636042E-04
  0.346578687       9.38005745E-04   7.33944296E-04
  0.346864313      -3.89859080E-04   6.61841361E-04
  0.347149909       5.84684312E-05   6.42139814E-04
  0.347435504       4.18841839E-04   8.29983910E-04
  0.347721100      -1.20492652E-03   6.05204783E-04
  0.348006725      -3.50750983E-04   8.88628361E-04
  0.348292321      -2.46550888E-04   6.52887393E-04
  0.348577917       1.77796930E-04   9.62577004E-04
  0.348863512       1.23417377E-03   1.01273647E-03
  0.349149138       1.69228762E-04   7.42338656E-04
