 # q,I,sigma
 # errors rescaled with constant factor:   0.991793036    
 # factor also written to scale_factor.d
   2.99882679E-03   3.10717896E-02   3.04445648E-03
   3.28442943E-03   2.88038738E-02   1.63113780E-03
   3.57003184E-03   3.13701518E-02   1.40473596E-03
   3.85563448E-03   3.18491720E-02   1.14550802E-03
   4.14123712E-03   3.19050401E-02   9.24611813E-04
   4.42683976E-03   3.19974795E-02   7.86962279E-04
   4.71244240E-03   3.15970331E-02   7.19780975E-04
   4.99804458E-03   3.18982787E-02   6.88291562E-04
   5.28364722E-03   3.23438831E-02   6.60151767E-04
   5.56924986E-03   3.15429531E-02   6.54293457E-04
   5.85485250E-03   3.16142924E-02   6.52239076E-04
   6.14045514E-03   3.08679827E-02   6.30890136E-04
   6.42605731E-03   3.10483761E-02   6.17045152E-04
   6.71165995E-03   3.14215608E-02   5.98007173E-04
   6.99726259E-03   3.08619402E-02   5.84007765E-04
   7.28286523E-03   3.06524858E-02   5.76606020E-04
   7.56846787E-03   3.24767753E-02   5.78290550E-04
   7.85407051E-03   3.20577808E-02   5.56601619E-04
   8.13967269E-03   3.20821963E-02   5.47263597E-04
   8.42527580E-03   3.17033194E-02   5.42576425E-04
   8.71087797E-03   3.14082913E-02   5.28550707E-04
   8.99648014E-03   3.13878953E-02   5.24824078E-04
   9.28208325E-03   3.11181843E-02   5.09112084E-04
   9.56768543E-03   3.05410065E-02   4.98207810E-04
   9.85328853E-03   3.23642753E-02   5.16482862E-04
   1.01388907E-02   3.05157416E-02   4.84837394E-04
   1.04244929E-02   3.06965820E-02   4.76774876E-04
   1.07100960E-02   3.09141129E-02   4.80868999E-04
   1.09956982E-02   3.14175375E-02   4.74716770E-04
   1.12813013E-02   3.03741507E-02   4.73470922E-04
   1.15669034E-02   3.09935324E-02   4.55530651E-04
   1.18525065E-02   2.98620351E-02   4.53715096E-04
   1.21381087E-02   3.02972123E-02   4.50220774E-04
   1.24237109E-02   2.97972858E-02   4.13444213E-04
   1.27093140E-02   2.94938199E-02   4.05158760E-04
   1.29949162E-02   2.95366757E-02   3.87791632E-04
   1.32805184E-02   2.95199789E-02   3.86099011E-04
   1.35661215E-02   2.97667310E-02   3.74182302E-04
   1.38517236E-02   2.97799930E-02   3.68217705E-04
   1.41373267E-02   3.01137306E-02   3.61649611E-04
   1.44229289E-02   2.99036428E-02   3.56922304E-04
   1.47085320E-02   2.88074464E-02   3.48703674E-04
   1.49941342E-02   2.86440998E-02   3.41105362E-04
   1.52797364E-02   2.87767500E-02   3.38530546E-04
   1.55653395E-02   2.86736377E-02   3.29855102E-04
   1.58509426E-02   2.88651660E-02   3.28900525E-04
   1.61365438E-02   2.92713009E-02   3.23755725E-04
   1.64221469E-02   2.90167294E-02   3.19213636E-04
   1.67077500E-02   2.80474238E-02   3.13696975E-04
   1.69933513E-02   2.84266844E-02   3.08911171E-04
   1.72789544E-02   2.84140781E-02   3.06260103E-04
   1.75645575E-02   2.78091133E-02   3.02172033E-04
   1.78501606E-02   2.85427272E-02   2.98760773E-04
   1.81357618E-02   2.79516019E-02   2.97319435E-04
   1.84213649E-02   2.77147666E-02   2.90259370E-04
   1.87069681E-02   2.79885456E-02   2.89712392E-04
   1.89925693E-02   2.79614218E-02   2.89580523E-04
   1.92781724E-02   2.72288062E-02   2.79897853E-04
   1.95637755E-02   2.75540277E-02   2.82095018E-04
   1.98493768E-02   2.71011107E-02   2.74791149E-04
   2.01349799E-02   2.71321684E-02   2.75067956E-04
   2.04205830E-02   2.70366222E-02   2.73431913E-04
   2.07061861E-02   2.65652575E-02   2.66127958E-04
   2.09917873E-02   2.69512124E-02   2.67090712E-04
   2.12773904E-02   2.62087323E-02   2.61935464E-04
   2.15629935E-02   2.64239870E-02   2.61493173E-04
   2.18485948E-02   2.64349654E-02   2.59559834E-04
   2.21341979E-02   2.63372026E-02   2.55505671E-04
   2.24198010E-02   2.59617940E-02   2.54218932E-04
   2.27054041E-02   2.60794461E-02   2.52721889E-04
   2.29910053E-02   2.55923457E-02   2.49959790E-04
   2.32766084E-02   2.54783034E-02   2.45807722E-04
   2.35622115E-02   2.54211500E-02   2.46289914E-04
   2.38478128E-02   2.54027136E-02   2.43225732E-04
   2.41334159E-02   2.49901898E-02   2.40987123E-04
   2.44190190E-02   2.47335136E-02   2.38667970E-04
   2.47046202E-02   2.50651278E-02   2.37124637E-04
   2.49902233E-02   2.46798173E-02   2.35511412E-04
   2.52758265E-02   2.51497738E-02   2.33979488E-04
   2.55614296E-02   2.43891887E-02   2.30978912E-04
   2.58470308E-02   2.40288377E-02   2.30613965E-04
   2.61326339E-02   2.39850134E-02   2.26667820E-04
   2.64182370E-02   2.39470936E-02   2.27215991E-04
   2.67038383E-02   2.38419250E-02   2.22685368E-04
   2.69894414E-02   2.39536352E-02   2.24801857E-04
   2.72750445E-02   2.36806273E-02   2.21180162E-04
   2.75606457E-02   2.34296732E-02   2.19784124E-04
   2.78462488E-02   2.30896585E-02   2.23336931E-04
   2.81318519E-02   2.32845247E-02   2.24796386E-04
   2.84174550E-02   2.31421627E-02   2.23461058E-04
   2.87030563E-02   2.29509920E-02   2.23915777E-04
   2.89886594E-02   2.29276679E-02   2.21251685E-04
   2.92742625E-02   2.25083716E-02   2.21697759E-04
   2.95598637E-02   2.25166269E-02   2.20094735E-04
   2.98454668E-02   2.19543017E-02   2.18361180E-04
   3.01310699E-02   2.23758966E-02   2.18854926E-04
   3.04166730E-02   2.17535421E-02   2.16854154E-04
   3.07022743E-02   2.18154527E-02   2.17374778E-04
   3.09878774E-02   2.15754472E-02   2.15640335E-04
   3.12734805E-02   2.17152871E-02   2.16361994E-04
   3.15590836E-02   2.13950947E-02   2.15496722E-04
   3.18446867E-02   2.13778690E-02   2.15145134E-04
   3.21302861E-02   2.11988427E-02   2.13813968E-04
   3.24158892E-02   2.09674351E-02   2.13873733E-04
   3.27014923E-02   2.08323449E-02   2.12187893E-04
   3.29870954E-02   2.09139697E-02   2.13004882E-04
   3.32726985E-02   2.07575001E-02   2.11175269E-04
   3.35583016E-02   2.01451890E-02   2.10907790E-04
   3.38439010E-02   2.03029327E-02   2.09676480E-04
   3.41295041E-02   2.02814117E-02   2.08583137E-04
   3.44151072E-02   1.98771358E-02   2.09645572E-04
   3.47007103E-02   1.98762156E-02   2.07125559E-04
   3.49863134E-02   2.00825781E-02   2.09595179E-04
   3.52719165E-02   1.95726119E-02   2.05328455E-04
   3.55575196E-02   1.95768625E-02   2.04147800E-04
   3.58431190E-02   1.93602443E-02   2.03323521E-04
   3.61287221E-02   1.92546770E-02   2.03410702E-04
   3.64143252E-02   1.90096684E-02   2.02583164E-04
   3.66999283E-02   1.88048929E-02   2.00935945E-04
   3.69855314E-02   1.85238905E-02   2.01521412E-04
   3.72711346E-02   1.88553855E-02   2.00234645E-04
   3.75567377E-02   1.82947926E-02   1.97463160E-04
   3.78423370E-02   1.84486955E-02   1.97790432E-04
   3.81279401E-02   1.80702768E-02   1.96372930E-04
   3.84135433E-02   1.80854760E-02   1.97204688E-04
   3.86991464E-02   1.80744044E-02   1.95250133E-04
   3.89847495E-02   1.78809799E-02   1.94420791E-04
   3.92703526E-02   1.79568268E-02   1.94345179E-04
   3.95559557E-02   1.73845664E-02   1.92238542E-04
   3.98415551E-02   1.77848153E-02   1.92858206E-04
   4.01271582E-02   1.73221603E-02   1.90311956E-04
   4.04127613E-02   1.72249153E-02   1.91981322E-04
   4.06983644E-02   1.71356313E-02   1.90485414E-04
   4.09839675E-02   1.72124691E-02   1.88388876E-04
   4.12695706E-02   1.66763403E-02   1.87131736E-04
   4.15551737E-02   1.64664313E-02   1.87089856E-04
   4.18407731E-02   1.68699622E-02   1.88400008E-04
   4.21263762E-02   1.66510716E-02   1.86258621E-04
   4.24119793E-02   1.66807920E-02   1.84720120E-04
   4.26975824E-02   1.62254237E-02   1.83964541E-04
   4.29831855E-02   1.60484873E-02   1.84480348E-04
   4.32687886E-02   1.61161870E-02   1.84174365E-04
   4.35543880E-02   1.58283226E-02   1.82178206E-04
   4.38399911E-02   1.58497281E-02   1.82261589E-04
   4.41255942E-02   1.57605894E-02   1.82504780E-04
   4.44111973E-02   1.57884248E-02   1.80532545E-04
   4.46968004E-02   1.54566690E-02   1.80578281E-04
   4.49824035E-02   1.53485276E-02   1.78345712E-04
   4.52680066E-02   1.50614865E-02   1.80043746E-04
   4.55536060E-02   1.50903873E-02   1.78863513E-04
   4.58392091E-02   1.51829645E-02   1.78773276E-04
   4.61248122E-02   1.51200593E-02   1.77006455E-04
   4.64104153E-02   1.45253427E-02   1.75865964E-04
   4.66960184E-02   1.49966292E-02   1.78752874E-04
   4.69816215E-02   1.46472976E-02   1.74449233E-04
   4.72672246E-02   1.48556232E-02   1.76089743E-04
   4.75528240E-02   1.41554698E-02   1.75091904E-04
   4.78384271E-02   1.41462199E-02   1.74222383E-04
   4.81240302E-02   1.45974755E-02   1.74125089E-04
   4.84096333E-02   1.38274431E-02   1.73223103E-04
   4.86952364E-02   1.39638446E-02   1.77731185E-04
   4.89808396E-02   1.39459483E-02   1.80039759E-04
   4.92664427E-02   1.34142078E-02   1.78347022E-04
   4.95520420E-02   1.38322897E-02   1.81845535E-04
   4.98376451E-02   1.34062208E-02   1.79299444E-04
   5.01232482E-02   1.37973577E-02   1.83433425E-04
   5.04088514E-02   1.32675469E-02   1.81454190E-04
   5.06944545E-02   1.31109431E-02   1.82459975E-04
   5.09800576E-02   1.30036250E-02   1.82852091E-04
   5.12656569E-02   1.27630867E-02   1.82623306E-04
   5.15512601E-02   1.30001940E-02   1.83471828E-04
   5.18368632E-02   1.26693100E-02   1.83412703E-04
   5.21224663E-02   1.25853196E-02   1.83798096E-04
   5.24080694E-02   1.24957040E-02   1.84786084E-04
   5.26936725E-02   1.26971193E-02   1.85936136E-04
   5.29792756E-02   1.27218030E-02   1.85553959E-04
   5.32648750E-02   1.21494234E-02   1.83262746E-04
   5.35504781E-02   1.23437904E-02   1.85747922E-04
   5.38360812E-02   1.18224211E-02   1.84936129E-04
   5.41216843E-02   1.22426189E-02   1.84501478E-04
   5.44072874E-02   1.19778067E-02   1.87278274E-04
   5.46928905E-02   1.17213763E-02   1.84031116E-04
   5.49784936E-02   1.14616491E-02   1.86471938E-04
   5.52640930E-02   1.17931552E-02   1.83066702E-04
   5.55496961E-02   1.18767954E-02   1.87795798E-04
   5.58352992E-02   1.14435740E-02   1.85052297E-04
   5.61209023E-02   1.13294534E-02   1.85461875E-04
   5.64065054E-02   1.15534402E-02   1.87870173E-04
   5.66921085E-02   1.12331398E-02   1.82229065E-04
   5.69777116E-02   1.14384517E-02   1.86391771E-04
   5.72633110E-02   1.12259984E-02   1.83324039E-04
   5.75489141E-02   1.12908296E-02   1.84691322E-04
   5.78345172E-02   1.11104250E-02   1.85749872E-04
   5.81201203E-02   1.09859444E-02   1.82687028E-04
   5.84057234E-02   1.09027922E-02   1.83896453E-04
   5.86913265E-02   1.08371489E-02   1.81520081E-04
   5.89769296E-02   1.03178918E-02   1.82587639E-04
   5.92625290E-02   1.07754469E-02   1.82157310E-04
   5.95481321E-02   1.03794150E-02   1.82088712E-04
   5.98337352E-02   1.04526393E-02   1.83271986E-04
   6.01193383E-02   1.01123862E-02   1.78075032E-04
   6.04049414E-02   1.01949051E-02   1.82769450E-04
   6.06905445E-02   1.01075433E-02   1.79041337E-04
   6.09761439E-02   1.01527125E-02   1.81196956E-04
   6.12617470E-02   1.02635436E-02   1.81681622E-04
   6.15473501E-02   9.85391811E-03   1.77890310E-04
   6.18329532E-02   9.86503810E-03   1.80500851E-04
   6.21185564E-02   9.99125466E-03   1.77331254E-04
   6.24041595E-02   9.75323096E-03   1.79191440E-04
   6.26897588E-02   9.34579968E-03   1.77096008E-04
   6.29753619E-02   9.45413858E-03   1.78238668E-04
   6.32609650E-02   9.70918685E-03   1.80114308E-04
   6.35465682E-02   9.53524187E-03   1.75690351E-04
   6.38321713E-02   9.55438986E-03   1.77460490E-04
   6.41177744E-02   9.41868871E-03   1.76488291E-04
   6.44033775E-02   9.22579318E-03   1.76305286E-04
   6.46889806E-02   9.26604867E-03   1.77674374E-04
   6.49745837E-02   9.10652801E-03   1.73930544E-04
   6.52601868E-02   9.28083062E-03   1.77715585E-04
   6.55457899E-02   9.07076895E-03   1.74909146E-04
   6.58313856E-02   8.63743946E-03   1.73582346E-04
   6.61169887E-02   8.92244279E-03   1.80513322E-04
   6.64025918E-02   9.10128281E-03   1.83895754E-04
   6.66881949E-02   8.87990743E-03   1.87490761E-04
   6.69737980E-02   8.45098868E-03   1.84751130E-04
   6.72594011E-02   8.86809453E-03   1.89384446E-04
   6.75450042E-02   8.70244578E-03   1.89167025E-04
   6.78306073E-02   8.21655616E-03   1.91486179E-04
   6.81162104E-02   8.15794989E-03   1.92725172E-04
   6.84018135E-02   8.57021287E-03   1.91626110E-04
   6.86874166E-02   8.01962242E-03   1.95343237E-04
   6.89730197E-02   8.05867836E-03   1.94094682E-04
   6.92586228E-02   8.07105377E-03   1.96904177E-04
   6.95442259E-02   7.77205080E-03   1.97221452E-04
   6.98298216E-02   8.19323212E-03   1.95883054E-04
   7.01154247E-02   7.89034739E-03   2.00423223E-04
   7.04010278E-02   7.94728845E-03   1.98774447E-04
   7.06866309E-02   7.86267966E-03   1.99656803E-04
   7.09722340E-02   7.67745078E-03   2.04357551E-04
   7.12578371E-02   7.71742687E-03   2.01362738E-04
   7.15434402E-02   7.83178955E-03   2.04408352E-04
   7.18290433E-02   7.59933516E-03   2.01816321E-04
   7.21146464E-02   7.36653805E-03   2.02798605E-04
   7.24002495E-02   7.29752332E-03   2.02866766E-04
   7.26858526E-02   7.03902543E-03   2.02077339E-04
   7.29714558E-02   7.85627216E-03   1.97401227E-04
   7.32570589E-02   7.42599368E-03   1.90473365E-04
   7.35426545E-02   7.44481012E-03   1.87584737E-04
   7.38282576E-02   7.12881237E-03   1.87497993E-04
   7.41138607E-02   7.10846856E-03   1.83878845E-04
   7.43994638E-02   7.10189342E-03   1.83929587E-04
   7.46850669E-02   7.13763013E-03   1.79892246E-04
   7.49706700E-02   7.17385113E-03   1.80316798E-04
   7.52562732E-02   7.08711147E-03   1.78684335E-04
   7.55418763E-02   6.81130216E-03   1.77620692E-04
   7.58274794E-02   6.97361678E-03   1.77399590E-04
   7.61130825E-02   6.97570294E-03   1.75524299E-04
   7.63986856E-02   6.75033405E-03   1.74020344E-04
   7.66842887E-02   6.66328892E-03   1.72621469E-04
   7.69698918E-02   6.79624453E-03   1.72831598E-04
   7.72554949E-02   6.50493056E-03   1.70879866E-04
   7.75410905E-02   6.40511885E-03   1.71391323E-04
   7.78266937E-02   6.64335862E-03   1.71028893E-04
   7.81122968E-02   6.70867413E-03   1.69082763E-04
   7.83978999E-02   6.16248697E-03   1.68776402E-04
   7.86835030E-02   6.18118793E-03   1.66939571E-04
   7.89691061E-02   6.62877411E-03   1.70637970E-04
   7.92547092E-02   6.38987496E-03   1.68798302E-04
   7.95403123E-02   5.86592034E-03   1.66775149E-04
   7.98259154E-02   6.24632463E-03   1.68147424E-04
   8.01115185E-02   6.05263934E-03   1.65573074E-04
   8.03971216E-02   5.79489022E-03   1.66845784E-04
   8.06827247E-02   5.92793152E-03   1.65914564E-04
   8.09683278E-02   5.86193427E-03   1.65672318E-04
   8.12539235E-02   6.06673956E-03   1.66129394E-04
   8.15395266E-02   5.97881153E-03   1.64347774E-04
   8.18251297E-02   5.73034585E-03   1.65161240E-04
   8.21107328E-02   5.83914295E-03   1.65255682E-04
   8.23963359E-02   5.40406257E-03   1.63311939E-04
   8.26819390E-02   5.59656695E-03   1.65351958E-04
   8.29675421E-02   5.83661720E-03   1.63079894E-04
   8.32531452E-02   5.58399037E-03   1.63743505E-04
   8.35387483E-02   5.50786778E-03   1.62082157E-04
   8.38243514E-02   5.70126995E-03   1.63649369E-04
   8.41099545E-02   5.64423203E-03   1.63531062E-04
   8.43955576E-02   5.30778244E-03   1.60930460E-04
   8.46811607E-02   5.40619344E-03   1.62460055E-04
   8.49667639E-02   5.43138757E-03   1.61028453E-04
   8.52523595E-02   5.61590120E-03   1.62899756E-04
   8.55379626E-02   5.27532399E-03   1.60494572E-04
   8.58235657E-02   5.40545210E-03   1.60439129E-04
   8.61091688E-02   5.39432466E-03   1.62500946E-04
   8.63947719E-02   4.97894362E-03   1.59604650E-04
   8.66803750E-02   5.18744811E-03   1.59797011E-04
   8.69659781E-02   5.12006506E-03   1.59098912E-04
   8.72515813E-02   4.85408306E-03   1.59270916E-04
   8.75371844E-02   5.26599213E-03   1.60986834E-04
   8.78227875E-02   4.83512878E-03   1.57579576E-04
   8.81083906E-02   5.16059250E-03   1.59157062E-04
   8.83939937E-02   5.09196892E-03   1.58212162E-04
   8.86795968E-02   4.83763218E-03   1.58882467E-04
   8.89651924E-02   4.81972843E-03   1.58249488E-04
   8.92507955E-02   4.80657443E-03   1.56396098E-04
   8.95363986E-02   4.58314270E-03   1.57853647E-04
   8.98220018E-02   4.44104150E-03   1.56176990E-04
   9.01076049E-02   4.94795665E-03   1.57903210E-04
   9.03932080E-02   4.61166352E-03   1.55738075E-04
   9.06788111E-02   4.51996922E-03   1.55684203E-04
   9.09644142E-02   4.71267104E-03   1.57557937E-04
   9.12500173E-02   4.54577059E-03   1.56398732E-04
   9.15356204E-02   4.29961458E-03   1.54413909E-04
   9.18212235E-02   4.35197353E-03   1.53766654E-04
   9.21068266E-02   4.34966013E-03   1.55733360E-04
   9.23924297E-02   4.52061743E-03   1.56093403E-04
   9.26780328E-02   4.52966616E-03   1.54906142E-04
   9.29636285E-02   4.42888588E-03   1.54001318E-04
   9.32492316E-02   4.13593277E-03   1.53333152E-04
   9.35348347E-02   4.42815572E-03   1.55040165E-04
   9.38204378E-02   4.10280004E-03   1.52895882E-04
   9.41060409E-02   4.28713858E-03   1.52934532E-04
   9.43916440E-02   4.24750894E-03   1.53437635E-04
   9.46772471E-02   4.11965698E-03   1.53040892E-04
   9.49628502E-02   3.94255668E-03   1.53451503E-04
   9.52484533E-02   4.39461321E-03   1.51787041E-04
   9.55340564E-02   3.86521593E-03   1.52452150E-04
   9.58196595E-02   4.32060659E-03   1.52709486E-04
   9.61052626E-02   3.81473079E-03   1.52250563E-04
   9.63908657E-02   4.04825807E-03   1.50995897E-04
   9.66764614E-02   3.96593288E-03   1.51431886E-04
   9.69620645E-02   4.16717306E-03   1.51700253E-04
   9.72476676E-02   3.84172052E-03   1.51062020E-04
   9.75332707E-02   3.46140191E-03   1.49587155E-04
   9.78188738E-02   3.75881046E-03   1.51287037E-04
   9.81044769E-02   3.60061228E-03   1.49858533E-04
   9.83900800E-02   3.89944762E-03   1.52306719E-04
   9.86756831E-02   3.79842147E-03   1.48821680E-04
   9.89612862E-02   3.57158482E-03   1.49043917E-04
   9.92468894E-02   3.85499746E-03   1.49849817E-04
   9.95324925E-02   3.50053608E-03   1.49599786E-04
   9.98180956E-02   3.63461673E-03   1.49794228E-04
  0.100103699       3.68669257E-03   1.48644773E-04
  0.100389294       3.50421667E-03   1.47827246E-04
  0.100674897       3.58936936E-03   1.48947773E-04
  0.100960501       3.43361869E-03   1.48320687E-04
  0.101246104       3.51049379E-03   1.48111358E-04
  0.101531707       3.31787392E-03   1.47021361E-04
  0.101817310       3.35653499E-03   1.48003077E-04
  0.102102913       3.04842368E-03   1.47505518E-04
  0.102388516       3.26172262E-03   1.46464808E-04
  0.102674119       3.30219045E-03   1.47068771E-04
  0.102959722       3.37788463E-03   1.46785562E-04
  0.103245325       3.51160020E-03   1.47012717E-04
  0.103530928       3.29122692E-03   1.47599218E-04
  0.103816532       3.29433009E-03   1.45309896E-04
  0.104102135       3.02333012E-03   1.46139471E-04
  0.104387730       3.14110890E-03   1.45015962E-04
  0.104673333       3.25692073E-03   1.46608625E-04
  0.104958937       3.23525071E-03   1.45007114E-04
  0.105244540       3.19049507E-03   1.45621234E-04
  0.105530143       2.89064646E-03   1.45892758E-04
  0.105815746       3.07747722E-03   1.44346152E-04
  0.106101349       2.71927565E-03   1.43926081E-04
  0.106386952       2.83126161E-03   1.43502315E-04
  0.106672555       3.29306722E-03   1.45825732E-04
  0.106958158       2.88444012E-03   1.45158017E-04
  0.107243761       3.12264636E-03   1.43267171E-04
  0.107529365       2.82488391E-03   1.43968195E-04
  0.107814968       2.64645740E-03   1.43084573E-04
  0.108100563       2.70403177E-03   1.43106998E-04
  0.108386166       2.72328034E-03   1.43405079E-04
  0.108671769       2.84221768E-03   1.43359954E-04
  0.108957373       2.81560048E-03   1.42856297E-04
  0.109242976       2.76332721E-03   1.43021418E-04
  0.109528579       2.82853469E-03   1.47180443E-04
  0.109814182       2.56681815E-03   1.46265418E-04
  0.110099785       2.62846798E-03   1.49024898E-04
  0.110385388       2.78469548E-03   1.50469335E-04
  0.110670991       2.74557248E-03   1.51654196E-04
  0.110956594       2.67035514E-03   1.51923290E-04
  0.111242197       2.70452350E-03   1.52589506E-04
  0.111527801       2.60607526E-03   1.54233043E-04
  0.111813404       2.66515836E-03   1.55727510E-04
  0.112098999       2.50760466E-03   1.55840491E-04
  0.112384602       2.42914259E-03   1.56441762E-04
  0.112670206       2.56634876E-03   1.57014176E-04
  0.112955809       2.75273249E-03   1.59403295E-04
  0.113241412       2.61257216E-03   1.57942661E-04
  0.113527015       2.30346993E-03   1.54394162E-04
  0.113812618       2.37700343E-03   1.54415029E-04
  0.114098221       2.50775367E-03   1.52167908E-04
  0.114383824       2.44349986E-03   1.52834531E-04
  0.114669427       2.46172398E-03   1.49797430E-04
  0.114955030       2.38542631E-03   1.50233784E-04
  0.115240633       2.44307518E-03   1.49298750E-04
  0.115526237       2.17820331E-03   1.49047104E-04
  0.115811840       2.40409374E-03   1.48977735E-04
  0.116097435       2.20767781E-03   1.45787708E-04
  0.116383038       1.97627768E-03   1.47623738E-04
  0.116668642       2.26041675E-03   1.46425140E-04
  0.116954245       2.16780975E-03   1.46043705E-04
  0.117239848       2.27759033E-03   1.47070517E-04
  0.117525451       2.13196501E-03   1.44339778E-04
  0.117811054       2.32054293E-03   1.46674080E-04
  0.118096657       2.18357518E-03   1.44039455E-04
  0.118382260       2.15731934E-03   1.44393824E-04
  0.118667863       2.01534852E-03   1.43920741E-04
  0.118953466       2.14690715E-03   1.43991041E-04
  0.119239070       2.32864916E-03   1.44768172E-04
  0.119524673       2.24972516E-03   1.42634904E-04
  0.119810268       2.15964019E-03   1.43220779E-04
  0.120095871       1.89482793E-03   1.42511883E-04
  0.120381474       1.96143612E-03   1.41314566E-04
  0.120667078       1.93479285E-03   1.41684388E-04
  0.120952681       2.01730058E-03   1.38894990E-04
  0.121238284       1.77074969E-03   1.40410091E-04
  0.121523887       2.11922824E-03   1.40070144E-04
  0.121809490       1.86242536E-03   1.38960968E-04
  0.122095093       1.97590142E-03   1.39974742E-04
  0.122380696       1.72810256E-03   1.37948475E-04
  0.122666299       1.99071318E-03   1.38289208E-04
  0.122951902       2.03844532E-03   1.37321229E-04
  0.123237506       2.04968825E-03   1.38139309E-04
  0.123523109       1.67943910E-03   1.36659321E-04
  0.123808704       1.66030601E-03   1.36895731E-04
  0.124094307       1.89567357E-03   1.37812283E-04
  0.124379911       1.65645778E-03   1.35634808E-04
  0.124665514       1.73731148E-03   1.35946539E-04
  0.124951117       2.08422914E-03   1.37000214E-04
  0.125236720       1.88005716E-03   1.36930103E-04
  0.125522330       1.81617215E-03   1.37152776E-04
  0.125807926       1.50785968E-03   1.34646165E-04
  0.126093522       1.97308883E-03   1.36574963E-04
  0.126379132       1.85238570E-03   1.35299095E-04
  0.126664728       1.51961669E-03   1.38697607E-04
  0.126950338       1.54507533E-03   1.41127981E-04
  0.127235934       1.53329596E-03   1.42425532E-04
  0.127521545       1.50052086E-03   1.45282407E-04
  0.127807140       1.48072839E-03   1.44148697E-04
  0.128092751       1.74377114E-03   1.46949751E-04
  0.128378347       1.27600506E-03   1.46590435E-04
  0.128663957       1.58219784E-03   1.47917002E-04
  0.128949553       1.49580091E-03   1.49295651E-04
  0.129235163       1.72394887E-03   1.49173764E-04
  0.129520759       1.47854537E-03   1.49086845E-04
  0.129806355       1.64958090E-03   1.49723899E-04
  0.130091965       1.60007179E-03   1.49078041E-04
  0.130377561       2.00271234E-03   1.51967863E-04
  0.130663171       1.52425468E-03   1.48988023E-04
  0.130948767       1.40419975E-03   1.50111984E-04
  0.131234378       1.20288879E-03   1.47678395E-04
  0.131519973       1.40761212E-03   1.50287102E-04
  0.131805584       1.50895119E-03   1.50789405E-04
  0.132091179       1.20829791E-03   1.50233944E-04
  0.132376790       1.65428594E-03   1.53055531E-04
  0.132662386       1.68729946E-03   1.51086919E-04
  0.132947996       1.47018582E-03   1.51948698E-04
  0.133233592       1.25332549E-03   1.51394386E-04
  0.133519188       1.36419386E-03   1.48772087E-04
  0.133804798       1.29136071E-03   1.45862839E-04
  0.134090394       1.33136660E-03   1.42514633E-04
  0.134376004       1.18910149E-03   1.42749603E-04
  0.134661600       1.12427399E-03   1.40422839E-04
  0.134947211       1.27694011E-03   1.40277654E-04
  0.135232806       1.45209208E-03   1.40202785E-04
  0.135518417       1.45721063E-03   1.38272211E-04
  0.135804012       1.30929053E-03   1.36772986E-04
  0.136089623       1.33283809E-03   1.36521252E-04
  0.136375219       1.32509694E-03   1.36624294E-04
  0.136660829       1.30339712E-03   1.35814334E-04
  0.136946425       1.23648718E-03   1.35483715E-04
  0.137232035       1.45681575E-03   1.35911512E-04
  0.137517631       1.11557916E-03   1.34579066E-04
  0.137803227       1.18426979E-03   1.35249036E-04
  0.138088837       1.09333172E-03   1.33732668E-04
  0.138374433       1.07995421E-03   1.33936584E-04
  0.138660043       1.13721564E-03   1.34147354E-04
  0.138945639       1.06077269E-03   1.33631052E-04
  0.139231250       1.18814781E-03   1.34165908E-04
  0.139516845       1.08093396E-03   1.33106951E-04
  0.139802456       1.19372830E-03   1.32309666E-04
  0.140088052       1.15934387E-03   1.33355192E-04
  0.140373662       9.88673419E-04   1.32564761E-04
  0.140659258       1.08119100E-03   1.32913730E-04
  0.140944868       1.11437589E-03   1.31445937E-04
  0.141230464       9.67223197E-04   1.32423273E-04
  0.141516060       1.24882162E-03   1.32126297E-04
  0.141801670       1.09722093E-03   1.31793247E-04
  0.142087266       9.16779041E-04   1.31555702E-04
  0.142372876       1.20335445E-03   1.30330314E-04
  0.142658472       9.63505358E-04   1.31616689E-04
  0.142944083       1.11609325E-03   1.31216177E-04
  0.143229678       1.05400011E-03   1.30834000E-04
  0.143515289       9.66072083E-04   1.31375113E-04
  0.143800884       1.13893300E-03   1.29947672E-04
  0.144086495       6.76769763E-04   1.30340894E-04
  0.144372091       1.02649629E-03   1.29458291E-04
  0.144657701       9.38992947E-04   1.30163142E-04
  0.144943297       9.46786255E-04   1.29612352E-04
  0.145228893       9.60554928E-04   1.29167238E-04
  0.145514503       9.40069556E-04   1.30627173E-04
  0.145800099       7.28663057E-04   1.27916297E-04
  0.146085709       6.72064722E-04   1.29533975E-04
  0.146371305       1.04189664E-03   1.29566382E-04
  0.146656916       8.33265483E-04   1.28816726E-04
  0.146942511       1.13991275E-03   1.29173684E-04
  0.147228122       7.92678446E-04   1.27284249E-04
  0.147513717       1.07739121E-03   1.28938744E-04
  0.147799328       1.03022158E-03   1.28923653E-04
  0.148084924       8.91830772E-04   1.28101034E-04
  0.148370534       6.93727285E-04   1.28182408E-04
  0.148656130       9.53223556E-04   1.27733365E-04
  0.148941740       1.03527308E-03   1.28678541E-04
  0.149227336       8.29085708E-04   1.27372798E-04
  0.149512932       8.21225345E-04   1.26979707E-04
  0.149798542       8.66547227E-04   1.27750318E-04
  0.150084138       8.98290426E-04   1.27018226E-04
  0.150369748       6.51046634E-04   1.27101957E-04
  0.150655344       8.99527222E-04   1.26075567E-04
  0.150940955       8.43144953E-04   1.27362655E-04
  0.151226550       8.79924744E-04   1.26584375E-04
  0.151512161       5.62027097E-04   1.26487561E-04
  0.151797757       8.85609537E-04   1.26396641E-04
  0.152083367       7.54401088E-04   1.25330116E-04
  0.152368963       6.62401319E-04   1.26704006E-04
  0.152654573       1.04899704E-03   1.26140512E-04
  0.152940169       9.25108790E-04   1.26023107E-04
  0.153225765       9.26960260E-04   1.25646591E-04
  0.153511375       7.09902495E-04   1.25607228E-04
  0.153796971       6.66212291E-04   1.25624822E-04
  0.154082581       6.96703792E-04   1.24802289E-04
  0.154368177       8.70548189E-04   1.25854393E-04
  0.154653788       8.91078264E-04   1.25247214E-04
  0.154939383       7.75456429E-04   1.25057995E-04
  0.155224994       6.06246293E-04   1.24386454E-04
  0.155510589       7.87891448E-04   1.24469545E-04
  0.155796200       8.69747251E-04   1.24996717E-04
  0.156081796       5.08844852E-04   1.24272192E-04
  0.156367406       7.10960478E-04   1.24638609E-04
  0.156653002       5.76972961E-04   1.23881517E-04
  0.156938598       5.49629331E-04   1.23468126E-04
  0.157224208       6.92985952E-04   1.24087965E-04
  0.157509804       8.28009099E-04   1.24059065E-04
  0.157795414       7.01185316E-04   1.23589343E-04
  0.158081010       5.89285046E-04   1.23977850E-04
  0.158366621       7.52225518E-04   1.23377657E-04
  0.158652216       5.92086464E-04   1.23602193E-04
  0.158937827       5.48083335E-04   1.22227808E-04
  0.159223422       4.84064221E-04   1.22729325E-04
  0.159509033       5.29754907E-04   1.22860612E-04
  0.159794629       5.88186085E-04   1.22734753E-04
  0.160080239       7.09194690E-04   1.23397200E-04
  0.160365835       5.42942435E-04   1.21740966E-04
  0.160651445       7.36247748E-04   1.22730693E-04
  0.160937041       5.26793301E-04   1.22636382E-04
  0.161222637       6.73729926E-04   1.22270794E-04
  0.161508247       6.73443079E-04   1.22338330E-04
  0.161793843       5.44819981E-04   1.22075086E-04
  0.162079453       6.34081662E-04   1.22191064E-04
  0.162365049       5.74931502E-04   1.21750665E-04
  0.162650660       5.47405332E-04   1.21204976E-04
  0.162936255       5.72431833E-04   1.21793011E-04
  0.163221866       6.22108579E-04   1.21997276E-04
  0.163507462       7.67581165E-04   1.22071826E-04
  0.163793072       5.93971461E-04   1.20930126E-04
  0.164078668       3.37895006E-04   1.21041296E-04
  0.164364278       6.30095601E-04   1.20867640E-04
  0.164649874       3.66978347E-04   1.21110919E-04
  0.164935470       3.52926552E-04   1.20906414E-04
  0.165221080       4.96372581E-04   1.20655583E-04
  0.165506676       4.31150198E-04   1.20982200E-04
  0.165792286       3.75382602E-04   1.19697317E-04
  0.166077882       3.11534852E-04   1.20426805E-04
  0.166363493       3.20393592E-04   1.19931305E-04
  0.166649088       2.22500414E-04   1.20220015E-04
  0.166934699       5.39563596E-04   1.20459845E-04
  0.167220294       3.40204686E-04   1.19393488E-04
  0.167505905       3.24498862E-04   1.19528420E-04
  0.167791501       5.33007085E-04   1.19844452E-04
  0.168077111       4.43860888E-04   1.20065801E-04
  0.168362707       3.17204744E-04   1.19019198E-04
  0.168648303       4.97862697E-04   1.18705379E-04
  0.168933913       5.25217503E-04   1.19205943E-04
  0.169219509       3.42879444E-04   1.18533593E-04
  0.169505119       5.81927598E-04   1.18339427E-04
  0.169790715       3.31748277E-04   1.17843745E-04
  0.170076326       4.44632024E-04   1.17987351E-04
  0.170361921       4.35687602E-04   1.18322096E-04
  0.170647532       5.14604151E-04   1.17495176E-04
  0.170933127       3.72335315E-04   1.18174539E-04
  0.171218738       3.44667584E-04   1.16739939E-04
  0.171504334       4.40075994E-04   1.18315897E-04
  0.171789944       4.48655337E-04   1.18353601E-04
  0.172075540       2.35531479E-04   1.16045485E-04
  0.172361135       2.79240310E-04   1.17363248E-04
  0.172646746       6.90534711E-04   1.17240546E-04
  0.172932342       4.79925424E-04   1.17485535E-04
  0.173217952       5.22743911E-04   1.17705305E-04
  0.173503548       5.35599887E-04   1.16934789E-04
  0.173789158       5.02653420E-04   1.18025979E-04
  0.174074754       4.01418656E-04   1.16775736E-04
  0.174360365       2.92226672E-04   1.17703021E-04
  0.174645960       3.15107405E-04   1.17279953E-04
  0.174931571       3.06356698E-04   1.16430936E-04
  0.175217167       5.06103039E-04   1.17998425E-04
  0.175502777       2.94264406E-04   1.16421550E-04
  0.175788373       3.61118466E-04   1.17740165E-04
  0.176073983       2.76811421E-04   1.16078758E-04
  0.176359579       2.77366489E-04   1.17664364E-04
  0.176645175       5.22881746E-04   1.16916133E-04
  0.176930785       1.81809068E-04   1.16075200E-04
  0.177216381       4.21863049E-04   1.16871481E-04
  0.177501991       4.14121896E-04   1.16302966E-04
  0.177787587       2.69196928E-04   1.17223361E-04
  0.178073198       3.75974923E-04   1.16522759E-04
  0.178358793       1.55981630E-04   1.16008290E-04
  0.178644404       4.75317240E-04   1.16183699E-04
  0.178929999       2.55744904E-04   1.16043804E-04
  0.179215610       3.46235931E-04   1.15959250E-04
  0.179501206       1.23672187E-04   1.15883930E-04
  0.179786816       4.68797982E-04   1.16137409E-04
  0.180072412       3.90738249E-04   1.16524854E-04
  0.180358008       2.55137682E-04   1.14608170E-04
  0.180643618       2.52999365E-04   1.15896401E-04
  0.180929214       4.18640673E-04   1.15879571E-04
  0.181214824       4.71681356E-04   1.15885785E-04
  0.181500420       2.24161893E-04   1.15314215E-04
  0.181786031       3.63539904E-04   1.15134440E-04
  0.182071626       3.52077186E-04   1.15201656E-04
  0.182357237       4.16718423E-04   1.15448885E-04
  0.182642832       3.08640301E-04   1.14787552E-04
  0.182928443       1.18456781E-04   1.15285060E-04
  0.183214039       5.21801412E-05   1.15019284E-04
  0.183499649       3.13535333E-04   1.14703231E-04
  0.183785245       5.76257706E-04   1.15050367E-04
  0.184070840       2.98041850E-04   1.14186165E-04
  0.184356451       9.95323062E-05   1.14943745E-04
  0.184642047       2.95151025E-04   1.14452370E-04
  0.184927657       1.13211572E-04   1.14182512E-04
  0.185213253       2.09469348E-04   1.14207709E-04
  0.185498863       3.64959240E-04   1.14403105E-04
  0.185784459       2.61235982E-04   1.13946662E-04
  0.186070070       2.82287598E-04   1.14558614E-04
  0.186355665       3.49108130E-04   1.14036011E-04
  0.186641276       2.40977854E-04   1.13572249E-04
  0.186926872       3.28812748E-04   1.14166884E-04
  0.187212482       1.40979886E-04   1.14965820E-04
  0.187498078       2.72676349E-04   1.17811993E-04
  0.187783673       3.75382602E-04   1.19139069E-04
  0.188069284       2.82414258E-04   1.21074445E-04
  0.188354880       5.32615930E-04   1.21534118E-04
  0.188640490       2.68075615E-04   1.21490091E-04
  0.188926086       2.09007412E-04   1.23020829E-04
  0.189211696       5.17107546E-04   1.23736158E-04
  0.189497292       3.04598361E-04   1.24229045E-04
  0.189782903       2.33601779E-04   1.23903417E-04
  0.190068498       7.55377114E-05   1.24114784E-04
  0.190354109       4.71659005E-04   1.25807230E-04
  0.190639704       3.61025333E-04   1.24269602E-04
  0.190925315       3.83123755E-04   1.25965744E-04
  0.191210911       3.50840390E-04   1.25297171E-04
  0.191496521       2.30371952E-04   1.25857056E-04
  0.191782117       2.19494104E-04   1.26920175E-04
  0.192067713       1.92612410E-04   1.24430080E-04
  0.192353323       2.36850232E-04   1.26712970E-04
  0.192638919       1.76977366E-04   1.26221887E-04
  0.192924529      -1.09694898E-04   1.26408806E-04
  0.193210125       4.14758921E-04   1.27038758E-04
  0.193495736       1.73676759E-04   1.26019164E-04
  0.193781331       1.64672732E-04   1.28128479E-04
  0.194066942       2.62062997E-04   1.24257058E-04
  0.194352537       1.54469162E-04   1.23020116E-04
  0.194638148       2.75000930E-04   1.20701901E-04
  0.194923744       3.88875604E-04   1.19462857E-04
  0.195209354       3.05797905E-04   1.19485005E-04
  0.195494950       3.98129225E-04   1.17091680E-04
  0.195780545       4.80651855E-04   1.17378673E-04
  0.196066156       2.10970640E-04   1.16625437E-04
  0.196351752       2.81091779E-04   1.16644609E-04
  0.196637362       2.26978213E-04   1.17098978E-04
  0.196922958       1.27725303E-04   1.14321680E-04
  0.197208568       1.60057098E-04   1.15865536E-04
  0.197494164       2.91056931E-04   1.15858791E-04
  0.197779775       1.66926533E-04   1.15163399E-04
  0.198065370       1.42656267E-04   1.14936098E-04
  0.198350981       2.35393643E-04   1.14489354E-04
  0.198636577       3.75360250E-05   1.15049537E-04
  0.198922187       6.93760812E-05   1.14486225E-04
  0.199207783       1.13498420E-04   1.14041504E-04
  0.199493378      -1.22711062E-04   1.13310518E-04
  0.199778989       5.73880970E-05   1.14334020E-04
  0.200064585       3.29278409E-05   1.14252449E-04
  0.200350195       1.63145363E-04   1.13685150E-04
  0.200635791       2.08009034E-04   1.13196991E-04
  0.200921401       1.24759972E-05   1.13377158E-04
  0.201206997       2.35091895E-04   1.13920629E-04
  0.201492608       2.14654952E-04   1.13213697E-04
  0.201778203       2.71875411E-04   1.13297174E-04
  0.202063814       2.14848667E-04   1.13181086E-04
  0.202349409       2.06325203E-04   1.12676607E-04
  0.202635020       3.89944762E-04   1.13879301E-04
  0.202920616       2.84474343E-04   1.12373433E-04
  0.203206211       3.20397317E-04   1.13247428E-04
  0.203491822       5.66557050E-04   1.13075868E-04
  0.203777418       1.09367073E-04   1.11713009E-04
  0.204063028       7.96727836E-05   1.12447036E-04
  0.204348624       1.76258385E-04   1.11827132E-04
  0.204634234       1.54823065E-04   1.12721056E-04
  0.204919830       1.47268176E-04   1.12559057E-04
  0.205205441      -1.09344721E-04   1.11364272E-04
  0.205491036       1.00474805E-04   1.11608002E-04
  0.205776647       7.58729875E-05   1.11035341E-04
  0.206062242       5.00008464E-05   1.11955240E-04
  0.206347853       3.43620777E-05   1.11163259E-04
  0.206633449       3.59233469E-04   1.11713489E-04
  0.206919059       2.25167722E-04   1.12156551E-04
  0.207204655       1.91666186E-05   1.10692687E-04
  0.207490250       1.21004879E-04   1.11735710E-04
  0.207775861       1.84997916E-04   1.10222914E-04
  0.208061457       2.05218792E-04   1.10975998E-04
  0.208347067       2.40448862E-04   1.11679292E-04
  0.208632663       9.42200422E-05   1.10204674E-04
  0.208918273       9.67867672E-05   1.10752386E-04
  0.209203869       8.02464783E-05   1.10156892E-04
  0.209489480       1.38461590E-04   1.10788293E-04
  0.209775075       2.30342150E-04   1.10523550E-04
  0.210060686       3.06107104E-05   1.10317225E-04
  0.210346282       3.73676419E-04   1.10899084E-04
  0.210631892       2.45615840E-04   1.09911234E-04
  0.210917488       3.03857028E-04   1.10646419E-04
  0.211203083      -9.31099057E-05   1.09118351E-04
  0.211488694       2.45679170E-04   1.10269139E-04
  0.211774290       2.96831131E-05   1.10492343E-04
  0.212059900       2.82105058E-04   1.09405097E-04
  0.212345496       1.92187726E-05   1.09619017E-04
  0.212631106       9.01445746E-05   1.09408924E-04
  0.212916702       1.52554363E-04   1.10081499E-04
  0.213202313       1.28731132E-04   1.09547305E-04
  0.213487908       5.79729676E-05   1.08813081E-04
  0.213773519       2.95683742E-04   1.09864173E-04
  0.214059114       2.50980258E-04   1.08949076E-04
  0.214344725       1.37031078E-04   1.09370158E-04
  0.214630321       4.89875674E-05   1.08554210E-04
  0.214915916       8.86917114E-05   1.08731670E-04
  0.215201527       1.90392137E-04   1.09919645E-04
  0.215487123      -3.74019146E-06   1.08266438E-04
  0.215772733       2.93090940E-04   1.08941058E-04
  0.216058329       2.54761428E-04   1.08742934E-04
  0.216343939       2.33855098E-04   1.08807006E-04
  0.216629535       1.37317926E-04   1.08616070E-04
  0.216915146       3.18530947E-04   1.08305292E-04
  0.217200741       1.32214278E-04   1.08842811E-04
  0.217486352       2.90289521E-04   1.08259192E-04
  0.217771947       1.34143978E-04   1.08077787E-04
  0.218057558       1.71355903E-04   1.07962995E-04
  0.218343154      -3.47718596E-05   1.06802996E-04
  0.218628749      -5.37559390E-06   1.08108667E-04
  0.218914360       2.40787864E-04   1.06397580E-04
  0.219199955       1.63454562E-04   1.07724576E-04
  0.219485566       1.93752348E-04   1.06697618E-04
  0.219771162       1.42607838E-04   1.07281499E-04
  0.220056772       3.98643315E-04   1.07264990E-04
  0.220342368       7.08773732E-05   1.06710904E-04
  0.220627978       1.80583447E-04   1.07105174E-04
  0.220913574       9.42870975E-05   1.06453699E-04
  0.221199185       1.62120908E-04   1.06824104E-04
  0.221484780       1.64523721E-04   1.06737840E-04
  0.221770391       3.33525240E-05   1.06022730E-04
  0.222055987       1.93711370E-04   1.06904801E-04
  0.222341597       1.72492117E-04   1.06126950E-04
  0.222627193       1.73225999E-05   1.06413812E-04
  0.222912788       2.02432275E-05   1.05785199E-04
  0.223198399      -4.67523932E-06   1.06266882E-04
  0.223483995       8.54842365E-05   1.06737411E-04
  0.223769605       7.41817057E-05   1.05687373E-04
  0.224055201       1.16307288E-04   1.06388652E-04
  0.224340811       2.14047730E-04   1.06248764E-04
  0.224626407       9.21748579E-05   1.07028085E-04
  0.224912018       1.31357461E-04   1.06215273E-04
  0.225197613       2.76640058E-05   1.06178966E-04
  0.225483224       2.98328698E-04   1.06797277E-04
  0.225768819       1.23120844E-05   1.05730243E-04
  0.226054430       2.76096165E-04   1.06645814E-04
  0.226340026       1.00582838E-07   1.05204068E-04
  0.226625621      -5.98803163E-05   1.05984160E-04
  0.226911232       1.72708184E-04   1.06306346E-04
  0.227196828       1.93346292E-04   1.05799001E-04
  0.227482438       6.36987388E-05   1.06040090E-04
  0.227768034       2.69804150E-04   1.05109437E-04
  0.228053644       1.79644674E-04   1.06378277E-04
  0.228339240       7.32317567E-05   1.05608866E-04
  0.228624851       5.57117164E-05   1.05222993E-04
  0.228910446       2.87890434E-04   1.05922736E-04
  0.229196057       7.95125961E-05   1.04747822E-04
  0.229481652       4.10974026E-05   1.05644482E-04
  0.229767263      -7.00578094E-05   1.04718769E-04
  0.230052859       2.34458596E-04   1.05335464E-04
  0.230338454      -1.17395073E-04   1.05052291E-04
  0.230624065       8.64155591E-05   1.04944236E-04
  0.230909660      -2.83755362E-05   1.05304251E-04
  0.231195271      -6.37657940E-05   1.03955339E-04
  0.231480867       1.11218542E-04   1.04939936E-04
  0.231766477       2.04291195E-04   1.05207444E-04
  0.232052073       2.33341008E-04   1.05202096E-04
  0.232337683       1.62914395E-04   1.05029467E-04
  0.232623279       2.19855458E-04   1.04371735E-04
  0.232908890       1.75919384E-04   1.04918850E-04
  0.233194485       2.87640840E-04   1.04687882E-04
  0.233480096       2.35613436E-04   1.04346167E-04
  0.233765692      -5.15580177E-05   1.04602601E-04
  0.234051287       1.48929656E-04   1.03939055E-04
  0.234336898       1.75584108E-04   1.05038896E-04
  0.234622493       9.76435840E-05   1.03696497E-04
  0.234908104       2.66887248E-04   1.04231593E-04
  0.235193700       9.93162394E-06   1.04450271E-04
  0.235479310       2.90274620E-04   1.04424136E-04
  0.235764906       1.82360411E-04   1.04690749E-04
  0.236050516       2.93552876E-05   1.02979735E-04
  0.236336112       1.35667622E-04   1.04134640E-04
  0.236621723       8.10660422E-05   1.03452971E-04
  0.236907318       4.87044454E-05   1.04183026E-04
  0.237192929      -6.63921237E-05   1.03830069E-04
  0.237478524       5.64195216E-05   1.03122577E-04
  0.237764135       1.95965171E-04   1.04496437E-04
  0.238049731       7.09183514E-05   1.03295628E-04
  0.238335326       2.41022557E-04   1.02958016E-04
  0.238620937       2.24784017E-04   1.03727973E-04
  0.238906533       9.49352980E-05   1.03398052E-04
  0.239192143       9.05692577E-05   1.04129271E-04
  0.239477739       1.87642872E-05   1.02632555E-04
  0.239763349       1.26648694E-04   1.03252634E-04
  0.240048945       5.68963587E-05   1.03008751E-04
  0.240334556       7.93896616E-05   1.03173261E-04
  0.240620151       1.32244080E-04   1.03326107E-04
  0.240905762       2.46483833E-04   1.02408405E-04
  0.241191357       1.63286924E-04   1.03380291E-04
  0.241476968       2.28282064E-04   1.02928934E-04
  0.241762564       1.58712268E-04   1.02711252E-04
  0.242048159       1.53712928E-04   1.02924911E-04
  0.242333770       6.54235482E-05   1.02379359E-04
  0.242619365       1.71244144E-04   1.03168270E-04
  0.242904976       1.55154616E-04   1.02061967E-04
  0.243190572       1.99533999E-04   1.02292281E-04
  0.243476182       2.48957425E-04   1.02638936E-04
  0.243761778       3.42931598E-04   1.02887629E-04
  0.244047388       8.51824880E-05   1.02416656E-04
  0.244332984       4.80897725E-05   1.01921774E-04
  0.244618595      -1.93901360E-05   1.02183287E-04
  0.244904190       3.00306827E-04   1.02414662E-04
  0.245189801       9.14037228E-05   1.02424172E-04
  0.245475397      -6.87986612E-05   1.01843878E-04
  0.245760992       1.03838742E-04   1.01511738E-04
  0.246046603       1.75092369E-04   1.02213089E-04
  0.246332198       2.98656523E-05   1.01418926E-04
  0.246617809       3.42987478E-05   1.01733393E-04
  0.246903405      -2.87257135E-05   1.01856014E-04
  0.247189015       9.22977924E-05   1.01692174E-04
  0.247474611       1.54085457E-04   1.02127233E-04
  0.247760221       3.90224159E-05   1.00737991E-04
  0.248045817       2.48484313E-04   1.04144885E-04
  0.248331428       1.40681863E-04   1.05274295E-04
  0.248617023       2.17381865E-04   1.06838314E-04
  0.248902634       1.15737319E-04   1.07745858E-04
  0.249188229       1.97373331E-04   1.07846012E-04
  0.249473825      -1.75125897E-05   1.08875800E-04
  0.249759436       2.17691064E-04   1.09905792E-04
  0.250045031      -5.22658229E-05   1.11744404E-04
  0.250330627       1.50620937E-04   1.13819799E-04
  0.250616252       7.54073262E-05   1.15309449E-04
  0.250901848       1.80959702E-04   1.17268435E-04
  0.251187444       2.80626118E-05   1.17003670E-04
  0.251473039      -1.05686486E-05   1.19223863E-04
  0.251758665       8.34651291E-05   1.20415745E-04
  0.252044261       7.95684755E-05   1.21669713E-04
  0.252329856       1.91137195E-04   1.23407561E-04
  0.252615452       1.51604414E-04   1.22909783E-04
  0.252901077       2.54128128E-04   1.24463695E-04
  0.253186673      -1.96903944E-04   1.24811195E-04
  0.253472269       1.66565180E-04   1.26954576E-04
  0.253757864      -1.47834420E-04   1.27360530E-04
  0.254043460       1.42216682E-04   1.28746309E-04
  0.254329085       2.03989446E-04   1.30122222E-04
  0.254614681      -7.70241022E-05   1.28578627E-04
  0.254900277       2.29310244E-04   1.31045337E-04
  0.255185872      -5.16623259E-05   1.30738321E-04
  0.255471498       1.47491693E-04   1.31391716E-04
  0.255757093       2.52239406E-05   1.33081543E-04
  0.256042689       1.66516751E-04   1.31340843E-04
  0.256328285       3.01714987E-04   1.33940906E-04
  0.256613910       2.00357288E-04   1.33144771E-04
  0.256899506       2.04849988E-04   1.34664559E-04
  0.257185102       9.54829156E-05   1.35721362E-04
  0.257470697       5.09247184E-06   1.34564601E-04
  0.257756293       2.68321484E-04   1.37180861E-04
  0.258041918       2.18600035E-04   1.35537382E-04
  0.258327514       3.59375030E-04   1.37351337E-04
  0.258613110      -4.47928905E-05   1.37170908E-04
  0.258898705      -1.38059258E-05   1.37734372E-04
  0.259184331       2.68403441E-04   1.38418618E-04
  0.259469926       1.24279410E-04   1.36227653E-04
  0.259755522       2.02372670E-04   1.38907024E-04
  0.260041118       1.88138336E-04   1.37980125E-04
  0.260326743       1.02832913E-04   1.38320713E-04
  0.260612339       7.50347972E-05   1.38143616E-04
  0.260897934       1.15416944E-04   1.39042575E-04
  0.261183530       4.29168344E-04   1.41330762E-04
  0.261469126      -2.48514116E-05   1.38666263E-04
  0.261754751      -1.09516084E-04   1.40964272E-04
  0.262040347      -1.56756490E-04   1.39737895E-04
  0.262325943      -1.84021890E-04   1.42209581E-04
  0.262611538       1.37645751E-04   1.42833102E-04
  0.262897164       2.93679535E-04   1.40594042E-04
  0.263182759       8.39531422E-05   1.44280973E-04
  0.263468355      -5.20274043E-05   1.42162826E-04
  0.263753951       1.43732876E-04   1.45739206E-04
  0.264039576      -1.68539584E-04   1.42999706E-04
  0.264325172       2.91075557E-04   1.43263635E-04
  0.264610767      -1.19507313E-05   1.46916980E-04
  0.264896363       1.47484243E-04   1.44876438E-04
  0.265181959       1.14828348E-04   1.45942598E-04
  0.265467584       1.47175044E-04   1.46198086E-04
  0.265753180      -5.81145287E-05   1.46792619E-04
  0.266038775       1.34192407E-04   1.49879590E-04
  0.266324371      -1.21444464E-05   1.45284692E-04
  0.266609997       3.90000641E-05   1.48176230E-04
  0.266895592       1.29528344E-05   1.49079497E-04
  0.267181188       9.67420638E-05   1.49607731E-04
  0.267466784       1.87546015E-04   1.51798071E-04
  0.267752409      -1.89658254E-04   1.48200357E-04
  0.268038005       3.54815274E-04   1.50904176E-04
  0.268323600       4.30896878E-04   1.52465509E-04
  0.268609196       1.58354640E-04   1.51110697E-04
  0.268894792       2.33031809E-04   1.52626322E-04
  0.269180417      -1.60802156E-04   1.51241358E-04
  0.269466013      -8.87662172E-05   1.53191271E-04
  0.269751608       1.16448849E-04   1.54614478E-04
  0.270037204       2.64428556E-04   1.52203298E-04
  0.270322829       1.29349530E-04   1.55160786E-04
  0.270608425       6.62878156E-05   1.54404712E-04
  0.270894021       2.93869525E-04   1.57184855E-04
  0.271179616       1.37444586E-04   1.54482899E-04
  0.271465242       4.11905348E-05   1.55232003E-04
  0.271750838       2.39655375E-04   1.56619149E-04
  0.272036433       4.48450446E-05   1.57008151E-04
  0.272322029       8.65273178E-05   1.54893001E-04
  0.272607625       2.16335058E-04   1.56416092E-04
  0.272893250      -4.75831330E-05   1.57170609E-04
  0.273178846       1.65391713E-04   1.57850154E-04
  0.273464441       8.46534967E-05   1.57439426E-04
  0.273750037       1.66501850E-04   1.56653565E-04
  0.274035662       8.84011388E-05   1.59230840E-04
  0.274321258      -1.12563372E-04   1.60472977E-04
  0.274606854       7.68154860E-06   1.57071889E-04
  0.274892449      -1.34762377E-04   1.60643714E-04
  0.275178075       2.49393284E-04   1.59361327E-04
  0.275463670       1.26197934E-04   1.62249256E-04
  0.275749266       1.60384923E-04   1.60880314E-04
  0.276034862       2.71443278E-04   1.60724696E-04
  0.276320487       1.96829438E-04   1.64785466E-04
  0.276606083      -4.56050038E-05   1.61397169E-04
  0.276891679       2.40519643E-04   1.64336583E-04
  0.277177274       1.95179135E-04   1.62994576E-04
  0.277462870       5.72130084E-05   1.64022829E-04
  0.277748495      -3.82177532E-05   1.65940059E-04
  0.278034091       1.64978206E-04   1.63561373E-04
  0.278319687       8.47168267E-05   1.66693528E-04
  0.278605282      -2.42739916E-05   1.65107631E-04
  0.278890908      -5.04106283E-05   1.66506725E-04
  0.279176503       8.60281289E-05   1.66306287E-04
  0.279462099       2.64361501E-04   1.67845297E-04
  0.279747695       1.04367733E-04   1.69596926E-04
  0.280033320       2.33672559E-04   1.67887920E-04
  0.280318916      -1.60187483E-04   1.69292369E-04
  0.280604511       5.22010028E-04   1.69550520E-04
  0.280890107      -3.73005867E-04   1.69432722E-04
  0.281175703       2.53636390E-04   1.70498679E-04
  0.281461328       3.70778143E-05   1.67656137E-04
  0.281746924       2.96354294E-04   1.71452106E-04
  0.282032520      -8.40909779E-05   1.67502032E-04
  0.282318115       3.99872661E-05   1.69938445E-04
  0.282603741       1.96430832E-04   1.70103842E-04
  0.282889336       3.71374190E-05   1.70044106E-04
  0.283174932       2.24497169E-04   1.72184766E-04
  0.283460528       2.62241811E-04   1.68854778E-04
  0.283746153       2.22325325E-04   1.72138141E-04
  0.284031749       2.77694315E-04   1.70178639E-04
  0.284317344      -7.14361668E-05   1.71910957E-04
  0.284602940       2.54925340E-04   1.74648332E-04
  0.284888536       2.87078321E-04   1.71048712E-04
  0.285174161       3.23049724E-04   1.74397152E-04
  0.285459757       5.15021384E-05   1.72616608E-04
  0.285745353       1.41710043E-05   1.74471730E-04
  0.286030948      -5.85317612E-05   1.74605142E-04
  0.286316574       4.34894115E-04   1.76673857E-04
  0.286602169       5.79208136E-05   1.76970250E-04
  0.286887765      -4.61526215E-05   1.74012559E-04
  0.287173361       1.69537961E-05   1.77762486E-04
  0.287458986       7.78846443E-05   1.76347676E-04
  0.287744582       2.65464187E-05   1.79682873E-04
  0.288030177       3.52043658E-04   1.80752424E-04
  0.288315773      -5.37000597E-05   1.76795002E-04
  0.288601369       1.39594078E-04   1.81669806E-04
  0.288886994       2.49516219E-04   1.77679947E-04
  0.289172590       2.39945948E-04   1.83173135E-04
  0.289458185       2.60241330E-04   1.80258110E-04
  0.289743781       1.77342445E-04   1.81622323E-04
  0.290029407       2.07882375E-04   1.86294943E-04
  0.290315002       1.45081431E-04   1.79368333E-04
  0.290600598       1.17402524E-04   1.86408419E-04
  0.290886194       2.50540674E-04   1.82055810E-04
  0.291171819       4.49605286E-05   1.84627264E-04
  0.291457415      -1.62269920E-04   1.87263518E-04
  0.291743010       2.62577087E-04   1.83386481E-04
  0.292028606       4.11611050E-04   1.89120401E-04
  0.292314202      -2.33724713E-05   1.84081917E-04
  0.292599827       1.14839524E-04   1.89038576E-04
  0.292885423      -2.67848372E-06   1.87746453E-04
  0.293171018       2.47683376E-04   1.88610473E-04
  0.293456614       1.93219632E-04   1.90801919E-04
  0.293742239       3.29103321E-04   1.88519160E-04
  0.294027835       1.58812851E-04   1.92110194E-04
  0.294313431       1.44965947E-04   1.90839099E-04
  0.294599026      -2.12542713E-04   1.90406092E-04
  0.294884652       1.12514943E-04   1.92996318E-04
  0.295170248      -1.91852450E-05   1.92667067E-04
  0.295455843       3.78437340E-04   1.94931330E-04
  0.295741439      -5.43035567E-05   1.91282437E-04
  0.296027035       1.23776495E-04   1.96702371E-04
  0.296312660       3.73866409E-04   1.95084780E-04
  0.296598256       5.29635698E-04   1.98490132E-04
  0.296883851      -1.22226775E-05   1.97564048E-04
  0.297169447       6.10128045E-05   1.93783475E-04
  0.297455072       2.47966498E-04   2.01645540E-04
  0.297740668       1.94851309E-04   1.96561043E-04
  0.298026264       3.19141895E-04   2.02304043E-04
  0.298311859      -1.72305852E-04   2.00516923E-04
  0.298597485       2.82488763E-05   1.97855727E-04
  0.298883080       3.37310135E-04   2.05047705E-04
  0.299168676       1.30403787E-04   1.99438189E-04
  0.299454272      -1.12589449E-04   2.03890828E-04
  0.299739867      -1.05347484E-04   2.02413838E-04
  0.300025493      -1.11728907E-04   2.03398944E-04
  0.300311089       1.98669732E-04   2.08896832E-04
  0.300596684       4.61898744E-05   2.01436153E-04
  0.300882280      -1.74839050E-04   2.08400073E-04
  0.301167905       4.88951802E-04   2.05448247E-04
  0.301453501       2.84694135E-04   2.09375779E-04
  0.301739097      -8.39568675E-05   2.09074278E-04
  0.302024692       1.26384199E-04   2.06712255E-04
  0.302310318      -2.05967575E-04   2.13978812E-04
  0.302595913      -1.77387148E-04   2.06491954E-04
  0.302881509       5.18739223E-04   2.14283427E-04
  0.303167105      -1.40633434E-04   2.11294508E-04
  0.303452700       2.15310603E-04   2.13301682E-04
  0.303738326       1.44492835E-04   2.17647466E-04
  0.304023921       1.42011791E-04   2.09864636E-04
  0.304309517      -5.82002103E-05   2.18683112E-04
  0.304595113       2.44662166E-04   2.13792257E-04
  0.304880738       3.89438123E-04   2.19576366E-04
  0.305166334       1.07802451E-04   2.18920861E-04
  0.305451930      -2.38489360E-04   2.16193876E-04
  0.305737525      -8.63596797E-05   2.23412586E-04
  0.306023151      -1.05090439E-04   2.15437554E-04
  0.306308746       1.81064010E-04   2.23939875E-04
  0.306594342       2.17761844E-04   2.22661576E-04
  0.306879938       2.88687646E-04   2.22668561E-04
  0.307165563       2.54135579E-04   2.29135578E-04
  0.307451159       6.01410866E-05   2.21615745E-04
  0.307736754       2.77228653E-04   2.29187994E-04
  0.308022350       1.78404152E-04   2.23319890E-04
  0.308307946       3.71038914E-04   2.30939258E-04
  0.308593571      -9.76398587E-06   2.29327648E-04
  0.308879167      -4.91254032E-05   2.25960976E-04
  0.309164762       3.62806022E-04   2.35925472E-04
  0.309450358       9.53450799E-05   2.26574484E-04
  0.309735984       1.73225999E-04   2.35147585E-04
  0.310021579      -1.79752707E-04   2.30972393E-04
  0.310307175       2.12289393E-04   2.34110455E-04
  0.310592771       2.01087445E-04   2.40840527E-04
  0.310878396       2.70470977E-04   2.30861609E-04
  0.311163992      -3.12395394E-04   2.39228480E-04
  0.311449587       2.53386796E-04   2.35202519E-04
  0.311735183       1.12719834E-04   2.41095579E-04
  0.312020779      -9.84296203E-05   2.40650887E-04
  0.312306404      -1.15454197E-04   2.39649031E-04
  0.312592000       2.53673643E-04   2.46764248E-04
  0.312877595       5.88547438E-04   2.39128771E-04
  0.313163191       1.69996172E-04   2.44268362E-04
  0.313448817       1.50594860E-04   2.41999311E-04
  0.313734412      -4.50164080E-05   2.41253627E-04
  0.314020008       5.06684184E-04   2.49285600E-04
  0.314305604       2.52656639E-04   2.36476757E-04
  0.314591229       5.38229942E-05   2.45726755E-04
  0.314876825      -8.53613019E-05   2.40055975E-04
  0.315162420      -3.94854695E-04   2.41218295E-04
  0.315448016      -6.22794032E-05   2.44551542E-04
  0.315733612       3.86025757E-04   2.41087153E-04
  0.316019237       8.43156129E-04   2.51182035E-04
  0.316304833      -2.94573605E-04   2.36925014E-04
  0.316590428      -8.61920416E-05   2.46756768E-04
  0.316876024      -2.14248896E-04   2.42908020E-04
  0.317161649      -6.62289560E-04   2.44755793E-04
  0.317447245       2.02693045E-04   2.51289923E-04
  0.317732841      -2.59950757E-05   2.40692039E-04
  0.318018436      -2.27544457E-04   2.51597754E-04
  0.318304062       1.44086778E-04   2.47235119E-04
  0.318589658       1.94296241E-04   2.52260827E-04
  0.318875253       1.52926892E-04   2.54655664E-04
  0.319160849       1.35265291E-04   2.52530124E-04
  0.319446445      -2.93150544E-04   2.59166671E-04
  0.319732070      -2.16327608E-05   2.48429220E-04
  0.320017666      -2.11257488E-04   2.61574081E-04
  0.320303261       1.05418265E-04   2.57192325E-04
  0.320588857       3.84960324E-04   2.61684007E-04
  0.320874482      -5.75557351E-05   2.66165473E-04
  0.321160078      -2.96905637E-06   2.55314866E-04
  0.321445674      -9.96738672E-05   2.67976633E-04
  0.321731269       4.25796956E-04   2.61215086E-04
  0.322016895       9.11429524E-05   2.71589233E-04
  0.322302490      -2.16998160E-04   2.65691662E-04
  0.322588086       1.04021281E-04   2.67314317E-04
  0.322873682      -5.42413443E-04   2.76226667E-04
  0.323159277      -3.13315541E-04   2.61269597E-04
  0.323444903       1.85295939E-05   2.81323766E-04
  0.323730499       4.53881919E-04   2.70894176E-04
  0.324016094       7.33844936E-05   2.77903688E-04
  0.324301690       2.58386135E-04   2.87977367E-04
  0.324587315      -1.84990466E-04   2.68048723E-04
  0.324872911      -1.20062381E-04   2.86824332E-04
  0.325158507       4.68961895E-04   2.76645267E-04
  0.325444102       4.15463001E-04   2.89967429E-04
  0.325729728       3.79934907E-04   2.85587477E-04
  0.326015323      -7.62976706E-05   2.85441085E-04
  0.326300919      -1.55352056E-04   2.98542029E-04
  0.326586515       3.44362110E-04   2.83050089E-04
  0.326872110      -2.42941082E-04   2.96711223E-04
  0.327157736      -4.62308526E-05   2.87778530E-04
  0.327443331       2.07893550E-04   2.99145206E-04
  0.327728927       5.44417650E-04   3.06523900E-04
  0.328014523       2.15761364E-04   2.91120436E-04
  0.328300148       1.68606639E-04   3.13010125E-04
  0.328585744      -1.93729997E-04   2.92269571E-04
  0.328871340      -7.00224191E-04   3.08674120E-04
  0.329156935       1.93946064E-04   3.04569228E-04
  0.329442561      -4.31537628E-05   3.08456889E-04
  0.329728156      -7.65398145E-05   3.23129643E-04
  0.330013752      -1.54390931E-04   2.99514242E-04
  0.330299348       4.26605344E-04   3.27815564E-04
  0.330584943      -9.17539001E-05   3.08233371E-04
  0.330870569       1.09530985E-04   3.23341170E-04
  0.331156164       2.66816467E-04   3.29602422E-04
  0.331441760       8.11330974E-05   3.16026155E-04
  0.331727356      -3.37455422E-04   3.40561906E-04
  0.332012981      -7.61486590E-05   3.16266523E-04
  0.332298577      -2.97874212E-04   3.39765975E-04
  0.332584172       2.43734568E-04   3.28598340E-04
  0.332869768       6.77667558E-05   3.37955600E-04
  0.333155394       1.26235187E-04   3.56568373E-04
  0.333440989       6.17220998E-04   3.26872716E-04
  0.333726585       4.68079001E-04   3.58475430E-04
  0.334012181       1.35488808E-05   3.35853343E-04
  0.334297776      -6.01559877E-05   3.55437456E-04
  0.334583402      -5.25273383E-04   3.54686781E-04
  0.334868997       2.70869583E-04   3.50017071E-04
  0.335154593      -4.33549285E-05   3.77800723E-04
  0.335440189      -1.56372786E-04   3.43557243E-04
  0.335725814       1.51712447E-04   3.78657220E-04
  0.336011410       1.63368881E-04   3.64237465E-04
  0.336297005      -4.26564366E-04   3.71102651E-04
  0.336582601      -1.59669667E-04   3.99698765E-04
  0.336868227       3.14425677E-04   3.58931982E-04
  0.337153822      -4.54671681E-05   3.99111363E-04
  0.337439418       1.62456185E-04   3.74654541E-04
  0.337725013       1.14373863E-04   3.99372802E-04
  0.338010639       3.15487385E-04   4.01010184E-04
  0.338296235       2.33881176E-04   3.88371001E-04
  0.338581830      -1.94653869E-04   4.32663946E-04
  0.338867426      -5.19417226E-04   3.78643279E-04
  0.339153022       6.51128590E-04   4.40653646E-04
  0.339438647       1.73874199E-04   3.99474113E-04
  0.339724243      -2.21680850E-04   4.30528249E-04
  0.340009838       6.09010458E-05   4.63806646E-04
  0.340295434      -5.66218048E-04   3.97512049E-04
  0.340581059       5.58786094E-04   4.64476063E-04
  0.340866655       4.48588282E-04   4.25092672E-04
  0.341152251      -3.46530229E-04   4.61592863E-04
  0.341437846      -1.82274729E-04   4.52979119E-04
  0.341723472       3.58670950E-05   4.55602101E-04
  0.342009068       4.41621989E-04   5.16255386E-04
  0.342294663       4.66924161E-04   4.41381038E-04
  0.342580259       6.81445003E-04   5.06489014E-04
  0.342865855       7.04243779E-04   4.78577014E-04
  0.343151480      -8.00531358E-04   4.92793391E-04
  0.343437076       3.49637121E-04   5.68709336E-04
  0.343722671       9.09186900E-04   4.65887540E-04
  0.344008267       4.84175980E-04   6.10055868E-04
  0.344293892      -3.93796712E-04   4.81236522E-04
  0.344579488       1.07262284E-04   5.87738119E-04
  0.344865084       7.05040991E-04   5.47395961E-04
  0.345150679      -5.33334911E-04   5.55992650E-04
  0.345436305      -7.72647560E-04   6.87735446E-04
  0.345721900       3.20125371E-04   5.03199873E-04
  0.346007496      -2.11559236E-04   7.22978206E-04
  0.346293092       5.70714474E-04   5.45921270E-04
  0.346578687      -3.36464494E-04   7.30497064E-04
  0.346864313      -4.25215811E-04   6.61712140E-04
  0.347149909       2.18797475E-04   6.40869315E-04
  0.347435504       2.02215835E-03   8.48700118E-04
  0.347721100      -7.22818077E-05   6.07266207E-04
  0.348006725       1.06950477E-03   9.00701853E-04
  0.348292321       2.86288559E-04   6.54651492E-04
  0.348577917       1.08267367E-03   9.76261392E-04
  0.348863512       9.69581306E-05   9.90094617E-04
  0.349149138      -8.68763775E-04   7.30220403E-04
