 # q,I,sigma
 # errors rescaled with constant factor:    1.00763142    
 # factor also written to scale_factor.d
   2.99882679E-03   2.44578719E-02   2.48916494E-03
   3.28442943E-03   2.70503499E-02   1.34976138E-03
   3.57003184E-03   2.76171006E-02   1.14984089E-03
   3.85563448E-03   2.87524424E-02   9.40459722E-04
   4.14123712E-03   2.76486799E-02   7.56657391E-04
   4.42683976E-03   2.82012671E-02   6.46631117E-04
   4.71244240E-03   2.89997607E-02   5.93827863E-04
   4.99804458E-03   2.85509564E-02   5.61915687E-04
   5.28364722E-03   2.82636508E-02   5.36806416E-04
   5.56924986E-03   2.73591131E-02   5.30541816E-04
   5.85485250E-03   2.88178921E-02   5.29173005E-04
   6.14045514E-03   2.74052434E-02   5.14290761E-04
   6.42605731E-03   2.74542458E-02   5.00682683E-04
   6.71165995E-03   2.79155374E-02   4.83637967E-04
   6.99726259E-03   2.76852064E-02   4.69591381E-04
   7.28286523E-03   2.74369754E-02   4.65789461E-04
   7.56846787E-03   2.69451104E-02   4.61377320E-04
   7.85407051E-03   2.74901539E-02   4.45043697E-04
   8.13967269E-03   2.68326141E-02   4.35312104E-04
   8.42527580E-03   2.69993469E-02   4.34540882E-04
   8.71087797E-03   2.72916704E-02   4.24153783E-04
   8.99648014E-03   2.71959789E-02   4.22179466E-04
   9.28208325E-03   2.70341821E-02   4.08359221E-04
   9.56768543E-03   2.70234644E-02   3.99820157E-04
   9.85328853E-03   2.69101113E-02   4.10277600E-04
   1.01388907E-02   2.59841830E-02   3.88037035E-04
   1.04244929E-02   2.68128589E-02   3.82499275E-04
   1.07100960E-02   2.71260329E-02   3.85888474E-04
   1.09956982E-02   2.68953517E-02   3.79330857E-04
   1.12813013E-02   2.69550122E-02   3.80336831E-04
   1.15669034E-02   2.68222690E-02   3.64929612E-04
   1.18525065E-02   2.62129679E-02   3.65584419E-04
   1.21381087E-02   2.61925869E-02   3.60725098E-04
   1.24237109E-02   2.65501961E-02   3.32643831E-04
   1.27093140E-02   2.56967135E-02   3.25641828E-04
   1.29949162E-02   2.60234028E-02   3.11961077E-04
   1.32805184E-02   2.58338414E-02   3.08990770E-04
   1.35661215E-02   2.62062550E-02   3.00127169E-04
   1.38517236E-02   2.58973427E-02   2.95098143E-04
   1.41373267E-02   2.56134495E-02   2.89648597E-04
   1.44229289E-02   2.53450051E-02   2.84735346E-04
   1.47085320E-02   2.54063085E-02   2.80867680E-04
   1.49941342E-02   2.50332057E-02   2.74498365E-04
   1.52797364E-02   2.52686255E-02   2.71867786E-04
   1.55653395E-02   2.52465382E-02   2.66109098E-04
   1.58509426E-02   2.49277279E-02   2.64392496E-04
   1.61365438E-02   2.50665061E-02   2.59583263E-04
   1.64221469E-02   2.48162597E-02   2.55588529E-04
   1.67077500E-02   2.46259160E-02   2.52251251E-04
   1.69933513E-02   2.46620923E-02   2.47937045E-04
   1.72789544E-02   2.43869126E-02   2.45891511E-04
   1.75645575E-02   2.39200741E-02   2.42707567E-04
   1.78501606E-02   2.42957175E-02   2.38936846E-04
   1.81357618E-02   2.39272006E-02   2.38872584E-04
   1.84213649E-02   2.35507749E-02   2.32915248E-04
   1.87069681E-02   2.34162509E-02   2.31616548E-04
   1.89925693E-02   2.38430277E-02   2.32030594E-04
   1.92781724E-02   2.34845169E-02   2.24841569E-04
   1.95637755E-02   2.35584155E-02   2.26506963E-04
   1.98493768E-02   2.30113752E-02   2.20520757E-04
   2.01349799E-02   2.32711583E-02   2.20669652E-04
   2.04205830E-02   2.33431421E-02   2.19369802E-04
   2.07061861E-02   2.31085382E-02   2.14332686E-04
   2.09917873E-02   2.29106136E-02   2.14582964E-04
   2.12773904E-02   2.33297907E-02   2.11578285E-04
   2.15629935E-02   2.28128098E-02   2.10356127E-04
   2.18485948E-02   2.25842707E-02   2.08298748E-04
   2.21341979E-02   2.25890949E-02   2.05174176E-04
   2.24198010E-02   2.19777860E-02   2.04615077E-04
   2.27054041E-02   2.23858692E-02   2.02880750E-04
   2.29910053E-02   2.19158977E-02   2.01336094E-04
   2.32766084E-02   2.16423273E-02   1.97943300E-04
   2.35622115E-02   2.20468752E-02   1.98695096E-04
   2.38478128E-02   2.16936991E-02   1.95775370E-04
   2.41334159E-02   2.12401599E-02   1.94154476E-04
   2.44190190E-02   2.11657286E-02   1.92569743E-04
   2.47046202E-02   2.13269815E-02   1.90943916E-04
   2.49902233E-02   2.14323662E-02   1.90237421E-04
   2.52758265E-02   2.12765820E-02   1.88094593E-04
   2.55614296E-02   2.06733197E-02   1.86634119E-04
   2.58470308E-02   2.06992775E-02   1.86238947E-04
   2.61326339E-02   2.04561800E-02   1.83245065E-04
   2.64182370E-02   2.04077102E-02   1.83368204E-04
   2.67038383E-02   2.06004120E-02   1.79810915E-04
   2.69894414E-02   2.01658644E-02   1.81213632E-04
   2.72750445E-02   2.02499032E-02   1.78699251E-04
   2.75606457E-02   1.97739415E-02   1.77307738E-04
   2.78462488E-02   1.98776349E-02   1.80793504E-04
   2.81318519E-02   1.98229812E-02   1.81614727E-04
   2.84174550E-02   1.96063705E-02   1.80337127E-04
   2.87030563E-02   1.97101422E-02   1.81383963E-04
   2.89886594E-02   1.91782303E-02   1.78516755E-04
   2.92742625E-02   1.95057429E-02   1.80151023E-04
   2.95598637E-02   1.90992206E-02   1.77901529E-04
   2.98454668E-02   1.89748406E-02   1.77182272E-04
   3.01310699E-02   1.87668502E-02   1.76729751E-04
   3.04166730E-02   1.85614713E-02   1.75678477E-04
   3.07022743E-02   1.86964981E-02   1.76489644E-04
   3.09878774E-02   1.86114796E-02   1.75057867E-04
   3.12734805E-02   1.84784271E-02   1.75256107E-04
   3.15590836E-02   1.82034373E-02   1.74511733E-04
   3.18446867E-02   1.83530562E-02   1.74494053E-04
   3.21302861E-02   1.82430819E-02   1.73635563E-04
   3.24158892E-02   1.79101266E-02   1.73477136E-04
   3.27014923E-02   1.77322291E-02   1.72287313E-04
   3.29870954E-02   1.78129263E-02   1.72828266E-04
   3.32726985E-02   1.76467486E-02   1.71161751E-04
   3.35583016E-02   1.76143236E-02   1.71764041E-04
   3.38439010E-02   1.70067511E-02   1.70411702E-04
   3.41295041E-02   1.70367733E-02   1.69549210E-04
   3.44151072E-02   1.73810534E-02   1.71096181E-04
   3.47007103E-02   1.71499215E-02   1.68647268E-04
   3.49863134E-02   1.68887600E-02   1.70000159E-04
   3.52719165E-02   1.69679187E-02   1.67037884E-04
   3.55575196E-02   1.66056491E-02   1.66116821E-04
   3.58431190E-02   1.63881406E-02   1.65531150E-04
   3.61287221E-02   1.63577050E-02   1.65654652E-04
   3.64143252E-02   1.62758827E-02   1.65058154E-04
   3.66999283E-02   1.63547806E-02   1.63979028E-04
   3.69855314E-02   1.59349591E-02   1.64562516E-04
   3.72711346E-02   1.60838850E-02   1.63042569E-04
   3.75567377E-02   1.56864189E-02   1.61157761E-04
   3.78423370E-02   1.56555288E-02   1.61285381E-04
   3.81279401E-02   1.54261105E-02   1.60431169E-04
   3.84135433E-02   1.50856636E-02   1.60665324E-04
   3.86991464E-02   1.51036792E-02   1.59404153E-04
   3.89847495E-02   1.52043663E-02   1.58693001E-04
   3.92703526E-02   1.49976388E-02   1.58343842E-04
   3.95559557E-02   1.50537305E-02   1.57177084E-04
   3.98415551E-02   1.52557753E-02   1.57456772E-04
   4.01271582E-02   1.47925504E-02   1.55680274E-04
   4.04127613E-02   1.45196728E-02   1.56819166E-04
   4.06983644E-02   1.45066604E-02   1.55682254E-04
   4.09839675E-02   1.44883804E-02   1.53906381E-04
   4.12695706E-02   1.44038685E-02   1.53532557E-04
   4.15551737E-02   1.42740496E-02   1.53518413E-04
   4.18407731E-02   1.40850693E-02   1.53848800E-04
   4.21263762E-02   1.40018314E-02   1.52290202E-04
   4.24119793E-02   1.36461630E-02   1.50631706E-04
   4.26975824E-02   1.38956644E-02   1.50938256E-04
   4.29831855E-02   1.35233141E-02   1.50899345E-04
   4.32687886E-02   1.36201754E-02   1.50810083E-04
   4.35543880E-02   1.34928748E-02   1.49635016E-04
   4.38399911E-02   1.34834349E-02   1.49309897E-04
   4.41255942E-02   1.35092549E-02   1.49793079E-04
   4.44111973E-02   1.30436607E-02   1.47881612E-04
   4.46968004E-02   1.30073726E-02   1.48191306E-04
   4.49824035E-02   1.30839497E-02   1.46728009E-04
   4.52680066E-02   1.30802095E-02   1.48159597E-04
   4.55536060E-02   1.27695538E-02   1.47047627E-04
   4.58392091E-02   1.26810856E-02   1.46749895E-04
   4.61248122E-02   1.25603341E-02   1.45267870E-04
   4.64104153E-02   1.27350464E-02   1.44766687E-04
   4.66960184E-02   1.23767555E-02   1.46723469E-04
   4.69816215E-02   1.22729167E-02   1.43230311E-04
   4.72672246E-02   1.22787058E-02   1.44313250E-04
   4.75528240E-02   1.21279880E-02   1.44378908E-04
   4.78384271E-02   1.19581707E-02   1.43398865E-04
   4.81240302E-02   1.18947029E-02   1.42965349E-04
   4.84096333E-02   1.16609968E-02   1.42852936E-04
   4.86952364E-02   1.18938498E-02   1.46378516E-04
   4.89808396E-02   1.17655024E-02   1.48292500E-04
   4.92664427E-02   1.18689016E-02   1.47476632E-04
   4.95520420E-02   1.16125941E-02   1.49728687E-04
   4.98376451E-02   1.13954544E-02   1.47977247E-04
   5.01232482E-02   1.14368089E-02   1.50861219E-04
   5.04088514E-02   1.12066381E-02   1.49920961E-04
   5.06944545E-02   1.11686066E-02   1.50810243E-04
   5.09800576E-02   1.12656690E-02   1.51213171E-04
   5.12656569E-02   1.08440183E-02   1.51110420E-04
   5.15512601E-02   1.08025596E-02   1.51838802E-04
   5.18368632E-02   1.09151974E-02   1.51937056E-04
   5.21224663E-02   1.07077993E-02   1.51985776E-04
   5.24080694E-02   1.07632093E-02   1.53025947E-04
   5.26936725E-02   1.07025281E-02   1.53796049E-04
   5.29792756E-02   1.04632154E-02   1.53053799E-04
   5.32648750E-02   1.05053484E-02   1.52228531E-04
   5.35504781E-02   1.03828907E-02   1.53552857E-04
   5.38360812E-02   1.02170855E-02   1.53701578E-04
   5.41216843E-02   1.04658417E-02   1.52900189E-04
   5.44072874E-02   1.00216717E-02   1.55411341E-04
   5.46928905E-02   1.03117637E-02   1.53057699E-04
   5.49784936E-02   9.94561985E-03   1.55197631E-04
   5.52640930E-02   9.92529094E-03   1.52016830E-04
   5.55496961E-02   9.64737684E-03   1.55034693E-04
   5.58352992E-02   9.43694636E-03   1.53526547E-04
   5.61209023E-02   9.84570384E-03   1.54247668E-04
   5.64065054E-02   9.62682068E-03   1.55606438E-04
   5.66921085E-02   9.45774838E-03   1.51352651E-04
   5.69777116E-02   9.70373675E-03   1.54462032E-04
   5.72633110E-02   9.47342068E-03   1.52236724E-04
   5.75489141E-02   9.21863690E-03   1.52762179E-04
   5.78345172E-02   9.24924761E-03   1.54280613E-04
   5.81201203E-02   9.14755091E-03   1.51724918E-04
   5.84057234E-02   9.30964574E-03   1.52635810E-04
   5.86913265E-02   9.10473987E-03   1.50823340E-04
   5.89769296E-02   8.94654915E-03   1.52336550E-04
   5.92625290E-02   9.11832973E-03   1.51122178E-04
   5.95481321E-02   8.67971778E-03   1.51468907E-04
   5.98337352E-02   8.49522278E-03   1.52359542E-04
   6.01193383E-02   8.62821937E-03   1.48502164E-04
   6.04049414E-02   8.44642147E-03   1.52302979E-04
   6.06905445E-02   8.55529308E-03   1.48967505E-04
   6.09761439E-02   8.41502845E-03   1.50760708E-04
   6.12617470E-02   8.65979493E-03   1.51418470E-04
   6.15473501E-02   8.49096850E-03   1.48641760E-04
   6.18329532E-02   8.48808140E-03   1.50869033E-04
   6.21185564E-02   8.17771628E-03   1.47452374E-04
   6.24041595E-02   8.07667151E-03   1.49357365E-04
   6.26897588E-02   8.11558962E-03   1.48091014E-04
   6.29753619E-02   8.04140791E-03   1.49161249E-04
   6.32609650E-02   8.10491294E-03   1.49783344E-04
   6.35465682E-02   8.03752244E-03   1.46512059E-04
   6.38321713E-02   7.96909258E-03   1.47812258E-04
   6.41177744E-02   7.85696134E-03   1.47280880E-04
   6.44033775E-02   7.88527355E-03   1.47268947E-04
   6.46889806E-02   7.69781321E-03   1.48296371E-04
   6.49745837E-02   7.70754740E-03   1.44959879E-04
   6.52601868E-02   7.76628405E-03   1.48187450E-04
   6.55457899E-02   7.89047778E-03   1.46500970E-04
   6.58313856E-02   7.60017708E-03   1.45590675E-04
   6.61169887E-02   7.38688931E-03   1.50957756E-04
   6.64025918E-02   7.66426325E-03   1.53148954E-04
   6.66881949E-02   7.64383748E-03   1.56941809E-04
   6.69737980E-02   7.24496692E-03   1.54833775E-04
   6.72594011E-02   7.29613379E-03   1.58217066E-04
   6.75450042E-02   7.27533549E-03   1.58002251E-04
   6.78306073E-02   7.20663369E-03   1.60722571E-04
   6.81162104E-02   7.21877068E-03   1.61611795E-04
   6.84018135E-02   6.72350824E-03   1.59730625E-04
   6.86874166E-02   6.96111098E-03   1.64150217E-04
   6.89730197E-02   6.79488853E-03   1.62878408E-04
   6.92586228E-02   7.01566786E-03   1.64941201E-04
   6.95442259E-02   6.91552833E-03   1.65768288E-04
   6.98298216E-02   6.85763732E-03   1.64141777E-04
   7.01154247E-02   6.54915348E-03   1.67553037E-04
   7.04010278E-02   6.64339960E-03   1.66550817E-04
   7.06866309E-02   6.49387017E-03   1.67254766E-04
   7.09722340E-02   6.53760880E-03   1.71570937E-04
   7.12578371E-02   6.73975796E-03   1.69153544E-04
   7.15434402E-02   6.61069900E-03   1.71332053E-04
   7.18290433E-02   6.55670092E-03   1.69814797E-04
   7.21146464E-02   6.62012026E-03   1.70743224E-04
   7.24002495E-02   6.31553680E-03   1.70983927E-04
   7.26858526E-02   6.06660172E-03   1.70168350E-04
   7.29714558E-02   6.13060221E-03   1.64788449E-04
   7.32570589E-02   6.47882745E-03   1.60224037E-04
   7.35426545E-02   6.32422417E-03   1.57387054E-04
   7.38282576E-02   5.93548641E-03   1.57530871E-04
   7.41138607E-02   6.20599836E-03   1.55043730E-04
   7.43994638E-02   5.84225357E-03   1.54462803E-04
   7.46850669E-02   5.85979596E-03   1.51277520E-04
   7.49706700E-02   5.82744181E-03   1.51495668E-04
   7.52562732E-02   5.86518273E-03   1.50061853E-04
   7.55418763E-02   5.85684925E-03   1.49697429E-04
   7.58274794E-02   5.87727875E-03   1.48986102E-04
   7.61130825E-02   5.64060360E-03   1.47255996E-04
   7.63986856E-02   5.85899502E-03   1.46502134E-04
   7.66842887E-02   5.71766868E-03   1.45383994E-04
   7.69698918E-02   5.70537522E-03   1.45343583E-04
   7.72554949E-02   5.69697842E-03   1.44271777E-04
   7.75410905E-02   5.82601130E-03   1.44877733E-04
   7.78266937E-02   5.43776900E-03   1.43876008E-04
   7.81122968E-02   5.69285452E-03   1.42216872E-04
   7.83978999E-02   5.41250408E-03   1.42512828E-04
   7.86835030E-02   5.44453785E-03   1.40795237E-04
   7.89691061E-02   5.21683693E-03   1.43198762E-04
   7.92547092E-02   5.35907224E-03   1.42111690E-04
   7.95403123E-02   5.36773354E-03   1.41116849E-04
   7.98259154E-02   5.22526354E-03   1.41632307E-04
   8.01115185E-02   5.42857125E-03   1.39889380E-04
   8.03971216E-02   5.12930751E-03   1.41280383E-04
   8.06827247E-02   5.39345667E-03   1.40263815E-04
   8.09683278E-02   5.05253300E-03   1.39810611E-04
   8.12539235E-02   5.11699170E-03   1.39984622E-04
   8.15395266E-02   4.88379225E-03   1.38524643E-04
   8.18251297E-02   4.70167398E-03   1.39545897E-04
   8.21107328E-02   4.80806455E-03   1.39551528E-04
   8.23963359E-02   4.90229949E-03   1.38678908E-04
   8.26819390E-02   4.87698987E-03   1.40034972E-04
   8.29675421E-02   5.14851511E-03   1.37606985E-04
   8.32531452E-02   4.71850112E-03   1.38064876E-04
   8.35387483E-02   4.65945527E-03   1.37057505E-04
   8.38243514E-02   4.90514189E-03   1.38449977E-04
   8.41099545E-02   4.75716218E-03   1.37976720E-04
   8.43955576E-02   4.68434766E-03   1.35962749E-04
   8.46811607E-02   4.67731059E-03   1.37283132E-04
   8.49667639E-02   4.58664447E-03   1.35926952E-04
   8.52523595E-02   4.20722738E-03   1.37134193E-04
   8.55379626E-02   4.48578596E-03   1.35828435E-04
   8.58235657E-02   4.64729965E-03   1.35590584E-04
   8.61091688E-02   4.36765701E-03   1.37197159E-04
   8.63947719E-02   4.31076810E-03   1.35486232E-04
   8.66803750E-02   4.41280007E-03   1.35340655E-04
   8.69659781E-02   4.35372815E-03   1.34871574E-04
   8.72515813E-02   4.32327762E-03   1.35200156E-04
   8.75371844E-02   4.50536981E-03   1.36131392E-04
   8.78227875E-02   4.21381369E-03   1.33788475E-04
   8.81083906E-02   4.13350016E-03   1.34567483E-04
   8.83939937E-02   4.22564149E-03   1.33682712E-04
   8.86795968E-02   4.18931618E-03   1.34940565E-04
   8.89651924E-02   4.23187762E-03   1.34164846E-04
   8.92507955E-02   3.97445634E-03   1.32340690E-04
   8.95363986E-02   4.01029736E-03   1.33986934E-04
   8.98220018E-02   4.10538912E-03   1.32719753E-04
   9.01076049E-02   3.93674895E-03   1.33506503E-04
   9.03932080E-02   3.84245068E-03   1.32070942E-04
   9.06788111E-02   3.81833687E-03   1.32174886E-04
   9.09644142E-02   3.80092487E-03   1.33322304E-04
   9.12500173E-02   3.87228280E-03   1.32648594E-04
   9.15356204E-02   3.79863381E-03   1.31291381E-04
   9.18212235E-02   3.80206481E-03   1.30416665E-04
   9.21068266E-02   3.67072970E-03   1.32367102E-04
   9.23924297E-02   3.88874859E-03   1.32390109E-04
   9.26780328E-02   3.93223017E-03   1.31377368E-04
   9.29636285E-02   3.90192866E-03   1.30703134E-04
   9.32492316E-02   3.75150889E-03   1.30493296E-04
   9.35348347E-02   3.75561044E-03   1.31571898E-04
   9.38204378E-02   3.48610058E-03   1.30120054E-04
   9.41060409E-02   3.66878137E-03   1.29964013E-04
   9.43916440E-02   3.28404456E-03   1.30019078E-04
   9.46772471E-02   3.56421620E-03   1.30141576E-04
   9.49628502E-02   3.39454785E-03   1.30653149E-04
   9.52484533E-02   3.58881056E-03   1.28633794E-04
   9.55340564E-02   3.59819084E-03   1.30004206E-04
   9.58196595E-02   3.42065468E-03   1.29356689E-04
   9.61052626E-02   3.36788222E-03   1.29838852E-04
   9.63908657E-02   3.04409489E-03   1.28236032E-04
   9.66764614E-02   3.44909355E-03   1.28532469E-04
   9.69620645E-02   3.29204276E-03   1.28555475E-04
   9.72476676E-02   3.40171903E-03   1.28471642E-04
   9.75332707E-02   3.26889008E-03   1.27465406E-04
   9.78188738E-02   3.37490067E-03   1.29040287E-04
   9.81044769E-02   3.42827663E-03   1.27767111E-04
   9.83900800E-02   3.13563645E-03   1.29522610E-04
   9.86756831E-02   3.14640999E-03   1.26381041E-04
   9.89612862E-02   3.02448869E-03   1.26852421E-04
   9.92468894E-02   3.42332199E-03   1.27517284E-04
   9.95324925E-02   3.09255347E-03   1.27589126E-04
   9.98180956E-02   3.09607759E-03   1.27370440E-04
  0.100103699       3.04051861E-03   1.26600513E-04
  0.100389294       2.95146555E-03   1.25857376E-04
  0.100674897       2.90255621E-03   1.26553437E-04
  0.100960501       2.91514397E-03   1.26593615E-04
  0.101246104       2.64704227E-03   1.25940947E-04
  0.101531707       2.99991295E-03   1.25453516E-04
  0.101817310       2.88490951E-03   1.26323663E-04
  0.102102913       2.75880098E-03   1.26126033E-04
  0.102388516       2.70938873E-03   1.24735263E-04
  0.102674119       2.87645683E-03   1.25543040E-04
  0.102959722       2.92776152E-03   1.25134859E-04
  0.103245325       2.68355384E-03   1.24838611E-04
  0.103530928       2.69212574E-03   1.25791019E-04
  0.103816532       2.63165310E-03   1.23640188E-04
  0.104102135       2.99326330E-03   1.25013947E-04
  0.104387730       2.72259861E-03   1.23614402E-04
  0.104673333       2.73410976E-03   1.25011051E-04
  0.104958937       2.85971165E-03   1.23451289E-04
  0.105244540       2.73698941E-03   1.24151309E-04
  0.105530143       2.72194669E-03   1.24730301E-04
  0.105815746       2.64106691E-03   1.23096179E-04
  0.106101349       2.80358270E-03   1.23343649E-04
  0.106386952       2.48607248E-03   1.22738595E-04
  0.106672555       2.51735374E-03   1.23946418E-04
  0.106958158       2.59856880E-03   1.24202939E-04
  0.107243761       2.42044032E-03   1.22202866E-04
  0.107529365       2.38674507E-03   1.22802696E-04
  0.107814968       2.63608620E-03   1.22582409E-04
  0.108100563       2.52317637E-03   1.22333033E-04
  0.108386166       2.22206861E-03   1.22517129E-04
  0.108671769       2.31027603E-03   1.22274650E-04
  0.108957373       2.27936357E-03   1.21685080E-04
  0.109242976       2.48920545E-03   1.21987825E-04
  0.109528579       2.46776268E-03   1.25732346E-04
  0.109814182       2.17024609E-03   1.25039151E-04
  0.110099785       2.58174166E-03   1.27743377E-04
  0.110385388       2.27313116E-03   1.28443993E-04
  0.110670991       2.34998390E-03   1.29599503E-04
  0.110956594       2.10672989E-03   1.29764318E-04
  0.111242197       2.13425606E-03   1.30244196E-04
  0.111527801       2.16345489E-03   1.31869339E-04
  0.111813404       2.13174522E-03   1.32794608E-04
  0.112098999       1.90994143E-03   1.33024674E-04
  0.112384602       2.03192979E-03   1.33850364E-04
  0.112670206       2.23432481E-03   1.34269285E-04
  0.112955809       2.11079791E-03   1.35969312E-04
  0.113241412       2.22724304E-03   1.34920527E-04
  0.113527015       2.09515914E-03   1.32241388E-04
  0.113812618       1.98089704E-03   1.32164758E-04
  0.114098221       2.02748924E-03   1.30084722E-04
  0.114383824       2.13532150E-03   1.30678149E-04
  0.114669427       1.70517340E-03   1.27732346E-04
  0.114955030       2.17570737E-03   1.28575601E-04
  0.115240633       2.14413926E-03   1.27721127E-04
  0.115526237       2.02838704E-03   1.27633713E-04
  0.115811840       1.95589289E-03   1.27420368E-04
  0.116097435       1.86204910E-03   1.24752391E-04
  0.116383038       1.86639652E-03   1.26755505E-04
  0.116668642       1.87192857E-03   1.25097591E-04
  0.116954245       2.15451792E-03   1.25089922E-04
  0.117239848       1.69344991E-03   1.25685678E-04
  0.117525451       1.60112232E-03   1.23572172E-04
  0.117811054       2.10236013E-03   1.25157036E-04
  0.118096657       1.85356662E-03   1.23375707E-04
  0.118382260       2.02969462E-03   1.23885155E-04
  0.118667863       1.76927075E-03   1.23327947E-04
  0.118953466       1.71921775E-03   1.23209233E-04
  0.119239070       1.86643004E-03   1.23829450E-04
  0.119524673       1.65276602E-03   1.21906960E-04
  0.119810268       1.89791247E-03   1.22593279E-04
  0.120095871       1.74998492E-03   1.22357829E-04
  0.120381474       1.83217600E-03   1.21131663E-04
  0.120667078       1.41813979E-03   1.21460478E-04
  0.120952681       1.46222487E-03   1.18910881E-04
  0.121238284       1.76320970E-03   1.20646066E-04
  0.121523887       1.68516859E-03   1.19822056E-04
  0.121809490       1.31489336E-03   1.19058204E-04
  0.122095093       1.62705779E-03   1.19819320E-04
  0.122380696       1.68463215E-03   1.18430813E-04
  0.122666299       1.71373412E-03   1.18346899E-04
  0.122951902       1.85414776E-03   1.17758711E-04
  0.123237506       1.49462745E-03   1.18102762E-04
  0.123523109       1.35157257E-03   1.17197735E-04
  0.123808704       1.53777376E-03   1.17473966E-04
  0.124094307       1.54649839E-03   1.18357631E-04
  0.124379911       1.52496621E-03   1.16467359E-04
  0.124665514       1.41263381E-03   1.16523042E-04
  0.124951117       1.46274269E-03   1.16836352E-04
  0.125236720       1.37948990E-03   1.17330521E-04
  0.125522330       1.58370659E-03   1.17564865E-04
  0.125807926       1.41695887E-03   1.15675626E-04
  0.126093522       1.41173601E-03   1.16853800E-04
  0.126379132       1.55333057E-03   1.16005242E-04
  0.126664728       1.33333355E-03   1.19041302E-04
  0.126950338       1.38294324E-03   1.21271667E-04
  0.127235934       1.34069100E-03   1.22276731E-04
  0.127521545       1.32396817E-03   1.24775659E-04
  0.127807140       1.36364251E-03   1.23837264E-04
  0.128092751       1.15990639E-03   1.25710620E-04
  0.128378347       1.44665316E-03   1.26131607E-04
  0.128663957       1.17984414E-03   1.26822735E-04
  0.128949553       1.39909238E-03   1.27924053E-04
  0.129235163       1.43975392E-03   1.27710518E-04
  0.129520759       1.33992359E-03   1.27883424E-04
  0.129806355       1.27764419E-03   1.28359126E-04
  0.130091965       1.28374621E-03   1.28025160E-04
  0.130377561       1.09010190E-03   1.29799402E-04
  0.130663171       1.39615685E-03   1.28100495E-04
  0.130948767       9.81736928E-04   1.28658416E-04
  0.131234378       1.11455843E-03   1.26862986E-04
  0.131519973       1.17341429E-03   1.28890242E-04
  0.131805584       1.21361017E-03   1.29410808E-04
  0.132091179       1.46994367E-03   1.29346605E-04
  0.132376790       1.04910880E-03   1.30939778E-04
  0.132662386       1.16467848E-03   1.29268970E-04
  0.132947996       1.48906931E-03   1.30658897E-04
  0.133233592       1.36065483E-03   1.30343207E-04
  0.133519188       1.09571218E-03   1.27790452E-04
  0.133804798       1.05215982E-03   1.25443112E-04
  0.134090394       1.04092807E-03   1.22179117E-04
  0.134376004       1.14130601E-03   1.22767538E-04
  0.134661600       1.10406429E-03   1.20886376E-04
  0.134947211       1.14947557E-03   1.20679062E-04
  0.135232806       9.24058259E-04   1.20137345E-04
  0.135518417       9.93944705E-04   1.18384422E-04
  0.135804012       9.61236656E-04   1.17518495E-04
  0.136089623       1.07955188E-03   1.17233561E-04
  0.136375219       1.08321011E-03   1.17326112E-04
  0.136660829       1.02743134E-03   1.16667310E-04
  0.136946425       1.22011453E-03   1.16416610E-04
  0.137232035       1.10844150E-03   1.16458556E-04
  0.137517631       9.98295844E-04   1.15885276E-04
  0.137803227       9.61191952E-04   1.16098097E-04
  0.138088837       9.90863889E-04   1.15153496E-04
  0.138374433       1.18216500E-03   1.15459072E-04
  0.138660043       7.99011439E-04   1.15141251E-04
  0.138945639       9.40766186E-04   1.14908013E-04
  0.139231250       9.82716680E-04   1.15183648E-04
  0.139516845       9.32112336E-04   1.14493560E-04
  0.139802456       1.20563805E-03   1.13923896E-04
  0.140088052       9.07268375E-04   1.14592163E-04
  0.140373662       8.53337348E-04   1.13944501E-04
  0.140659258       9.80600715E-04   1.14218201E-04
  0.140944868       8.98465514E-04   1.13024747E-04
  0.141230464       9.15519893E-04   1.13837821E-04
  0.141516060       9.65241343E-04   1.13567730E-04
  0.141801670       8.97340477E-04   1.13223970E-04
  0.142087266       1.05066225E-03   1.13451446E-04
  0.142372876       1.04971975E-03   1.12035697E-04
  0.142658472       6.88053668E-04   1.13254566E-04
  0.142944083       9.52247530E-04   1.12678004E-04
  0.143229678       7.88059086E-04   1.12301343E-04
  0.143515289       7.59590417E-04   1.13012851E-04
  0.143800884       7.12152570E-04   1.11490808E-04
  0.144086495       8.70551914E-04   1.12455433E-04
  0.144372091       6.00721687E-04   1.11252164E-04
  0.144657701       8.56250525E-04   1.12044552E-04
  0.144943297       7.42554665E-04   1.11338282E-04
  0.145228893       9.01248306E-04   1.11130692E-04
  0.145514503       7.82348216E-04   1.12347589E-04
  0.145800099       8.33857805E-04   1.10292349E-04
  0.146085709       6.09133393E-04   1.11708418E-04
  0.146371305       6.54980540E-04   1.11405592E-04
  0.146656916       6.11588359E-04   1.10792098E-04
  0.146942511       8.10455531E-04   1.10874738E-04
  0.147228122       6.30158931E-04   1.09606539E-04
  0.147513717       9.34429467E-04   1.10941182E-04
  0.147799328       8.93268734E-04   1.10835230E-04
  0.148084924       7.26919621E-04   1.10272551E-04
  0.148370534       7.70956278E-04   1.10565423E-04
  0.148656130       9.34891403E-04   1.10114437E-04
  0.148941740       6.18774444E-04   1.10285160E-04
  0.149227336       7.48503953E-04   1.09612527E-04
  0.149512932       6.00226223E-04   1.09120658E-04
  0.149798542       6.79463148E-04   1.09874163E-04
  0.150084138       1.06864423E-03   1.09642890E-04
  0.150369748       5.98527491E-04   1.09510802E-04
  0.150655344       7.54870474E-04   1.08442386E-04
  0.150940955       6.16602600E-04   1.09432607E-04
  0.151226550       5.97026199E-04   1.08866087E-04
  0.151512161       7.48507679E-04   1.09177563E-04
  0.151797757       5.27016819E-04   1.08656015E-04
  0.152083367       6.10176474E-04   1.07852422E-04
  0.152368963       6.98491931E-04   1.09092747E-04
  0.152654573       9.22348350E-04   1.08337044E-04
  0.152940169       5.64910471E-04   1.08279695E-04
  0.153225765       5.92142344E-04   1.07808337E-04
  0.153511375       8.82945955E-04   1.08394779E-04
  0.153796971       5.61479479E-04   1.07984313E-04
  0.154082581       5.99168241E-04   1.07525288E-04
  0.154368177       8.84115696E-04   1.08405620E-04
  0.154653788       4.94275242E-04   1.07473803E-04
  0.154939383       5.33908606E-04   1.07674088E-04
  0.155224994       6.17653131E-04   1.07319473E-04
  0.155510589       5.29501587E-04   1.07222797E-04
  0.155796200       5.87612391E-04   1.07611042E-04
  0.156081796       4.31295484E-04   1.07168686E-04
  0.156367406       6.56619668E-04   1.07354514E-04
  0.156653002       5.29192388E-04   1.06779422E-04
  0.156938598       6.31302595E-04   1.06594394E-04
  0.157224208       6.55893236E-04   1.06777356E-04
  0.157509804       5.29941171E-04   1.06609412E-04
  0.157795414       3.67276371E-04   1.06131862E-04
  0.158081010       5.02962619E-04   1.06820255E-04
  0.158366621       4.75216657E-04   1.06125131E-04
  0.158652216       4.39092517E-04   1.06494605E-04
  0.158937827       5.04586846E-04   1.05461404E-04
  0.159223422       4.34201211E-04   1.05812309E-04
  0.159509033       5.51283360E-04   1.06013991E-04
  0.159794629       5.73661178E-04   1.05853156E-04
  0.160080239       5.95424324E-04   1.06286854E-04
  0.160365835       5.88774681E-04   1.05082370E-04
  0.160651445       4.57517803E-04   1.05446576E-04
  0.160937041       6.83754683E-04   1.05768828E-04
  0.161222637       4.92122024E-04   1.05262283E-04
  0.161508247       6.86358660E-04   1.05478539E-04
  0.161793843       5.92920929E-04   1.05446044E-04
  0.162079453       3.94571573E-04   1.05189771E-04
  0.162365049       4.57745045E-04   1.05032239E-04
  0.162650660       6.16822392E-04   1.04734856E-04
  0.162936255       5.60060143E-04   1.04932231E-04
  0.163221866       4.85826284E-04   1.05075291E-04
  0.163507462       4.50536609E-04   1.04855440E-04
  0.163793072       4.87707555E-04   1.04081540E-04
  0.164078668       6.27089292E-04   1.04646329E-04
  0.164364278       2.76725739E-04   1.03971317E-04
  0.164649874       5.53078949E-04   1.04685903E-04
  0.164935470       4.42810357E-04   1.04442472E-04
  0.165221080       4.98171896E-04   1.04098021E-04
  0.165506676       4.37658280E-04   1.04354418E-04
  0.165792286       5.79115003E-04   1.03505190E-04
  0.166077882       3.48627567E-04   1.03882579E-04
  0.166363493       3.58201563E-04   1.03476057E-04
  0.166649088       5.20709902E-04   1.03902647E-04
  0.166934699       3.39899212E-04   1.03559134E-04
  0.167220294       3.24029475E-04   1.03074075E-04
  0.167505905       3.88287008E-04   1.03320483E-04
  0.167791501       3.56849283E-04   1.03288898E-04
  0.168077111       4.40925360E-04   1.03448314E-04
  0.168362707       2.69770622E-04   1.02687140E-04
  0.168648303       2.86437571E-04   1.02201164E-04
  0.168933913       3.90652567E-04   1.02789287E-04
  0.169219509       3.70770693E-04   1.02177488E-04
  0.169505119       2.17903405E-04   1.01851590E-04
  0.169790715       5.73821366E-04   1.01703001E-04
  0.170076326       3.64456326E-04   1.01714169E-04
  0.170361921       4.47928905E-04   1.02152590E-04
  0.170647532       4.71588224E-04   1.01327380E-04
  0.170933127       4.47601080E-04   1.02132704E-04
  0.171218738       3.29796225E-04   1.00706900E-04
  0.171504334       3.84829938E-04   1.01903403E-04
  0.171789944       4.21434641E-04   1.02351267E-04
  0.172075540       2.84969807E-04   1.00296798E-04
  0.172361135       2.55826861E-04   1.01183963E-04
  0.172646746       2.85714865E-04   1.00755758E-04
  0.172932342       3.67537141E-04   1.01348975E-04
  0.173217952       4.43991274E-04   1.01329199E-04
  0.173503548       3.52051109E-04   1.00669829E-04
  0.173789158       3.11441720E-04   1.01652011E-04
  0.174074754       1.77152455E-04   1.00612990E-04
  0.174360365       3.91241163E-04   1.01631042E-04
  0.174645960       4.60602343E-04   1.01287267E-04
  0.174931571       3.84181738E-04   1.00521916E-04
  0.175217167       3.78679484E-04   1.01840771E-04
  0.175502777       1.71687454E-04   1.00362711E-04
  0.175788373       2.60643661E-04   1.01581543E-04
  0.176073983       1.95413828E-04   1.00383812E-04
  0.176359579       3.61952931E-04   1.01622099E-04
  0.176645175       4.05017287E-04   1.00712437E-04
  0.176930785       3.31424177E-04   1.00475430E-04
  0.177216381       2.46159732E-04   1.00799509E-04
  0.177501991       5.20639122E-04   1.00398836E-04
  0.177787587       1.51008368E-04   1.01085527E-04
  0.178073198       1.51649117E-04   1.00231635E-04
  0.178358793       4.14013863E-04   1.00296020E-04
  0.178644404       3.82695347E-04   1.00071025E-04
  0.178929999       3.40975821E-04   1.00270467E-04
  0.179215610       2.86772847E-04   1.00076555E-04
  0.179501206       1.96043402E-04   1.00286677E-04
  0.179786816       1.56294554E-04   9.98616888E-05
  0.180072412       2.88281590E-04   1.00341225E-04
  0.180358008       4.46755439E-04   9.91142006E-05
  0.180643618       1.73613429E-04   1.00118232E-04
  0.180929214       2.84306705E-04   9.96662566E-05
  0.181214824       1.20755285E-04   9.97123570E-05
  0.181500420       9.92268324E-05   9.96784220E-05
  0.181786031       3.41918319E-04   9.92588539E-05
  0.182071626       4.51993197E-04   9.93925787E-05
  0.182357237       3.50628048E-04   9.94640359E-05
  0.182642832       2.23513693E-04   9.90299013E-05
  0.182928443       1.72290951E-04   9.95796217E-05
  0.183214039       6.74240291E-05   9.93976937E-05
  0.183499649       3.42808664E-04   9.89220352E-05
  0.183785245       7.96169043E-05   9.89489054E-05
  0.184070840       7.15516508E-05   9.83869977E-05
  0.184356451       2.59719789E-04   9.93580470E-05
  0.184642047       3.20822001E-04   9.88386528E-05
  0.184927657       1.05265528E-04   9.86136220E-05
  0.185213253       1.96654350E-04   9.85996230E-05
  0.185498863       1.74771994E-04   9.85510414E-05
  0.185784459       1.80166215E-04   9.84396684E-05
  0.186070070       3.67820263E-04   9.89090840E-05
  0.186355665       2.46167183E-05   9.81808771E-05
  0.186641276       2.87096947E-04   9.79715333E-05
  0.186926872       2.71350145E-04   9.84295984E-05
  0.187212482       1.39601529E-04   9.92379573E-05
  0.187498078       2.23286450E-04   1.01573867E-04
  0.187783673       2.81147659E-04   1.02700142E-04
  0.188069284       4.20197845E-04   1.04618128E-04
  0.188354880       1.61450356E-04   1.04609484E-04
  0.188640490       2.88445503E-04   1.04673316E-04
  0.188926086       4.95538116E-05   1.06209271E-04
  0.189211696       1.44869089E-04   1.06461477E-04
  0.189497292       8.87215137E-05   1.06925545E-04
  0.189782903       1.07854605E-04   1.06852851E-04
  0.190068498       1.89587474E-04   1.07345571E-04
  0.190354109       3.00575048E-04   1.08370594E-04
  0.190639704       2.46722251E-04   1.07276268E-04
  0.190925315       5.16399741E-05   1.08415858E-04
  0.191210911       1.85381621E-04   1.07838692E-04
  0.191496521      -1.17421150E-05   1.08515545E-04
  0.191782117       2.26158649E-04   1.09514629E-04
  0.192067713       1.01700425E-04   1.07336586E-04
  0.192353323       3.27184796E-04   1.09308443E-04
  0.192638919       2.46241689E-04   1.09158769E-04
  0.192924529       2.25890428E-04   1.09453351E-04
  0.193210125       1.73218548E-04   1.09417582E-04
  0.193495736       2.70448625E-04   1.08880595E-04
  0.193781331       2.77526677E-04   1.10561188E-04
  0.194066942       3.14600766E-04   1.07191103E-04
  0.194352537       2.52090394E-04   1.06218562E-04
  0.194638148       2.93407589E-04   1.04072606E-04
  0.194923744       9.65110958E-05   1.02942467E-04
  0.195209354       1.82449818E-04   1.03106417E-04
  0.195494950       5.05000353E-05   1.00741148E-04
  0.195780545       1.50524080E-04   1.01009879E-04
  0.196066156       4.27626073E-05   1.00603524E-04
  0.196351752      -2.80104578E-05   1.00448808E-04
  0.196637362      -4.35486436E-05   1.00817037E-04
  0.196922958       2.23033130E-05   9.86512459E-05
  0.197208568      -4.89540398E-05   9.97066018E-05
  0.197494164       1.15726143E-04   9.97121242E-05
  0.197779775       9.31061804E-05   9.93629656E-05
  0.198065370       2.35151500E-04   9.93794165E-05
  0.198350981       8.20495188E-05   9.87426392E-05
  0.198636577       1.33648515E-04   9.95290538E-05
  0.198922187       3.43978405E-04   9.91625348E-05
  0.199207783       6.36428595E-05   9.84741710E-05
  0.199493378       1.65902078E-04   9.82132478E-05
  0.199778989       1.64523721E-04   9.88864849E-05
  0.200064585       1.43736601E-04   9.88838729E-05
  0.200350195       1.13606453E-04   9.81742487E-05
  0.200635791       1.83016062E-04   9.77119198E-05
  0.200921401       1.11632049E-04   9.80186669E-05
  0.201206997       1.57989562E-04   9.84332146E-05
  0.201492608       1.30813569E-04   9.75992662E-05
  0.201778203       1.52844936E-04   9.76713127E-05
  0.202063814       2.11752951E-04   9.77127856E-05
  0.202349409       1.69310719E-04   9.73265560E-05
  0.202635020       4.18424606E-05   9.80323020E-05
  0.202920616       2.19188631E-04   9.68679742E-05
  0.203206211       1.95693225E-04   9.76941665E-05
  0.203491822       1.22219324E-04   9.72151975E-05
  0.203777418       1.78754330E-04   9.66215594E-05
  0.204063028       1.91293657E-05   9.70420442E-05
  0.204348624       8.03805888E-05   9.64394858E-05
  0.204634234       8.30367208E-05   9.71161207E-05
  0.204919830       1.64136291E-04   9.72143680E-05
  0.205205441       1.43997371E-04   9.64933643E-05
  0.205491036       1.50833279E-04   9.65563377E-05
  0.205776647      -2.85729766E-05   9.57959055E-05
  0.206062242       1.50799751E-04   9.68026943E-05
  0.206347853       8.70823860E-05   9.60975303E-05
  0.206633449       1.58246607E-04   9.60722900E-05
  0.206919059       1.26741827E-04   9.68390959E-05
  0.207204655       1.22059137E-04   9.56077492E-05
  0.207490250       2.18484551E-04   9.65440049E-05
  0.207775861       9.48086381E-05   9.50434260E-05
  0.208061457       2.24094838E-04   9.57047596E-05
  0.208347067       3.73125076E-05   9.63136627E-05
  0.208632663       1.79644674E-04   9.51126422E-05
  0.208918273       9.72934067E-05   9.57638913E-05
  0.209203869      -2.15768814E-05   9.51215552E-05
  0.209489480       9.81688499E-05   9.56427612E-05
  0.209775075      -2.44416296E-05   9.51676848E-05
  0.210060686      -5.57899475E-05   9.52052069E-05
  0.210346282       9.69655812E-05   9.54135248E-05
  0.210631892       3.61353159E-07   9.46496439E-05
  0.210917488       1.52517110E-04   9.53593408E-05
  0.211203083       1.69109553E-04   9.44675267E-05
  0.211488694       1.27013773E-04   9.51671027E-05
  0.211774290      -2.29962170E-05   9.53300623E-05
  0.212059900       2.11905688E-04   9.43710475E-05
  0.212345496       2.88896263E-05   9.46880537E-05
  0.212631106       2.21882015E-04   9.44062631E-05
  0.212916702       8.81180167E-05   9.49248788E-05
  0.213202313       1.19216740E-04   9.45809516E-05
  0.213487908       2.08675861E-04   9.41333346E-05
  0.213773519      -7.14510679E-06   9.45040520E-05
  0.214059114       1.34781003E-04   9.39267629E-05
  0.214344725       4.14662063E-05   9.44911080E-05
  0.214630321       1.50479376E-04   9.38302182E-05
  0.214915916      -1.02378428E-04   9.38370285E-05
  0.215201527      -8.83266330E-06   9.46537766E-05
  0.215487123       4.03672457E-05   9.37116347E-05
  0.215772733       6.39557838E-05   9.36764118E-05
  0.216058329       2.12639570E-05   9.36541983E-05
  0.216343939       1.07590109E-04   9.39105885E-05
  0.216629535      -3.23653221E-05   9.38444064E-05
  0.216915146       7.17081130E-05   9.32941621E-05
  0.217200741       1.84655190E-04   9.40814061E-05
  0.217486352      -3.30545008E-05   9.30661336E-05
  0.217771947       6.56694174E-05   9.31827235E-05
  0.218057558       1.32676214E-04   9.30860115E-05
  0.218343154       1.80553645E-04   9.24090054E-05
  0.218628749       1.45025551E-04   9.34002383E-05
  0.218914360       2.52626836E-04   9.17630678E-05
  0.219199955       1.68245286E-04   9.28711452E-05
  0.219485566       6.82696700E-05   9.21828687E-05
  0.219771162       3.33711505E-05   9.26118446E-05
  0.220056772       6.40749931E-07   9.22505133E-05
  0.220342368       1.75993890E-04   9.21504907E-05
  0.220627978       1.17111951E-04   9.23462212E-05
  0.220913574       3.91490757E-05   9.19003578E-05
  0.221199185       2.69189477E-05   9.20472521E-05
  0.221484780       1.58600509E-04   9.20780076E-05
  0.221770391       3.22610140E-06   9.16671343E-05
  0.222055987       2.44189054E-04   9.23201296E-05
  0.222341597       3.83965671E-05   9.16770005E-05
  0.222627193       1.22535974E-04   9.18799706E-05
  0.222912788       3.41497362E-05   9.12757459E-05
  0.223198399      -5.99138439E-05   9.19028971E-05
  0.223483995       8.11368227E-05   9.20839739E-05
  0.223769605       3.09988856E-04   9.14491393E-05
  0.224055201       4.51430678E-05   9.17939178E-05
  0.224340811       1.31268054E-04   9.17231519E-05
  0.224626407       1.71359628E-04   9.24679116E-05
  0.224912018       1.04967505E-04   9.16380668E-05
  0.225197613       1.33018941E-04   9.17783618E-05
  0.225483224       1.36852264E-04   9.20246093E-05
  0.225768819       1.57490373E-04   9.13359036E-05
  0.226054430       4.54895198E-05   9.18558289E-05
  0.226340026       1.49823725E-04   9.10191811E-05
  0.226625621       2.76964158E-04   9.17114303E-05
  0.226911232      -1.06245279E-05   9.16224526E-05
  0.227196828       1.51336193E-04   9.12346586E-05
  0.227482438       1.65216625E-04   9.15817000E-05
  0.227768034      -1.10156834E-05   9.05258275E-05
  0.228053644       1.81607902E-04   9.18360965E-05
  0.228339240       9.20034945E-05   9.11560419E-05
  0.228624851      -8.06897879E-06   9.08337606E-05
  0.228910446       3.20747495E-05   9.11756506E-05
  0.229196057      -6.74277544E-06   9.04321350E-05
  0.229481652       2.62435526E-04   9.13655531E-05
  0.229767263       2.25860626E-04   9.08228903E-05
  0.230052859       6.30058348E-05   9.06869827E-05
  0.230338454       8.12672079E-05   9.09080918E-05
  0.230624065       1.78504735E-04   9.07088397E-05
  0.230909660       2.23688781E-04   9.10861127E-05
  0.231195271       6.53155148E-05   8.99067963E-05
  0.231480867      -7.62566924E-05   9.06033238E-05
  0.231766477       6.45406544E-05   9.05953129E-05
  0.232052073       1.86104327E-04   9.06453861E-05
  0.232337683       1.07709318E-04   9.06212226E-05
  0.232623279      -2.78726220E-05   9.01074964E-05
  0.232908890       1.74865127E-05   9.05225243E-05
  0.233194485      -1.32873654E-04   9.00565792E-05
  0.233480096       5.61699271E-05   8.99763108E-05
  0.233765692       4.94979322E-05   9.04390618E-05
  0.234051287       1.61677599E-04   8.97121936E-05
  0.234336898       2.96548009E-04   9.07469366E-05
  0.234622493       5.60209155E-05   8.95223930E-05
  0.234908104       3.71411443E-06   8.97904320E-05
  0.235193700       6.52745366E-05   9.02200627E-05
  0.235479310       9.56170261E-05   8.99816805E-05
  0.235764906      -3.44999135E-05   9.02359898E-05
  0.236050516       1.13610178E-04   8.89743314E-05
  0.236336112       8.79764557E-05   8.99931183E-05
  0.236621723       2.58907676E-05   8.93287433E-05
  0.236907318       1.17532909E-04   8.99774604E-05
  0.237192929       1.82732940E-04   8.98692160E-05
  0.237478524       9.67420638E-05   8.91504751E-05
  0.237764135       1.34766102E-04   9.01137901E-05
  0.238049731       3.28455120E-04   8.92318785E-05
  0.238335326      -7.16820359E-05   8.86564012E-05
  0.238620937       5.71087003E-06   8.93530014E-05
  0.238906533      -2.62968242E-05   8.91243108E-05
  0.239192143       1.08517706E-05   8.99023144E-05
  0.239477739       5.30257821E-05   8.87046626E-05
  0.239763349       9.66079533E-05   8.91300660E-05
  0.240048945       4.20138240E-05   8.89007060E-05
  0.240334556       1.40421093E-04   8.92049575E-05
  0.240620151       8.27684999E-05   8.91228992E-05
  0.240905762       2.77720392E-05   8.82034146E-05
  0.241191357       1.14917755E-04   8.92618700E-05
  0.241476968       8.32676888E-05   8.87640999E-05
  0.241762564       2.77124345E-05   8.85301342E-05
  0.242048159       1.43706799E-04   8.88030263E-05
  0.242333770       1.04133040E-04   8.84799229E-05
  0.242619365      -5.24520874E-06   8.89905932E-05
  0.242904976       1.07288361E-06   8.79357467E-05
  0.243190572      -1.23493373E-05   8.81550804E-05
  0.243476182       3.75173986E-05   8.84820329E-05
  0.243761778       8.54060054E-05   8.85521367E-05
  0.244047388      -8.94591212E-05   8.83985776E-05
  0.244332984       3.53008509E-05   8.79401341E-05
  0.244618595      -4.88609076E-05   8.83379544E-05
  0.244904190       7.05569983E-06   8.81752785E-05
  0.245189801       2.19903886E-05   8.83545799E-05
  0.245475397      -1.28149986E-05   8.81266824E-05
  0.245760992      -2.14949250E-06   8.75903061E-05
  0.246046603       9.62130725E-05   8.81757878E-05
  0.246332198       2.95415521E-05   8.76217600E-05
  0.246617809       3.06405127E-05   8.78302526E-05
  0.246903405      -1.23977661E-05   8.80781881E-05
  0.247189015       1.77025795E-05   8.79327417E-05
  0.247474611       1.05474144E-04   8.81968590E-05
  0.247760221       4.46178019E-05   8.70421209E-05
  0.248045817       1.92031264E-04   8.98780781E-05
  0.248331428       3.84300947E-05   9.07777867E-05
  0.248617023       1.27825886E-04   9.21335304E-05
  0.248902634       1.76873058E-04   9.31539835E-05
  0.249188229       1.14072114E-04   9.29876696E-05
  0.249473825      -1.25356019E-05   9.39655802E-05
  0.249759436       1.19991601E-05   9.47638036E-05
  0.250045031      -9.50321555E-06   9.66143707E-05
  0.250330627      -1.39851123E-04   9.79971155E-05
  0.250616252       1.57948583E-04   9.95532973E-05
  0.250901848       3.52375209E-05   1.01012993E-04
  0.251187444       1.44187361E-04   1.01077669E-04
  0.251473039       8.15913081E-05   1.03055107E-04
  0.251758665      -7.12648034E-05   1.03954859E-04
  0.252044261      -3.96296382E-05   1.05017061E-04
  0.252329856       4.52399254E-05   1.06258354E-04
  0.252615452       3.76954675E-04   1.06340092E-04
  0.252901077       1.59837306E-04   1.07453750E-04
  0.253186673       2.47415155E-04   1.08244662E-04
  0.253472269       4.09670174E-05   1.09795197E-04
  0.253757864       6.69062138E-06   1.10273133E-04
  0.254043460       7.99223781E-05   1.10899564E-04
  0.254329085       1.02031976E-04   1.12260073E-04
  0.254614681       1.25732273E-04   1.11301437E-04
  0.254900277       3.68304551E-04   1.13100483E-04
  0.255185872      -3.16463411E-05   1.13208931E-04
  0.255471498       3.60757113E-05   1.13544636E-04
  0.255757093       2.37707049E-04   1.15066032E-04
  0.256042689       8.67843628E-05   1.13189126E-04
  0.256328285       4.41446900E-05   1.15350966E-04
  0.256613910      -8.95932317E-06   1.14956187E-04
  0.256899506       8.91387463E-05   1.16264964E-04
  0.257185102       5.30034304E-05   1.17092961E-04
  0.257470697       2.45258212E-04   1.16542367E-04
  0.257756293       1.19626522E-04   1.18134820E-04
  0.258041918       2.54899263E-04   1.16854462E-04
  0.258327514      -6.46300614E-05   1.18220887E-04
  0.258613110       5.90085983E-06   1.18528420E-04
  0.258898705       3.41460109E-05   1.18940443E-04
  0.259184331       1.14366412E-06   1.19293072E-04
  0.259469926       1.64579600E-04   1.17579279E-04
  0.259755522      -1.87568367E-05   1.19875265E-04
  0.260041118       2.01795250E-04   1.19104188E-04
  0.260326743       5.80325723E-05   1.19231518E-04
  0.260612339       1.05351210E-04   1.19421100E-04
  0.260897934      -1.54774636E-04   1.19853808E-04
  0.261183530      -2.62342393E-04   1.21152007E-04
  0.261469126       9.80123878E-05   1.19757387E-04
  0.261754751       1.36081129E-04   1.22023281E-04
  0.262040347      -1.47756189E-04   1.20609177E-04
  0.262325943       6.14225864E-05   1.23114136E-04
  0.262611538      -4.65810299E-05   1.23111997E-04
  0.262897164       1.13308430E-04   1.21306301E-04
  0.263182759      -1.21999532E-04   1.24424507E-04
  0.263468355       3.72603536E-05   1.23019723E-04
  0.263753951      -3.46451998E-07   1.25852981E-04
  0.264039576       2.44997442E-04   1.23880440E-04
  0.264325172      -7.92294741E-05   1.23322723E-04
  0.264610767       1.96598470E-04   1.27245701E-04
  0.264896363       3.06967646E-04   1.24894621E-04
  0.265181959       2.46651471E-05   1.25833103E-04
  0.265467584       4.98071313E-05   1.26314830E-04
  0.265753180      -7.25835562E-05   1.26819912E-04
  0.266038775       1.12287700E-04   1.29215376E-04
  0.266324371       3.35760415E-04   1.25736551E-04
  0.266609997       1.67902559E-04   1.28102896E-04
  0.266895592       5.52646816E-05   1.28781132E-04
  0.267181188       2.44114548E-04   1.29028631E-04
  0.267466784       2.51706690E-04   1.30907531E-04
  0.267752409       8.21463764E-05   1.28401676E-04
  0.268038005       2.11287290E-04   1.30139873E-04
  0.268323600       2.45220959E-04   1.31191031E-04
  0.268609196       6.21899962E-05   1.30342742E-04
  0.268894792       1.67462975E-04   1.31510955E-04
  0.269180417       1.86104327E-04   1.31000721E-04
  0.269466013       3.24588269E-04   1.32825226E-04
  0.269751608       8.45342875E-05   1.33401845E-04
  0.270037204       1.39124691E-04   1.31089342E-04
  0.270322829       5.99175692E-05   1.33872556E-04
  0.270608425      -9.06735659E-06   1.33200985E-04
  0.270894021      -3.79048288E-05   1.35411610E-04
  0.271179616       8.37594271E-05   1.33159527E-04
  0.271465242       1.35153532E-04   1.34056681E-04
  0.271750838      -2.48417258E-04   1.34719128E-04
  0.272036433       2.06168741E-04   1.35363924E-04
  0.272322029      -2.35848129E-05   1.33813883E-04
  0.272607625       1.18918717E-04   1.34970207E-04
  0.272893250       2.53226608E-04   1.35839276E-04
  0.273178846       1.36438757E-04   1.35879425E-04
  0.273464441       5.57452440E-05   1.35910144E-04
  0.273750037       9.53301787E-05   1.35142604E-04
  0.274035662       1.96903944E-04   1.37618481E-04
  0.274321258       3.37772071E-05   1.38866104E-04
  0.274606854      -1.06733292E-04   1.35747832E-04
  0.274892449       2.08005309E-04   1.39061536E-04
  0.275178075      -6.49429858E-05   1.37163734E-04
  0.275463670      -3.97264957E-05   1.39645490E-04
  0.275749266       1.58190727E-04   1.38981413E-04
  0.276034862       9.36724246E-05   1.38363757E-04
  0.276320487       2.17832625E-04   1.42400022E-04
  0.276606083       5.39720058E-05   1.39372001E-04
  0.276891679       6.63213432E-05   1.41792116E-04
  0.277177274      -2.91615725E-05   1.40578690E-04
  0.277462870       3.22729349E-04   1.41574259E-04
  0.277748495      -7.72215426E-05   1.43379584E-04
  0.278034091      -1.68904662E-05   1.41046679E-04
  0.278319687       2.24485993E-04   1.43975150E-04
  0.278605282       2.53655016E-05   1.42561083E-04
  0.278890908       3.74387950E-04   1.44539372E-04
  0.279176503       2.45049596E-05   1.43821744E-04
  0.279462099       1.50542706E-04   1.44749123E-04
  0.279747695      -1.09236687E-04   1.46166669E-04
  0.280033320      -1.22267753E-04   1.44713616E-04
  0.280318916       1.77707523E-04   1.46603154E-04
  0.280604511       2.23629177E-05   1.45534155E-04
  0.280890107       2.09148973E-04   1.47182320E-04
  0.281175703      -3.30172479E-05   1.46832012E-04
  0.281461328      -5.14537096E-05   1.44699472E-04
  0.281746924       1.77714974E-04   1.47888088E-04
  0.282032520       3.69947404E-04   1.45277416E-04
  0.282318115       1.07213855E-04   1.47224346E-04
  0.282603741       8.13081861E-05   1.46760038E-04
  0.282889336      -2.01538205E-05   1.46664315E-04
  0.283174932       1.06852502E-04   1.48291510E-04
  0.283460528       4.24943864E-05   1.45088270E-04
  0.283746153       1.84386969E-04   1.48287669E-04
  0.284031749      -4.75570560E-05   1.46570761E-04
  0.284317344       2.39290297E-04   1.48882391E-04
  0.284602940       3.90596688E-04   1.50742140E-04
  0.284888536      -2.80447304E-04   1.47495608E-04
  0.285174161      -1.00988895E-04   1.49884843E-04
  0.285459757       3.27117741E-05   1.48906576E-04
  0.285745353       2.63031572E-04   1.51050903E-04
  0.286030948       2.78145075E-04   1.51145447E-04
  0.286316574       8.05296004E-05   1.52027569E-04
  0.286602169       3.48266214E-04   1.53289191E-04
  0.286887765       6.56023622E-05   1.50391366E-04
  0.287173361      -1.58090144E-04   1.53466666E-04
  0.287458986       2.12389976E-04   1.52280380E-04
  0.287744582       7.43418932E-05   1.55115136E-04
  0.288030177       6.74277544E-07   1.55413858E-04
  0.288315773       2.56877393E-04   1.52887267E-04
  0.288601369       1.16564333E-05   1.56840906E-04
  0.288886994      -3.43360007E-05   1.53086992E-04
  0.289172590      -6.06663525E-05   1.57802249E-04
  0.289458185       1.28146261E-04   1.55214220E-04
  0.289743781      -5.26905060E-05   1.56461960E-04
  0.290029407       3.14399600E-04   1.60594616E-04
  0.290315002      -2.77705491E-04   1.54389330E-04
  0.290600598       4.33959067E-05   1.60262294E-04
  0.290886194       4.95240092E-05   1.56936963E-04
  0.291171819       5.23291528E-05   1.59664807E-04
  0.291457415       2.83274800E-04   1.62019729E-04
  0.291743010       2.78331339E-04   1.58194147E-04
  0.292028606      -2.29030848E-05   1.62421944E-04
  0.292314202       3.32783908E-04   1.59062241E-04
  0.292599827       1.01353973E-04   1.63357137E-04
  0.292885423      -1.99846923E-04   1.62151293E-04
  0.293171018       8.22320580E-05   1.62513592E-04
  0.293456614      -1.06170774E-05   1.64655648E-04
  0.293742239       2.23167241E-04   1.62367360E-04
  0.294027835       1.54376030E-05   1.65756806E-04
  0.294313431       9.08337533E-05   1.64772224E-04
  0.294599026      -8.72090459E-05   1.64886020E-04
  0.294884652       2.17873603E-04   1.67006292E-04
  0.295170248       2.51583755E-04   1.66658720E-04
  0.295455843       2.14505941E-04   1.67820472E-04
  0.295741439       8.49328935E-05   1.65427307E-04
  0.296027035       3.86301428E-04   1.69747669E-04
  0.296312660      -2.17575580E-04   1.67572915E-04
  0.296598256      -3.12663615E-05   1.70594372E-04
  0.296883851       3.57963145E-05   1.71238920E-04
  0.297169447       9.03196633E-05   1.67423015E-04
  0.297455072       1.82639807E-04   1.73681750E-04
  0.297740668      -1.29155815E-04   1.69222898E-04
  0.298026264       2.98772007E-04   1.74081681E-04
  0.298311859       8.71047378E-05   1.73494263E-04
  0.298597485      -8.49254429E-05   1.70578554E-04
  0.298883080       1.54152513E-04   1.76628644E-04
  0.299168676      -3.96270305E-04   1.71350563E-04
  0.299454272       2.61183828E-04   1.77084585E-04
  0.299739867       5.29322773E-04   1.75635781E-04
  0.300025493       3.23079526E-04   1.75982306E-04
  0.300311089      -1.25702471E-04   1.79657494E-04
  0.300596684      -3.98606062E-06   1.73935478E-04
  0.300882280       1.34598464E-04   1.80788105E-04
  0.301167905      -4.22932208E-05   1.76208399E-04
  0.301453501      -1.36751682E-04   1.80278308E-04
  0.301739097       2.37859786E-05   1.80873918E-04
  0.302024692       1.88078731E-04   1.78643138E-04
  0.302310318      -1.07437372E-04   1.85209734E-04
  0.302595913      -7.67409801E-07   1.78260190E-04
  0.302881509      -2.04782933E-04   1.83801429E-04
  0.303167105      -7.35744834E-06   1.82814023E-04
  0.303452700       8.09505582E-06   1.83806886E-04
  0.303738326      -7.99074769E-05   1.87601807E-04
  0.304023921       2.42087990E-04   1.81679294E-04
  0.304309517       2.77049839E-04   1.89099010E-04
  0.304595113       9.06586647E-05   1.84180768E-04
  0.304880738       1.82501972E-05   1.88961640E-04
  0.305166334      -1.18829310E-04   1.89372615E-04
  0.305451930       1.02728605E-04   1.87279133E-04
  0.305737525      -6.20968640E-05   1.92784049E-04
  0.306023151       1.08625740E-04   1.85999510E-04
  0.306308746      -1.16080046E-05   1.92922118E-04
  0.306594342       7.21178949E-05   1.92235690E-04
  0.306879938       4.85442579E-05   1.91558443E-04
  0.307165563       1.05910003E-04   1.96890323E-04
  0.307451159      -1.18836761E-05   1.91296174E-04
  0.307736754       1.95179135E-04   1.97093017E-04
  0.308022350       2.69059092E-04   1.93029904E-04
  0.308307946      -2.51002610E-04   1.98222508E-04
  0.308593571       1.88622624E-04   1.98530252E-04
  0.308879167      -1.66296959E-05   1.94804539E-04
  0.309164762       3.05026770E-05   2.03266885E-04
  0.309450358       2.26408243E-04   1.96058740E-04
  0.309735984      -2.65881419E-04   2.01952629E-04
  0.310021579       3.02214175E-04   2.00216891E-04
  0.310307175       2.99878418E-04   2.01726056E-04
  0.310592771       1.50613487E-05   2.07039338E-04
  0.310878396       2.11257488E-04   1.98904643E-04
  0.311163992      -4.25055623E-06   2.08782119E-04
  0.311449587      -1.35876238E-04   2.02791576E-04
  0.311735183       3.52192670E-04   2.08196390E-04
  0.312020779      -6.58370554E-05   2.08159108E-04
  0.312306404      -7.01136887E-05   2.07175864E-04
  0.312592000       9.01855528E-05   2.12858795E-04
  0.312877595       3.54610384E-05   2.05222474E-04
  0.313163191      -1.18955970E-04   2.10507205E-04
  0.313448817       1.76861882E-04   2.08464742E-04
  0.313734412       4.39770520E-05   2.08802478E-04
  0.314020008       1.30612403E-04   2.14074200E-04
  0.314305604       3.84498388E-04   2.03855772E-04
  0.314591229       4.37740237E-04   2.12815226E-04
  0.314876825       1.43423676E-04   2.07814868E-04
  0.315162420      -1.21645629E-04   2.09810882E-04
  0.315448016       1.59803778E-04   2.11418577E-04
  0.315733612      -1.34326518E-04   2.07293604E-04
  0.316019237       1.47841871E-04   2.14755579E-04
  0.316304833       1.97574496E-04   2.05606178E-04
  0.316590428       3.98371369E-04   2.13351712E-04
  0.316876024       5.03960997E-04   2.10912840E-04
  0.317161649       1.97380781E-04   2.12913088E-04
  0.317447245      -9.31434333E-05   2.16219254E-04
  0.317732841       1.29681081E-04   2.08836296E-04
  0.318018436      -4.95202839E-05   2.17989262E-04
  0.318304062      -4.28114086E-04   2.13002553E-04
  0.318589658       4.10899520E-05   2.17752575E-04
  0.318875253      -4.55491245E-05   2.19490525E-04
  0.319160849      -1.01745129E-04   2.18222194E-04
  0.319446445       5.27229160E-04   2.25746116E-04
  0.319732070       1.54972076E-04   2.15139851E-04
  0.320017666       3.71262431E-04   2.26540011E-04
  0.320303261       2.34976411E-04   2.21937575E-04
  0.320588857       2.32137740E-04   2.25643817E-04
  0.320874482      -6.64964318E-06   2.31430735E-04
  0.321160078       3.22468579E-04   2.20398419E-04
  0.321445674       1.71106309E-04   2.30486577E-04
  0.321731269      -2.90792435E-04   2.24412026E-04
  0.322016895       1.91852450E-06   2.33432133E-04
  0.322302490       2.62077898E-04   2.30518868E-04
  0.322588086       3.58972698E-04   2.30633435E-04
  0.322873682       4.20399010E-05   2.40496360E-04
  0.323159277       1.08189881E-04   2.26386153E-04
  0.323444903       1.75088644E-04   2.43258968E-04
  0.323730499      -3.39336693E-05   2.32700317E-04
  0.324016094      -2.81903893E-04   2.39531248E-04
  0.324301690      -1.36896968E-04   2.47949152E-04
  0.324587315       1.13911927E-04   2.31794125E-04
  0.324872911      -1.67161226E-04   2.48750934E-04
  0.325158507       2.79050320E-04   2.38032459E-04
  0.325444102      -1.41303986E-04   2.49759323E-04
  0.325729728       1.22692436E-04   2.44983064E-04
  0.326015323       2.55037099E-04   2.47056800E-04
  0.326300919       6.37769699E-06   2.58475833E-04
  0.326586515       4.29347157E-04   2.43443967E-04
  0.326872110       2.59924680E-04   2.57094915E-04
  0.327157736       2.49221921E-04   2.49769539E-04
  0.327443331      -4.19020653E-05   2.57388892E-04
  0.327728927      -3.51734459E-04   2.63167283E-04
  0.328014523      -1.40704215E-05   2.50919140E-04
  0.328300148       2.56840140E-04   2.70956167E-04
  0.328585744       8.38190317E-06   2.52241094E-04
  0.328871340       1.16758049E-04   2.67620140E-04
  0.329156935       5.86695969E-05   2.62464629E-04
  0.329442561      -1.97362155E-04   2.65573326E-04
  0.329728156      -1.00929290E-04   2.80472712E-04
  0.330013752       1.79387629E-04   2.58885237E-04
  0.330299348      -7.32347369E-04   2.81018612E-04
  0.330584943       1.57456845E-04   2.66553456E-04
  0.330870569       1.88797712E-05   2.79470434E-04
  0.331156164       6.30941242E-04   2.85915012E-04
  0.331441760      -3.13300639E-04   2.72380683E-04
  0.331727356       1.47596002E-04   2.94192228E-04
  0.332012981      -1.29759312E-04   2.72133882E-04
  0.332298577       5.36400825E-04   2.93013640E-04
  0.332584172       2.86936760E-04   2.83771311E-04
  0.332869768       4.20249999E-05   2.91972159E-04
  0.333155394       4.18763608E-04   3.09318042E-04
  0.333440989       3.87478620E-04   2.80629058E-04
  0.333726585       1.79335475E-05   3.08541959E-04
  0.334012181      -1.03138387E-04   2.90778902E-04
  0.334297776       1.20628625E-04   3.07411363E-04
  0.334583402       2.94752419E-04   3.08450079E-04
  0.334868997       4.46315855E-04   3.01639724E-04
  0.335154593       1.56462193E-05   3.29543953E-04
  0.335440189       1.59874558E-04   2.98857369E-04
  0.335725814      -1.89453363E-04   3.26067675E-04
  0.336011410      -4.34804708E-04   3.12551332E-04
  0.336297005       1.33518130E-04   3.22350010E-04
  0.336582601      -4.21002507E-04   3.45287990E-04
  0.336868227       6.47492707E-05   3.07683018E-04
  0.337153822      -8.08224082E-04   3.44427914E-04
  0.337439418      -1.55311078E-04   3.23561486E-04
  0.337725013       3.52181494E-04   3.46926157E-04
  0.338010639       6.23799860E-05   3.46046669E-04
  0.338296235      -2.49832869E-04   3.34304466E-04
  0.338581830      -1.38476491E-04   3.75240226E-04
  0.338867426       1.79056078E-04   3.28395399E-04
  0.339153022       1.26194209E-04   3.78041004E-04
  0.339438647      -1.12183392E-04   3.43709457E-04
  0.339724243      -2.16573477E-04   3.73762421E-04
  0.340009838       7.38054514E-05   4.01425496E-04
  0.340295434      -8.49630684E-04   3.43602500E-04
  0.340581059       6.90609217E-04   4.00547637E-04
  0.340866655      -2.92010605E-04   3.67081724E-04
  0.341152251      -3.92634422E-04   4.00061050E-04
  0.341437846       7.63028860E-04   3.93904455E-04
  0.341723472      -3.75684351E-04   3.94867267E-04
  0.342009068      -2.50231475E-04   4.41542186E-04
  0.342294663       6.84529543E-04   3.80918762E-04
  0.342580259      -2.69003212E-05   4.38479270E-04
  0.342865855      -2.19274312E-04   4.11428424E-04
  0.343151480       1.36531889E-05   4.28988627E-04
  0.343437076       1.55359507E-04   4.91935352E-04
  0.343722671      -9.29534435E-05   3.95099371E-04
  0.344008267       8.63637775E-04   5.24383096E-04
  0.344293892       5.43344766E-04   4.17967618E-04
  0.344579488      -7.04102218E-04   5.05681382E-04
  0.344865084       5.59061766E-04   4.72765125E-04
  0.345150679       4.80122864E-04   4.84021264E-04
  0.345436305       3.51104885E-04   6.01525244E-04
  0.345721900       1.63987279E-04   4.33778303E-04
  0.346007496       1.27489865E-03   6.31245377E-04
  0.346293092       3.88778746E-04   4.69042890E-04
  0.346578687      -7.95833766E-04   6.20707171E-04
  0.346864313       7.06855208E-04   5.79925603E-04
  0.347149909       8.53192061E-04   5.52468584E-04
  0.347435504       4.91771847E-04   7.15110509E-04
  0.347721100       6.06771559E-04   5.29670448E-04
  0.348006725      -2.66835093E-04   7.74321321E-04
  0.348292321      -5.52486628E-04   5.67112933E-04
  0.348577917      -9.36131924E-04   8.21120921E-04
  0.348863512      -6.58545643E-04   8.53880949E-04
  0.349149138      -6.25498593E-04   6.44964806E-04
