 # q,I,sigma
 # errors rescaled with constant factor:    1.00114059    
 # factor also written to scale_factor.d
   2.99882679E-03   3.01903188E-02   3.02428752E-03
   3.28442943E-03   3.24837379E-02   1.66553631E-03
   3.57003184E-03   3.13470848E-02   1.40294537E-03
   3.85563448E-03   3.29471081E-02   1.15231844E-03
   4.14123712E-03   3.20833623E-02   9.23317566E-04
   4.42683976E-03   3.17590982E-02   7.85311451E-04
   4.71244240E-03   3.20568383E-02   7.20045238E-04
   4.99804458E-03   3.13205533E-02   6.85173087E-04
   5.28364722E-03   3.29231694E-02   6.60265738E-04
   5.56924986E-03   3.29739191E-02   6.56127289E-04
   5.85485250E-03   3.15528102E-02   6.47386361E-04
   6.14045514E-03   3.13076749E-02   6.27797621E-04
   6.42605731E-03   3.13799120E-02   6.13096403E-04
   6.71165995E-03   3.21594700E-02   5.95793768E-04
   6.99726259E-03   3.08152139E-02   5.79456857E-04
   7.28286523E-03   3.20935324E-02   5.78495208E-04
   7.56846787E-03   3.16274241E-02   5.70350618E-04
   7.85407051E-03   3.09588574E-02   5.48861746E-04
   8.13967269E-03   3.18262465E-02   5.41696616E-04
   8.42527580E-03   3.24355066E-02   5.42557973E-04
   8.71087797E-03   3.25472653E-02   5.28824399E-04
   8.99648014E-03   3.13593335E-02   5.22228715E-04
   9.28208325E-03   3.10816877E-02   5.05432545E-04
   9.56768543E-03   3.15914191E-02   4.98146808E-04
   9.85328853E-03   3.01337689E-02   5.04963158E-04
   1.01388907E-02   2.99566686E-02   4.80518182E-04
   1.04244929E-02   3.15251686E-02   4.76377434E-04
   1.07100960E-02   3.08456086E-02   4.78022353E-04
   1.09956982E-02   3.12115885E-02   4.71714942E-04
   1.12813013E-02   3.07694934E-02   4.72270709E-04
   1.15669034E-02   3.03415805E-02   4.50842199E-04
   1.18525065E-02   3.09757851E-02   4.53507266E-04
   1.21381087E-02   2.96363384E-02   4.45191312E-04
   1.24237109E-02   2.94613875E-02   4.10365290E-04
   1.27093140E-02   3.05499509E-02   4.05605766E-04
   1.29949162E-02   2.95385048E-02   3.85476567E-04
   1.32805184E-02   2.99474448E-02   3.84451268E-04
   1.35661215E-02   2.97900736E-02   3.72355775E-04
   1.38517236E-02   2.93976404E-02   3.65070184E-04
   1.41373267E-02   2.91023031E-02   3.57467710E-04
   1.44229289E-02   2.89399326E-02   3.52823787E-04
   1.47085320E-02   2.95401998E-02   3.48883768E-04
   1.49941342E-02   2.93355472E-02   3.40959989E-04
   1.52797364E-02   2.88047977E-02   3.36672645E-04
   1.55653395E-02   2.88086496E-02   3.28654423E-04
   1.58509426E-02   2.86086798E-02   3.26736830E-04
   1.61365438E-02   2.87651159E-02   3.21245694E-04
   1.64221469E-02   2.78225802E-02   3.15397017E-04
   1.67077500E-02   2.78458893E-02   3.11726093E-04
   1.69933513E-02   2.74112411E-02   3.05536931E-04
   1.72789544E-02   2.79565416E-02   3.04587826E-04
   1.75645575E-02   2.78918855E-02   3.01020569E-04
   1.78501606E-02   2.78501697E-02   2.96189566E-04
   1.81357618E-02   2.71210447E-02   2.94465251E-04
   1.84213649E-02   2.71819048E-02   2.88450683E-04
   1.87069681E-02   2.70115733E-02   2.86180933E-04
   1.89925693E-02   2.66209953E-02   2.85284594E-04
   1.92781724E-02   2.68813744E-02   2.77737709E-04
   1.95637755E-02   2.68812440E-02   2.79379718E-04
   1.98493768E-02   2.66326480E-02   2.72765319E-04
   2.01349799E-02   2.64575109E-02   2.72833306E-04
   2.04205830E-02   2.66287029E-02   2.71347380E-04
   2.07061861E-02   2.59393714E-02   2.63783382E-04
   2.09917873E-02   2.59885117E-02   2.64307455E-04
   2.12773904E-02   2.55294479E-02   2.59407563E-04
   2.15629935E-02   2.54926644E-02   2.59205321E-04
   2.18485948E-02   2.54579857E-02   2.56764615E-04
   2.21341979E-02   2.59486958E-02   2.53758335E-04
   2.24198010E-02   2.54691243E-02   2.52393133E-04
   2.27054041E-02   2.46289261E-02   2.49141653E-04
   2.29910053E-02   2.48326808E-02   2.47419550E-04
   2.32766084E-02   2.46864893E-02   2.43489369E-04
   2.35622115E-02   2.41634659E-02   2.43138769E-04
   2.38478128E-02   2.46181190E-02   2.40950234E-04
   2.41334159E-02   2.43373141E-02   2.39020548E-04
   2.44190190E-02   2.43272111E-02   2.37135449E-04
   2.47046202E-02   2.39512585E-02   2.34550535E-04
   2.49902233E-02   2.35252865E-02   2.32764825E-04
   2.52758265E-02   2.38430575E-02   2.30812584E-04
   2.55614296E-02   2.35232525E-02   2.29174650E-04
   2.58470308E-02   2.34517939E-02   2.28590550E-04
   2.61326339E-02   2.34007314E-02   2.25030642E-04
   2.64182370E-02   2.30926871E-02   2.24938718E-04
   2.67038383E-02   2.33326480E-02   2.20769711E-04
   2.69894414E-02   2.24322453E-02   2.21289767E-04
   2.72750445E-02   2.27000006E-02   2.18855086E-04
   2.75606457E-02   2.26031728E-02   2.17637877E-04
   2.78462488E-02   2.24517994E-02   2.21408016E-04
   2.81318519E-02   2.20421180E-02   2.21985349E-04
   2.84174550E-02   2.23244987E-02   2.21317299E-04
   2.87030563E-02   2.18911096E-02   2.21594702E-04
   2.89886594E-02   2.16974765E-02   2.18528148E-04
   2.92742625E-02   2.15839744E-02   2.19487105E-04
   2.95598637E-02   2.12426297E-02   2.17117791E-04
   2.98454668E-02   2.17249952E-02   2.17409062E-04
   3.01310699E-02   2.11318545E-02   2.15947206E-04
   3.04166730E-02   2.05320343E-02   2.14137035E-04
   3.07022743E-02   2.01801918E-02   2.14000640E-04
   3.09878774E-02   2.08409801E-02   2.13653140E-04
   3.12734805E-02   2.02424079E-02   2.13367588E-04
   3.15590836E-02   2.01492161E-02   2.12684114E-04
   3.18446867E-02   2.03093141E-02   2.12531610E-04
   3.21302861E-02   2.01216266E-02   2.11229053E-04
   3.24158892E-02   1.98473930E-02   2.11422914E-04
   3.27014923E-02   1.94258429E-02   2.08904254E-04
   3.29870954E-02   1.96849667E-02   2.10231607E-04
   3.32726985E-02   1.94270201E-02   2.08311045E-04
   3.35583016E-02   1.92960873E-02   2.08561178E-04
   3.38439010E-02   1.90236680E-02   2.06935059E-04
   3.41295041E-02   1.91917941E-02   2.06182202E-04
   3.44151072E-02   1.91667564E-02   2.07521400E-04
   3.47007103E-02   1.86651386E-02   2.04320400E-04
   3.49863134E-02   1.87314972E-02   2.06490673E-04
   3.52719165E-02   1.83038861E-02   2.02594631E-04
   3.55575196E-02   1.79545917E-02   2.00889015E-04
   3.58431190E-02   1.80931427E-02   2.00504306E-04
   3.61287221E-02   1.80493593E-02   2.01269431E-04
   3.64143252E-02   1.81446671E-02   2.00449096E-04
   3.66999283E-02   1.75108127E-02   1.98199312E-04
   3.69855314E-02   1.74288563E-02   1.99317918E-04
   3.72711346E-02   1.74930468E-02   1.97241781E-04
   3.75567377E-02   1.71780810E-02   1.94949127E-04
   3.78423370E-02   1.74372420E-02   1.95551111E-04
   3.81279401E-02   1.72252245E-02   1.94440669E-04
   3.84135433E-02   1.70448832E-02   1.94772103E-04
   3.86991464E-02   1.63353607E-02   1.91822444E-04
   3.89847495E-02   1.66819654E-02   1.91642685E-04
   3.92703526E-02   1.68658458E-02   1.91881656E-04
   3.95559557E-02   1.64851509E-02   1.90077641E-04
   3.98415551E-02   1.64378881E-02   1.89896396E-04
   4.01271582E-02   1.62918121E-02   1.88020640E-04
   4.04127613E-02   1.59426033E-02   1.89215236E-04
   4.06983644E-02   1.60943642E-02   1.87969228E-04
   4.09839675E-02   1.56494342E-02   1.85122262E-04
   4.12695706E-02   1.59998089E-02   1.85467565E-04
   4.15551737E-02   1.59372166E-02   1.85403769E-04
   4.18407731E-02   1.56060830E-02   1.85634606E-04
   4.21263762E-02   1.51941404E-02   1.83346870E-04
   4.24119793E-02   1.54849403E-02   1.82234580E-04
   4.26975824E-02   1.49363428E-02   1.81203010E-04
   4.29831855E-02   1.47118978E-02   1.81569048E-04
   4.32687886E-02   1.46534368E-02   1.81303418E-04
   4.35543880E-02   1.50002837E-02   1.80248520E-04
   4.38399911E-02   1.49114728E-02   1.79823881E-04
   4.41255942E-02   1.46022923E-02   1.79916809E-04
   4.44111973E-02   1.44728273E-02   1.77915950E-04
   4.46968004E-02   1.42915212E-02   1.78095957E-04
   4.49824035E-02   1.44945532E-02   1.76420785E-04
   4.52680066E-02   1.44107342E-02   1.78371934E-04
   4.55536060E-02   1.38201900E-02   1.76439164E-04
   4.58392091E-02   1.41818263E-02   1.76803020E-04
   4.61248122E-02   1.36082619E-02   1.74047134E-04
   4.64104153E-02   1.37234814E-02   1.73938490E-04
   4.66960184E-02   1.35174394E-02   1.75799854E-04
   4.69816215E-02   1.37923323E-02   1.72244458E-04
   4.72672246E-02   1.32820755E-02   1.72943139E-04
   4.75528240E-02   1.32650770E-02   1.73034394E-04
   4.78384271E-02   1.31299905E-02   1.71797074E-04
   4.81240302E-02   1.30704381E-02   1.71230218E-04
   4.84096333E-02   1.30265579E-02   1.71247666E-04
   4.86952364E-02   1.30293183E-02   1.75495457E-04
   4.89808396E-02   1.28123872E-02   1.77544382E-04
   4.92664427E-02   1.28834248E-02   1.76683330E-04
   4.95520420E-02   1.25582255E-02   1.79114999E-04
   4.98376451E-02   1.27405487E-02   1.77527181E-04
   5.01232482E-02   1.21904798E-02   1.80196294E-04
   5.04088514E-02   1.23593584E-02   1.79271301E-04
   5.06944545E-02   1.19749941E-02   1.79954601E-04
   5.09800576E-02   1.20598376E-02   1.80774965E-04
   5.12656569E-02   1.20060071E-02   1.80840376E-04
   5.15512601E-02   1.20597929E-02   1.81607887E-04
   5.18368632E-02   1.17631294E-02   1.81295298E-04
   5.21224663E-02   1.16940290E-02   1.81487208E-04
   5.24080694E-02   1.19128600E-02   1.83120545E-04
   5.26936725E-02   1.18160322E-02   1.83471595E-04
   5.29792756E-02   1.16827488E-02   1.82856427E-04
   5.32648750E-02   1.14269108E-02   1.81352370E-04
   5.35504781E-02   1.12555847E-02   1.82721284E-04
   5.38360812E-02   1.11120455E-02   1.83096243E-04
   5.41216843E-02   1.14035569E-02   1.82490534E-04
   5.44072874E-02   1.12389810E-02   1.85538680E-04
   5.46928905E-02   1.07519478E-02   1.81701937E-04
   5.49784936E-02   1.09816007E-02   1.85037105E-04
   5.52640930E-02   1.07824206E-02   1.80772447E-04
   5.55496961E-02   1.10439472E-02   1.85504148E-04
   5.58352992E-02   1.08833015E-02   1.83386990E-04
   5.61209023E-02   1.07602179E-02   1.83481039E-04
   5.64065054E-02   1.06865279E-02   1.85622499E-04
   5.66921085E-02   1.05780996E-02   1.80374162E-04
   5.69777116E-02   1.05495788E-02   1.83880955E-04
   5.72633110E-02   1.02567449E-02   1.80744231E-04
   5.75489141E-02   1.00933872E-02   1.81727184E-04
   5.78345172E-02   1.02441199E-02   1.83011012E-04
   5.81201203E-02   1.01582669E-02   1.80462317E-04
   5.84057234E-02   9.89897177E-03   1.81243551E-04
   5.86913265E-02   9.87689942E-03   1.79078692E-04
   5.89769296E-02   9.68176499E-03   1.80609131E-04
   5.92625290E-02   1.00197457E-02   1.79761715E-04
   5.95481321E-02   9.65566561E-03   1.80094386E-04
   5.98337352E-02   9.85182822E-03   1.81508804E-04
   6.01193383E-02   9.63322818E-03   1.76434347E-04
   6.04049414E-02   9.59607214E-03   1.81157302E-04
   6.06905445E-02   9.29797813E-03   1.76656235E-04
   6.09761439E-02   9.38811153E-03   1.78885981E-04
   6.12617470E-02   9.17858258E-03   1.78903472E-04
   6.15473501E-02   9.40873101E-03   1.76185393E-04
   6.18329532E-02   9.32344794E-03   1.78861970E-04
   6.21185564E-02   9.06002894E-03   1.74904068E-04
   6.24041595E-02   8.69808346E-03   1.76587346E-04
   6.26897588E-02   8.93393159E-03   1.75580630E-04
   6.29753619E-02   8.79290700E-03   1.76435831E-04
   6.32609650E-02   9.21906158E-03   1.78487186E-04
   6.35465682E-02   8.70148093E-03   1.73608249E-04
   6.38321713E-02   8.82178918E-03   1.75318957E-04
   6.41177744E-02   8.74340162E-03   1.74452172E-04
   6.44033775E-02   8.47816840E-03   1.74158617E-04
   6.46889806E-02   8.46361369E-03   1.75635389E-04
   6.49745837E-02   8.48389044E-03   1.71812950E-04
   6.52601868E-02   8.08781758E-03   1.74900313E-04
   6.55457899E-02   8.14532861E-03   1.72661661E-04
   6.58313856E-02   8.17463547E-03   1.72014916E-04
   6.61169887E-02   8.26076791E-03   1.78807750E-04
   6.64025918E-02   7.99980015E-03   1.80869363E-04
   6.66881949E-02   8.17052647E-03   1.85255849E-04
   6.69737980E-02   7.90086016E-03   1.82956399E-04
   6.72594011E-02   7.87943974E-03   1.86865931E-04
   6.75450042E-02   8.27566534E-03   1.87498546E-04
   6.78306073E-02   7.80123100E-03   1.90080638E-04
   6.81162104E-02   8.08221102E-03   1.91568222E-04
   6.84018135E-02   7.85349682E-03   1.89361293E-04
   6.86874166E-02   7.62214884E-03   1.94105378E-04
   6.89730197E-02   7.60296360E-03   1.92092324E-04
   6.92586228E-02   7.61812553E-03   1.95214438E-04
   6.95442259E-02   7.59567320E-03   1.95886285E-04
   6.98298216E-02   7.36025721E-03   1.93559055E-04
   7.01154247E-02   7.48270750E-03   1.98740992E-04
   7.04010278E-02   7.16276839E-03   1.96234236E-04
   7.06866309E-02   7.72175565E-03   1.98826761E-04
   7.09722340E-02   7.50006735E-03   2.02989133E-04
   7.12578371E-02   7.03273341E-03   1.98712572E-04
   7.15434402E-02   7.04177469E-03   2.01777511E-04
   7.18290433E-02   7.19988346E-03   2.00416835E-04
   7.21146464E-02   7.04785809E-03   2.01208604E-04
   7.24002495E-02   6.91160560E-03   2.01219067E-04
   7.26858526E-02   6.74116984E-03   2.00800860E-04
   7.29714558E-02   7.41527230E-03   1.95485787E-04
   7.32570589E-02   7.14926049E-03   1.89028768E-04
   7.35426545E-02   6.94984570E-03   1.85723256E-04
   7.38282576E-02   6.73836097E-03   1.85533951E-04
   7.41138607E-02   7.06189498E-03   1.82939184E-04
   7.43994638E-02   6.65120780E-03   1.82190721E-04
   7.46850669E-02   6.55733049E-03   1.78084170E-04
   7.49706700E-02   6.72225654E-03   1.78530114E-04
   7.52562732E-02   6.19899482E-03   1.75983208E-04
   7.55418763E-02   6.46599755E-03   1.76168105E-04
   7.58274794E-02   6.31546602E-03   1.75207242E-04
   7.61130825E-02   6.44073263E-03   1.73627821E-04
   7.63986856E-02   6.28903508E-03   1.72489861E-04
   7.66842887E-02   6.23304024E-03   1.70816347E-04
   7.69698918E-02   6.40391931E-03   1.71334308E-04
   7.72554949E-02   6.46483153E-03   1.69825566E-04
   7.75410905E-02   6.12472743E-03   1.70046158E-04
   7.78266937E-02   6.06194511E-03   1.69081832E-04
   7.81122968E-02   6.01783022E-03   1.66893267E-04
   7.83978999E-02   5.84944338E-03   1.67397637E-04
   7.86835030E-02   5.99095598E-03   1.65930731E-04
   7.89691061E-02   5.87719306E-03   1.68312414E-04
   7.92547092E-02   5.85767999E-03   1.67095059E-04
   7.95403123E-02   5.74590266E-03   1.65511476E-04
   7.98259154E-02   5.65116107E-03   1.66339116E-04
   8.01115185E-02   5.78407571E-03   1.64079363E-04
   8.03971216E-02   5.76069579E-03   1.65965175E-04
   8.06827247E-02   5.59747592E-03   1.64596000E-04
   8.09683278E-02   5.41240722E-03   1.64097000E-04
   8.12539235E-02   5.49920276E-03   1.64273442E-04
   8.15395266E-02   5.56815788E-03   1.62581433E-04
   8.18251297E-02   5.61762229E-03   1.63926175E-04
   8.21107328E-02   5.12872264E-03   1.63256627E-04
   8.23963359E-02   5.18471375E-03   1.61874821E-04
   8.26819390E-02   5.53997234E-03   1.64465659E-04
   8.29675421E-02   5.55647165E-03   1.61621661E-04
   8.32531452E-02   5.42948395E-03   1.62668744E-04
   8.35387483E-02   5.32357022E-03   1.60829688E-04
   8.38243514E-02   5.39943948E-03   1.62251876E-04
   8.41099545E-02   4.81368974E-03   1.60982352E-04
   8.43955576E-02   5.12249023E-03   1.59419244E-04
   8.46811607E-02   5.07448986E-03   1.60931973E-04
   8.49667639E-02   4.98889759E-03   1.59379895E-04
   8.52523595E-02   5.21027297E-03   1.60984710E-04
   8.55379626E-02   5.17969206E-03   1.59466275E-04
   8.58235657E-02   4.96989489E-03   1.58913914E-04
   8.61091688E-02   4.98340651E-03   1.60874246E-04
   8.63947719E-02   4.64377180E-03   1.58310679E-04
   8.66803750E-02   4.77873906E-03   1.58346229E-04
   8.69659781E-02   4.77867946E-03   1.57655653E-04
   8.72515813E-02   4.42693010E-03   1.57633665E-04
   8.75371844E-02   4.83590737E-03   1.58999348E-04
   8.78227875E-02   4.68859449E-03   1.56305046E-04
   8.81083906E-02   4.44413722E-03   1.57018629E-04
   8.83939937E-02   4.90566716E-03   1.56850452E-04
   8.86795968E-02   4.74603102E-03   1.57862043E-04
   8.89651924E-02   4.51266021E-03   1.56383481E-04
   8.92507955E-02   4.49171290E-03   1.54714173E-04
   8.95363986E-02   4.46971133E-03   1.56593829E-04
   8.98220018E-02   4.15804610E-03   1.54715322E-04
   9.01076049E-02   4.07841429E-03   1.55630885E-04
   9.03932080E-02   4.38504666E-03   1.54249574E-04
   9.06788111E-02   4.34500724E-03   1.54538022E-04
   9.09644142E-02   4.51413542E-03   1.56203445E-04
   9.12500173E-02   4.26967442E-03   1.54940499E-04
   9.15356204E-02   4.25994024E-03   1.53538160E-04
   9.18212235E-02   4.07822803E-03   1.52388122E-04
   9.21068266E-02   4.15443256E-03   1.54375564E-04
   9.23924297E-02   4.20869514E-03   1.54509762E-04
   9.26780328E-02   3.76462936E-03   1.52783556E-04
   9.29636285E-02   3.98220494E-03   1.52530207E-04
   9.32492316E-02   4.04112041E-03   1.52434164E-04
   9.35348347E-02   4.04792279E-03   1.53445508E-04
   9.38204378E-02   3.84478271E-03   1.51606975E-04
   9.41060409E-02   3.90586630E-03   1.51419401E-04
   9.43916440E-02   3.99693102E-03   1.52104083E-04
   9.46772471E-02   3.93826142E-03   1.51969289E-04
   9.49628502E-02   3.89248878E-03   1.52468550E-04
   9.52484533E-02   3.79363820E-03   1.49659070E-04
   9.55340564E-02   3.86213511E-03   1.51565575E-04
   9.58196595E-02   3.70745733E-03   1.50675100E-04
   9.61052626E-02   3.76114249E-03   1.51380606E-04
   9.63908657E-02   3.76539305E-03   1.49807413E-04
   9.66764614E-02   3.67865339E-03   1.49707412E-04
   9.69620645E-02   3.71201709E-03   1.49992062E-04
   9.72476676E-02   3.77001986E-03   1.49918211E-04
   9.75332707E-02   3.52923572E-03   1.48704697E-04
   9.78188738E-02   3.80218029E-03   1.50314212E-04
   9.81044769E-02   3.46353650E-03   1.48623571E-04
   9.83900800E-02   3.40622291E-03   1.50536318E-04
   9.86756831E-02   3.32271680E-03   1.47097089E-04
   9.89612862E-02   3.47230211E-03   1.47811632E-04
   9.92468894E-02   3.17962840E-03   1.47665967E-04
   9.95324925E-02   3.49746272E-03   1.48418985E-04
   9.98180956E-02   3.37314978E-03   1.48328341E-04
  0.100103699       3.23443487E-03   1.47070969E-04
  0.100389294       3.37998196E-03   1.46529681E-04
  0.100674897       3.48759815E-03   1.47928193E-04
  0.100960501       3.07583064E-03   1.46987353E-04
  0.101246104       2.87037343E-03   1.45939513E-04
  0.101531707       2.85897404E-03   1.45537968E-04
  0.101817310       3.05527076E-03   1.46821374E-04
  0.102102913       3.09486315E-03   1.46429447E-04
  0.102388516       3.12225148E-03   1.45389509E-04
  0.102674119       2.97067687E-03   1.45679092E-04
  0.102959722       3.20126489E-03   1.45583341E-04
  0.103245325       3.03273275E-03   1.45449798E-04
  0.103530928       3.22207063E-03   1.46403996E-04
  0.103816532       2.87440792E-03   1.43773039E-04
  0.104102135       2.74485350E-03   1.44640784E-04
  0.104387730       3.01523134E-03   1.43821104E-04
  0.104673333       2.95294821E-03   1.45435348E-04
  0.104958937       3.04458290E-03   1.43763013E-04
  0.105244540       3.02227587E-03   1.44398058E-04
  0.105530143       2.91121006E-03   1.44795034E-04
  0.105815746       3.16273794E-03   1.43510828E-04
  0.106101349       2.78989971E-03   1.42968565E-04
  0.106386952       2.67057121E-03   1.42406541E-04
  0.106672555       2.55224481E-03   1.43732046E-04
  0.106958158       2.77732313E-03   1.43972866E-04
  0.107243761       2.83105671E-03   1.41884477E-04
  0.107529365       2.56096199E-03   1.42663790E-04
  0.107814968       2.46713310E-03   1.42114397E-04
  0.108100563       2.96175852E-03   1.42652774E-04
  0.108386166       2.58418173E-03   1.42305304E-04
  0.108671769       2.71715224E-03   1.42114252E-04
  0.108957373       2.41623074E-03   1.41201861E-04
  0.109242976       2.84903497E-03   1.42262696E-04
  0.109528579       2.54264101E-03   1.45786573E-04
  0.109814182       2.57422775E-03   1.45342012E-04
  0.110099785       2.24978104E-03   1.47560146E-04
  0.110385388       2.31193379E-03   1.48588137E-04
  0.110670991       2.58028507E-03   1.50330263E-04
  0.110956594       2.50180066E-03   1.50652748E-04
  0.111242197       2.55931169E-03   1.51412227E-04
  0.111527801       2.26245448E-03   1.52513137E-04
  0.111813404       2.50777230E-03   1.54435998E-04
  0.112098999       2.60152295E-03   1.54996247E-04
  0.112384602       2.53819302E-03   1.55800837E-04
  0.112670206       2.29322165E-03   1.55387635E-04
  0.112955809       2.51575932E-03   1.58148250E-04
  0.113241412       2.28371844E-03   1.56507507E-04
  0.113527015       2.31073424E-03   1.53540735E-04
  0.113812618       2.34810635E-03   1.53551824E-04
  0.114098221       2.20979378E-03   1.50614651E-04
  0.114383824       2.26491317E-03   1.51625383E-04
  0.114669427       2.63202563E-03   1.49442145E-04
  0.114955030       2.11612508E-03   1.48808438E-04
  0.115240633       2.34198198E-03   1.48283361E-04
  0.115526237       2.11482868E-03   1.47772982E-04
  0.115811840       2.11693347E-03   1.47511862E-04
  0.116097435       2.18779221E-03   1.44560327E-04
  0.116383038       2.04720348E-03   1.46784805E-04
  0.116668642       2.34059989E-03   1.45455939E-04
  0.116954245       2.28192285E-03   1.45276936E-04
  0.117239848       2.12523714E-03   1.45830752E-04
  0.117525451       2.17252970E-03   1.43423356E-04
  0.117811054       2.13736296E-03   1.45235128E-04
  0.118096657       1.98666379E-03   1.42543999E-04
  0.118382260       2.07158551E-03   1.43409139E-04
  0.118667863       2.14519352E-03   1.43195837E-04
  0.118953466       1.96352229E-03   1.42597593E-04
  0.119239070       1.82909518E-03   1.42884295E-04
  0.119524673       2.01201066E-03   1.41433193E-04
  0.119810268       1.93443894E-03   1.41637225E-04
  0.120095871       2.14943290E-03   1.41904660E-04
  0.120381474       1.95768476E-03   1.40111020E-04
  0.120667078       1.98473036E-03   1.40997334E-04
  0.120952681       2.16416270E-03   1.38096118E-04
  0.121238284       1.86996907E-03   1.39570824E-04
  0.121523887       1.90198421E-03   1.38726595E-04
  0.121809490       1.78986788E-03   1.37947223E-04
  0.122095093       1.85564905E-03   1.38797419E-04
  0.122380696       1.75723433E-03   1.36973482E-04
  0.122666299       1.73890591E-03   1.36927512E-04
  0.122951902       1.74086913E-03   1.35855007E-04
  0.123237506       1.48357078E-03   1.36209972E-04
  0.123523109       1.56468153E-03   1.35575276E-04
  0.123808704       1.67366862E-03   1.35814669E-04
  0.124094307       1.70733407E-03   1.36531657E-04
  0.124379911       1.86686218E-03   1.34840098E-04
  0.124665514       1.82214379E-03   1.35083159E-04
  0.124951117       1.57998875E-03   1.35148162E-04
  0.125236720       1.59679726E-03   1.35389753E-04
  0.125522330       1.66637078E-03   1.35959883E-04
  0.125807926       1.58444047E-03   1.33910857E-04
  0.126093522       1.57852471E-03   1.35035487E-04
  0.126379132       1.65741146E-03   1.34145812E-04
  0.126664728       1.48914754E-03   1.37734343E-04
  0.126950338       1.64581835E-03   1.40605494E-04
  0.127235934       1.42098963E-03   1.41140816E-04
  0.127521545       1.36640295E-03   1.43970246E-04
  0.127807140       1.44908950E-03   1.43107507E-04
  0.128092751       1.39427185E-03   1.45223428E-04
  0.128378347       1.65307522E-03   1.46103383E-04
  0.128663957       1.60684809E-03   1.46774255E-04
  0.128949553       1.44989043E-03   1.48093983E-04
  0.129235163       1.17586553E-03   1.47025625E-04
  0.129520759       1.51288882E-03   1.47931976E-04
  0.129806355       1.41315907E-03   1.48346604E-04
  0.130091965       1.45292282E-03   1.47707411E-04
  0.130377561       1.21868774E-03   1.49505155E-04
  0.130663171       1.38810650E-03   1.47977858E-04
  0.130948767       1.51584297E-03   1.49175758E-04
  0.131234378       1.47011876E-03   1.46879829E-04
  0.131519973       1.30223483E-03   1.48787498E-04
  0.131805584       1.34361163E-03   1.49242624E-04
  0.132091179       1.30884722E-03   1.49027706E-04
  0.132376790       1.35153159E-03   1.51595625E-04
  0.132662386       1.43000111E-03   1.49498839E-04
  0.132947996       1.19026750E-03   1.50446969E-04
  0.133233592       1.24862045E-03   1.50132895E-04
  0.133519188       1.29555911E-03   1.47468221E-04
  0.133804798       1.52950361E-03   1.45019090E-04
  0.134090394       1.46139041E-03   1.41540004E-04
  0.134376004       1.41894445E-03   1.41992990E-04
  0.134661600       1.40657276E-03   1.39829848E-04
  0.134947211       1.40352920E-03   1.39125754E-04
  0.135232806       1.30928308E-03   1.38779767E-04
  0.135518417       1.19541958E-03   1.36913135E-04
  0.135804012       1.32618099E-03   1.35880560E-04
  0.136089623       1.09834969E-03   1.35169917E-04
  0.136375219       1.22883543E-03   1.35332550E-04
  0.136660829       1.17604807E-03   1.34688598E-04
  0.136946425       1.14529580E-03   1.34348069E-04
  0.137232035       9.99670476E-04   1.34195972E-04
  0.137517631       1.17925927E-03   1.33718626E-04
  0.137803227       1.01350993E-03   1.34006550E-04
  0.138088837       1.11635774E-03   1.32532456E-04
  0.138374433       1.01821497E-03   1.33029360E-04
  0.138660043       1.02926046E-03   1.32908841E-04
  0.138945639       8.49984586E-04   1.32233617E-04
  0.139231250       1.08722597E-03   1.32938469E-04
  0.139516845       8.72328877E-04   1.31932917E-04
  0.139802456       1.12453476E-03   1.31453780E-04
  0.140088052       9.63721424E-04   1.31969602E-04
  0.140373662       9.66962427E-04   1.31460431E-04
  0.140659258       1.12077221E-03   1.31719702E-04
  0.140944868       1.00347772E-03   1.30424713E-04
  0.141230464       1.22423097E-03   1.31814013E-04
  0.141516060       1.11848488E-03   1.30981905E-04
  0.141801670       9.59280878E-04   1.30581451E-04
  0.142087266       1.16882473E-03   1.31108623E-04
  0.142372876       1.29905716E-03   1.29618216E-04
  0.142658472       9.35867429E-04   1.30572778E-04
  0.142944083       8.71695578E-04   1.29958979E-04
  0.143229678       9.76156443E-04   1.29565422E-04
  0.143515289       7.31188804E-04   1.30033208E-04
  0.143800884       6.79515302E-04   1.28241343E-04
  0.144086495       8.00598413E-04   1.29639142E-04
  0.144372091       9.52456146E-04   1.28491723E-04
  0.144657701       8.07639211E-04   1.28982370E-04
  0.144943297       9.83655453E-04   1.28774278E-04
  0.145228893       8.64379108E-04   1.27878317E-04
  0.145514503       5.12085855E-04   1.28991087E-04
  0.145800099       8.75413418E-04   1.27043852E-04
  0.146085709       8.34595412E-04   1.28878441E-04
  0.146371305       1.03857368E-03   1.28455344E-04
  0.146656916       6.71267509E-04   1.27568361E-04
  0.146942511       8.31194222E-04   1.27694831E-04
  0.147228122       9.99212265E-04   1.26483297E-04
  0.147513717       7.28677958E-04   1.27438267E-04
  0.147799328       6.88865781E-04   1.27361607E-04
  0.148084924       9.05014575E-04   1.27110005E-04
  0.148370534       6.43502921E-04   1.27228355E-04
  0.148656130       8.44452530E-04   1.26689221E-04
  0.148941740       8.30516219E-04   1.27324252E-04
  0.149227336       7.06236809E-04   1.26176470E-04
  0.149512932       6.22346997E-04   1.25807594E-04
  0.149798542       7.77143985E-04   1.26542844E-04
  0.150084138       7.77229667E-04   1.25824881E-04
  0.150369748       7.80694187E-04   1.26266255E-04
  0.150655344       8.41081142E-04   1.25037433E-04
  0.150940955       6.51597977E-04   1.26027502E-04
  0.151226550       6.79943711E-04   1.25410384E-04
  0.151512161       7.92574137E-04   1.25805993E-04
  0.151797757       8.77745450E-04   1.25517225E-04
  0.152083367       8.21847469E-04   1.24431695E-04
  0.152368963       6.27182424E-04   1.25537001E-04
  0.152654573       6.48066401E-04   1.24390077E-04
  0.152940169       6.84693456E-04   1.24667655E-04
  0.153225765       7.09559768E-04   1.24237733E-04
  0.153511375       6.11253083E-04   1.24587546E-04
  0.153796971       6.59521669E-04   1.24580503E-04
  0.154082581       4.55163419E-04   1.23411082E-04
  0.154368177       6.70302659E-04   1.24555678E-04
  0.154653788       6.31570816E-04   1.23782069E-04
  0.154939383       6.54704869E-04   1.23940088E-04
  0.155224994       6.52939081E-04   1.23443693E-04
  0.155510589       6.95437193E-04   1.23355043E-04
  0.155796200       4.37285751E-04   1.23429185E-04
  0.156081796       6.06507063E-04   1.23449587E-04
  0.156367406       5.79517335E-04   1.23517399E-04
  0.156653002       5.98188490E-04   1.23055725E-04
  0.156938598       6.54593110E-04   1.22654048E-04
  0.157224208       6.84421510E-04   1.23061764E-04
  0.157509804       5.92939556E-04   1.22685713E-04
  0.157795414       5.29255718E-04   1.22280457E-04
  0.158081010       6.13417476E-04   1.23002596E-04
  0.158366621       6.14587218E-04   1.22123514E-04
  0.158652216       7.09116459E-04   1.22783618E-04
  0.158937827       6.54216856E-04   1.21500037E-04
  0.159223422       7.32541084E-04   1.22228434E-04
  0.159509033       7.52381980E-04   1.22435842E-04
  0.159794629       4.35970724E-04   1.21668993E-04
  0.160080239       2.25279480E-04   1.21842735E-04
  0.160365835       5.67361712E-04   1.20894205E-04
  0.160651445       5.98389655E-04   1.21587422E-04
  0.160937041       5.08766621E-04   1.21558303E-04
  0.161222637       5.06244600E-04   1.21253324E-04
  0.161508247       5.90790063E-04   1.21099001E-04
  0.161793843       5.97465783E-04   1.21304307E-04
  0.162079453       4.94211912E-04   1.21083816E-04
  0.162365049       5.27448952E-04   1.20726814E-04
  0.162650660       4.66901809E-04   1.20102690E-04
  0.162936255       5.61974943E-04   1.20751152E-04
  0.163221866       5.30622900E-04   1.20982186E-04
  0.163507462       3.80370766E-04   1.20452562E-04
  0.163793072       5.31371683E-04   1.19796387E-04
  0.164078668       6.41427934E-04   1.20351782E-04
  0.164364278       4.49012965E-04   1.19660464E-04
  0.164649874       5.58257103E-04   1.20434626E-04
  0.164935470       2.85014510E-04   1.19734017E-04
  0.165221080       2.69491225E-04   1.19390774E-04
  0.165506676       1.65063888E-04   1.19769298E-04
  0.165792286       3.40376049E-04   1.18888383E-04
  0.166077882       4.38749790E-04   1.19623321E-04
  0.166363493       5.49379736E-04   1.19270022E-04
  0.166649088       3.61528248E-04   1.19460077E-04
  0.166934699       4.84813005E-04   1.19326018E-04
  0.167220294       5.00984490E-04   1.18668875E-04
  0.167505905       7.11027533E-04   1.19080723E-04
  0.167791501       3.61517072E-04   1.18625998E-04
  0.168077111       4.55200672E-04   1.19035627E-04
  0.168362707       2.55335122E-04   1.17851974E-04
  0.168648303       3.21134925E-04   1.17367184E-04
  0.168933913       5.21641225E-04   1.18251868E-04
  0.169219509       3.16698104E-04   1.17440773E-04
  0.169505119       3.38006765E-04   1.17199081E-04
  0.169790715       2.78335065E-04   1.16820636E-04
  0.170076326       3.53462994E-04   1.17069649E-04
  0.170361921       3.52066010E-04   1.17154545E-04
  0.170647532       5.58227301E-04   1.16689909E-04
  0.170933127       3.12104821E-04   1.17185438E-04
  0.171218738       4.91879880E-04   1.16007461E-04
  0.171504334       2.51848251E-04   1.16994779E-04
  0.171789944       5.45751303E-04   1.17613818E-04
  0.172075540       3.40756029E-04   1.15318246E-04
  0.172361135       1.89650804E-04   1.16238676E-04
  0.172646746       3.71851027E-04   1.16037598E-04
  0.172932342       5.74424863E-04   1.16944422E-04
  0.173217952       1.98431313E-04   1.16371753E-04
  0.173503548       2.88438052E-04   1.15664618E-04
  0.173789158       2.08735466E-04   1.16487492E-04
  0.174074754       2.56489962E-04   1.15637427E-04
  0.174360365       2.48428434E-04   1.16664596E-04
  0.174645960       2.19047070E-04   1.16294686E-04
  0.174931571       2.93683261E-04   1.15450865E-04
  0.175217167       2.77232379E-04   1.17028685E-04
  0.175502777       3.97745520E-04   1.15541072E-04
  0.175788373       1.74630433E-04   1.16563890E-04
  0.176073983       2.02786177E-04   1.15266026E-04
  0.176359579       3.85001302E-04   1.16850846E-04
  0.176645175       2.75708735E-04   1.15656097E-04
  0.176930785       1.28474087E-04   1.15181589E-04
  0.177216381       3.98520380E-04   1.15869239E-04
  0.177501991       2.07927078E-04   1.15197705E-04
  0.177787587       5.30365855E-04   1.16563620E-04
  0.178073198       2.35848129E-04   1.15286297E-04
  0.178358793       3.01267952E-04   1.15157622E-04
  0.178644404       2.96860933E-04   1.15119379E-04
  0.178929999       7.97137618E-05   1.14906412E-04
  0.179215610       2.84802169E-04   1.15042363E-04
  0.179501206       3.40588391E-04   1.15264782E-04
  0.179786816       3.11817974E-04   1.14924173E-04
  0.180072412       2.33460218E-04   1.15424373E-04
  0.180358008       2.41782516E-04   1.13652699E-04
  0.180643618       1.66807324E-04   1.14728493E-04
  0.180929214       1.92988664E-04   1.14445844E-04
  0.181214824       2.63590366E-04   1.14518247E-04
  0.181500420       4.28538769E-04   1.14678391E-04
  0.181786031       4.52391803E-04   1.14328264E-04
  0.182071626       2.84612179E-04   1.14136601E-04
  0.182357237       4.92319465E-04   1.14420553E-04
  0.182642832       2.31374055E-04   1.13775772E-04
  0.182928443       2.44572759E-04   1.14378468E-04
  0.183214039       2.37233937E-04   1.14378709E-04
  0.183499649       3.48683447E-04   1.13877810E-04
  0.183785245       1.77465379E-04   1.13641901E-04
  0.184070840       1.08052045E-04   1.12939626E-04
  0.184356451       2.72069126E-04   1.14087758E-04
  0.184642047       2.81948596E-04   1.13469512E-04
  0.184927657       1.32042915E-04   1.13307324E-04
  0.185213253       2.93575227E-04   1.13366696E-04
  0.185498863       2.67349184E-04   1.13302325E-04
  0.185784459       1.35403126E-04   1.12947848E-04
  0.186070070       2.48275697E-04   1.13578673E-04
  0.186355665       3.06781381E-04   1.12921218E-04
  0.186641276       1.50375068E-04   1.12483176E-04
  0.186926872       1.74771994E-04   1.12900125E-04
  0.187212482       3.11538577E-04   1.14352813E-04
  0.187498078       2.70999968E-04   1.16678406E-04
  0.187783673       2.29634345E-04   1.17962532E-04
  0.188069284      -2.61552632E-05   1.19717413E-04
  0.188354880       3.21645290E-04   1.20210279E-04
  0.188640490       3.74324620E-04   1.20489771E-04
  0.188926086       2.83554196E-04   1.22327081E-04
  0.189211696       2.52876431E-04   1.22275873E-04
  0.189497292      -1.58399343E-05   1.22589408E-04
  0.189782903       1.63637102E-04   1.22754529E-04
  0.190068498       1.01432204E-04   1.23059872E-04
  0.190354109       2.47646123E-04   1.24546365E-04
  0.190639704       1.24424696E-04   1.22894737E-04
  0.190925315       1.92061067E-04   1.24655155E-04
  0.191210911       2.78722495E-04   1.23977312E-04
  0.191496521       1.84688717E-04   1.24873623E-04
  0.191782117       1.27296895E-04   1.25528677E-04
  0.192067713       1.12954527E-04   1.23233549E-04
  0.192353323       5.66579401E-05   1.25424471E-04
  0.192638919       6.93760812E-05   1.25067570E-04
  0.192924529       1.94150954E-04   1.25719962E-04
  0.193210125       1.75386667E-04   1.25695587E-04
  0.193495736       2.80912966E-04   1.25342049E-04
  0.193781331       3.01670283E-04   1.27222622E-04
  0.194066942       1.79909170E-04   1.23237944E-04
  0.194352537       2.69625336E-04   1.22074169E-04
  0.194638148       1.44369900E-04   1.19282646E-04
  0.194923744      -6.06849790E-05   1.17928728E-04
  0.195209354       1.51868910E-04   1.18289958E-04
  0.195494950       7.07730651E-05   1.15793038E-04
  0.195780545       3.00951302E-04   1.16280760E-04
  0.196066156       8.82707536E-05   1.15449642E-04
  0.196351752       7.80448318E-05   1.15490184E-04
  0.196637362       2.01389194E-04   1.16130133E-04
  0.196922958       2.66015530E-04   1.13451875E-04
  0.197208568       2.69919634E-04   1.14841911E-04
  0.197494164      -2.84612179E-05   1.14414805E-04
  0.197779775       8.30776989E-05   1.14112758E-04
  0.198065370       2.22500414E-04   1.14118899E-04
  0.198350981       1.56581402E-04   1.13439513E-04
  0.198636577       9.53413546E-05   1.14179486E-04
  0.198922187       7.64802098E-05   1.13548318E-04
  0.199207783       1.21094286E-04   1.13025293E-04
  0.199493378      -1.22718513E-04   1.12449350E-04
  0.199778989       2.67490745E-04   1.13561364E-04
  0.200064585       1.82844698E-04   1.13466951E-04
  0.200350195       1.37597322E-04   1.12773814E-04
  0.200635791       4.73264605E-04   1.12654452E-04
  0.200921401      -1.49421394E-05   1.12435562E-04
  0.201206997       2.82865018E-04   1.13176349E-04
  0.201492608       5.49107790E-06   1.12062888E-04
  0.201778203       2.52798200E-05   1.12002628E-04
  0.202063814       9.48384404E-05   1.12095266E-04
  0.202349409       1.69750303E-04   1.11717418E-04
  0.202635020      -2.00308859E-05   1.12342736E-04
  0.202920616       2.34387815E-04   1.11391979E-04
  0.203206211       2.87756324E-04   1.12249880E-04
  0.203491822       1.11054629E-04   1.11704707E-04
  0.203777418      -4.14177775E-05   1.10530877E-04
  0.204063028      -2.55927444E-05   1.11335044E-04
  0.204348624       8.75592232E-05   1.10765155E-04
  0.204634234       3.38517129E-04   1.11853245E-04
  0.204919830       9.15974379E-05   1.11480054E-04
  0.205205441       2.53468752E-05   1.10583234E-04
  0.205491036      -1.45211816E-05   1.10527428E-04
  0.205776647       3.43956053E-05   1.09893830E-04
  0.206062242       1.88130885E-04   1.11276087E-04
  0.206347853       7.53179193E-05   1.10311710E-04
  0.206633449       6.72563910E-05   1.10289729E-04
  0.206919059      -7.63013959E-05   1.10693720E-04
  0.207204655      -1.13610178E-04   1.09401743E-04
  0.207490250       8.29026103E-05   1.10626606E-04
  0.207775861       1.77510083E-05   1.09042674E-04
  0.208061457       8.51489604E-05   1.09822438E-04
  0.208347067       9.95025039E-06   1.10576446E-04
  0.208632663       1.77681446E-04   1.09382869E-04
  0.208918273       1.73635781E-04   1.09895947E-04
  0.209203869       4.46885824E-05   1.09216817E-04
  0.209489480       1.32046640E-04   1.09870271E-04
  0.209775075       2.12341547E-05   1.09358327E-04
  0.210060686       3.14787030E-05   1.09535882E-04
  0.210346282      -4.66406345E-06   1.09407381E-04
  0.210631892       1.78478658E-04   1.08836852E-04
  0.210917488       2.86597759E-04   1.09585766E-04
  0.211203083       1.59308314E-04   1.08462511E-04
  0.211488694       5.55850565E-05   1.09147710E-04
  0.211774290       1.96702778E-04   1.09607616E-04
  0.212059900       8.99769366E-05   1.08286127E-04
  0.212345496       1.91312283E-04   1.08926237E-04
  0.212631106       2.23819166E-04   1.08647022E-04
  0.212916702       1.39251351E-04   1.09057350E-04
  0.213202313       9.39145684E-06   1.08573135E-04
  0.213487908      -8.64788890E-05   1.07732092E-04
  0.213773519       7.03744590E-05   1.08555170E-04
  0.214059114      -1.60925090E-04   1.07575499E-04
  0.214344725      -7.43716955E-05   1.08260727E-04
  0.214630321      -9.24617052E-06   1.07571454E-04
  0.214915916       9.32961702E-05   1.07790853E-04
  0.215201527      -1.31316483E-05   1.08680477E-04
  0.215487123       8.46758485E-06   1.07376552E-04
  0.215772733       1.13964081E-04   1.07768959E-04
  0.216058329       1.63406134E-04   1.07792359E-04
  0.216343939      -5.64754009E-05   1.07511492E-04
  0.216629535       2.11391598E-04   1.07969427E-04
  0.216915146       5.15207648E-05   1.07054089E-04
  0.217200741       6.23501837E-05   1.07785287E-04
  0.217486352       5.11594117E-05   1.06973537E-04
  0.217771947       1.71583146E-04   1.07017877E-04
  0.218057558       1.10100955E-04   1.06932355E-04
  0.218343154      -1.24596059E-04   1.05676205E-04
  0.218628749       2.08839774E-05   1.07030151E-04
  0.218914360       2.01299787E-04   1.05460225E-04
  0.219199955       3.05660069E-04   1.06966254E-04
  0.219485566       5.58383763E-05   1.05675717E-04
  0.219771162       4.02331352E-06   1.06282234E-04
  0.220056772      -1.18076801E-04   1.05853367E-04
  0.220342368       7.94641674E-05   1.05668507E-04
  0.220627978      -1.33935362E-04   1.05626132E-04
  0.220913574       1.66367739E-04   1.05541403E-04
  0.221199185       9.28752124E-05   1.05713661E-04
  0.221484780      -2.72206962E-05   1.05660016E-04
  0.221770391       1.05537474E-05   1.05134786E-04
  0.222055987      -1.60675496E-04   1.05592226E-04
  0.222341597       1.01458281E-04   1.05162952E-04
  0.222627193       6.39110804E-05   1.05499377E-04
  0.222912788      -1.46497041E-04   1.04545834E-04
  0.223198399       1.08476728E-04   1.05433879E-04
  0.223483995      -2.00718641E-05   1.05519095E-04
  0.223769605       1.70618296E-04   1.04967454E-04
  0.224055201       1.22074038E-04   1.05507672E-04
  0.224340811       7.27586448E-05   1.05315346E-04
  0.224626407       8.24742019E-05   1.06213745E-04
  0.224912018      -2.79918313E-05   1.05174317E-04
  0.225197613      -3.32295895E-06   1.05241066E-04
  0.225483224       3.22498381E-04   1.06020081E-04
  0.225768819       2.71454453E-04   1.05062238E-04
  0.226054430       2.83908099E-04   1.05756422E-04
  0.226340026       1.06140971E-04   1.04454739E-04
  0.226625621       3.01089138E-04   1.05562714E-04
  0.226911232       7.05718994E-05   1.05257212E-04
  0.227196828       1.21414661E-04   1.04741513E-04
  0.227482438       4.40701842E-05   1.05112726E-04
  0.227768034       1.01968646E-04   1.04121995E-04
  0.228053644       1.11810863E-04   1.05296996E-04
  0.228339240      -3.55988741E-05   1.04439845E-04
  0.228624851       2.04958022E-04   1.04522012E-04
  0.228910446       4.42676246E-05   1.04671584E-04
  0.229196057       5.73955476E-05   1.03893137E-04
  0.229481652       1.06059015E-05   1.04788916E-04
  0.229767263       1.44992024E-04   1.04055049E-04
  0.230052859       7.13579357E-05   1.04277220E-04
  0.230338454      -6.50063157E-05   1.04233739E-04
  0.230624065       5.84833324E-05   1.04010163E-04
  0.230909660       4.03784215E-05   1.04452629E-04
  0.231195271       4.44427133E-06   1.03110913E-04
  0.231480867       1.14981085E-04   1.04039835E-04
  0.231766477       1.27270818E-04   1.04067847E-04
  0.232052073       2.11335719E-05   1.04116720E-04
  0.232337683       3.77371907E-06   1.03785795E-04
  0.232623279       4.42266464E-05   1.03278959E-04
  0.232908890       7.22557306E-05   1.03906794E-04
  0.233194485       2.86407769E-04   1.03749589E-04
  0.233480096       1.89840794E-04   1.03425285E-04
  0.233765692       1.64464116E-04   1.03937418E-04
  0.234051287       7.59921968E-05   1.02969228E-04
  0.234336898       2.65099108E-04   1.04246392E-04
  0.234622493       5.29251993E-05   1.02732665E-04
  0.234908104      -2.06362456E-04   1.02749342E-04
  0.235193700       3.97525728E-05   1.03522165E-04
  0.235479310       1.66222453E-04   1.03395934E-04
  0.235764906      -4.58247960E-05   1.03510924E-04
  0.236050516       5.78053296E-05   1.02186204E-04
  0.236336112       4.30695713E-04   1.03648570E-04
  0.236621723       2.08653510E-04   1.02730570E-04
  0.236907318      -6.83218241E-05   1.02942926E-04
  0.237192929      -7.83354044E-05   1.02914615E-04
  0.237478524       5.15095890E-05   1.02199170E-04
  0.237764135      -7.24643469E-05   1.03256309E-04
  0.238049731       1.18788332E-04   1.02479127E-04
  0.238335326      -2.50712037E-06   1.01757774E-04
  0.238620937       1.53679401E-04   1.02832004E-04
  0.238906533       7.93337822E-05   1.02472026E-04
  0.239192143      -9.94652510E-06   1.03039216E-04
  0.239477739       2.57845968E-04   1.01939469E-04
  0.239763349       1.28880143E-04   1.02332560E-04
  0.240048945       7.22892582E-05   1.02145379E-04
  0.240334556      -3.59080732E-05   1.02122962E-04
  0.240620151       3.36665660E-04   1.02653736E-04
  0.240905762      -4.52511013E-05   1.01137462E-04
  0.241191357       1.55061483E-04   1.02504877E-04
  0.241476968       2.37420201E-04   1.02062877E-04
  0.241762564       9.63583589E-05   1.01583828E-04
  0.242048159       1.09013170E-04   1.01960213E-04
  0.242333770       1.11680478E-04   1.01650214E-04
  0.242619365       1.14750117E-04   1.02194346E-04
  0.242904976      -2.03959644E-05   1.00975114E-04
  0.243190572      -4.06578183E-05   1.01065161E-04
  0.243476182       3.78452241E-05   1.01499551E-04
  0.243761778       6.48424029E-05   1.01641461E-04
  0.244047388      -3.96482646E-05   1.01452701E-04
  0.244332984       1.06710941E-04   1.00972517E-04
  0.244618595      -6.07892871E-05   1.01436934E-04
  0.244904190       1.82669610E-04   1.01315629E-04
  0.245189801       2.26683915E-04   1.01680715E-04
  0.245475397       1.15297735E-04   1.01299374E-04
  0.245760992       9.97893512E-05   1.00668702E-04
  0.246046603      -8.46572220E-05   1.00951278E-04
  0.246332198       8.22134316E-05   1.00660851E-04
  0.246617809       1.21507794E-04   1.00978919E-04
  0.246903405       6.87316060E-05   1.01099940E-04
  0.247189015       3.36132944E-05   1.00737161E-04
  0.247474611       1.38986856E-04   1.01035774E-04
  0.247760221       1.40137970E-04   1.00075798E-04
  0.248045817       1.65805221E-04   1.03110469E-04
  0.248331428      -6.23315573E-05   1.04138948E-04
  0.248617023      -6.28605485E-05   1.05589192E-04
  0.248902634       9.28044319E-05   1.06701220E-04
  0.249188229      -2.09733844E-05   1.06584535E-04
  0.249473825       4.62867320E-05   1.07924243E-04
  0.249759436       1.11985952E-04   1.08698470E-04
  0.250045031       1.74023211E-04   1.11068490E-04
  0.250330627       9.79453325E-05   1.12717309E-04
  0.250616252      -2.94297934E-05   1.14061389E-04
  0.250901848       6.26035035E-05   1.16068390E-04
  0.251187444      -5.53019345E-05   1.15922157E-04
  0.251473039      -9.83849168E-06   1.18076794E-04
  0.251758665       1.70517713E-04   1.19453391E-04
  0.252044261       2.45548785E-04   1.20946650E-04
  0.252329856       9.01259482E-05   1.22162121E-04
  0.252615452       6.78077340E-05   1.21902238E-04
  0.252901077       3.04736197E-04   1.23329315E-04
  0.253186673       1.58961862E-04   1.24113605E-04
  0.253472269       1.69314444E-04   1.26010302E-04
  0.253757864       3.54308635E-04   1.27039719E-04
  0.254043460       4.81568277E-05   1.27418622E-04
  0.254329085      -8.99620354E-05   1.28496962E-04
  0.254614681       3.32966447E-05   1.27773441E-04
  0.254900277       3.97387892E-04   1.30060289E-04
  0.255185872      -9.88245010E-05   1.29624197E-04
  0.255471498      -2.70381570E-05   1.30135042E-04
  0.255757093       9.15713608E-05   1.31978290E-04
  0.256042689       1.62485987E-04   1.30102067E-04
  0.256328285       2.12449580E-04   1.32560424E-04
  0.256613910       1.01305544E-04   1.31936729E-04
  0.256899506      -7.99074769E-06   1.33283480E-04
  0.257185102       1.79514289E-04   1.34434478E-04
  0.257470697       1.08696520E-04   1.33721886E-04
  0.257756293      -2.31448561E-04   1.34953181E-04
  0.258041918       2.00137496E-04   1.34213304E-04
  0.258327514       3.80475074E-04   1.36307877E-04
  0.258613110      -4.81493771E-05   1.36013361E-04
  0.258898705      -6.30319118E-05   1.36502524E-04
  0.259184331      -5.57266176E-05   1.36748145E-04
  0.259469926       6.56135380E-05   1.34882081E-04
  0.259755522       3.57329845E-05   1.37657684E-04
  0.260041118       6.18398190E-06   1.36623858E-04
  0.260326743       6.86794519E-05   1.36938761E-04
  0.260612339      -1.83086842E-04   1.36721777E-04
  0.260897934      -9.03755426E-05   1.37497191E-04
  0.261183530       8.81887972E-05   1.39315613E-04
  0.261469126      -1.17719173E-05   1.37690891E-04
  0.261754751       2.06679106E-05   1.39926226E-04
  0.262040347       1.19876117E-04   1.38901392E-04
  0.262325943      -9.10460949E-05   1.41068012E-04
  0.262611538       1.63190067E-04   1.41762372E-04
  0.262897164      -9.14931297E-05   1.38722753E-04
  0.263182759      -4.35411930E-05   1.42743418E-04
  0.263468355      -3.57106328E-05   1.40883902E-04
  0.263753951      -2.06343830E-05   1.44092293E-04
  0.264039576       8.34539533E-05   1.42329372E-04
  0.264325172       1.84744596E-04   1.41651544E-04
  0.264610767      -1.53221190E-04   1.45603044E-04
  0.264896363       3.21045518E-05   1.43304831E-04
  0.265181959      -1.04103237E-04   1.44210091E-04
  0.265467584       1.49834901E-04   1.44726000E-04
  0.265753180       1.77685171E-04   1.45647675E-04
  0.266038775       1.73904002E-04   1.48610692E-04
  0.266324371      -2.27339566E-04   1.43718295E-04
  0.266609997      -2.60356814E-04   1.46557970E-04
  0.266895592       1.81384385E-05   1.47496030E-04
  0.267181188       2.44073570E-04   1.48436011E-04
  0.267466784      -1.18836761E-05   1.50048349E-04
  0.267752409      -5.27277589E-05   1.47073515E-04
  0.268038005      -7.76462257E-05   1.48953535E-04
  0.268323600       1.10331923E-04   1.50528736E-04
  0.268609196       2.96287239E-04   1.50071413E-04
  0.268894792      -6.01969659E-05   1.50607870E-04
  0.269180417      -1.15234405E-04   1.49957545E-04
  0.269466013       1.56175345E-04   1.52173074E-04
  0.269751608      -6.98752701E-05   1.52877721E-04
  0.270037204       1.80687755E-04   1.50753593E-04
  0.270322829      -7.74674118E-05   1.53356610E-04
  0.270608425      -4.47444618E-05   1.52785084E-04
  0.270894021      -8.80062580E-05   1.55163361E-04
  0.271179616      -1.02970749E-04   1.52472247E-04
  0.271465242       5.61475754E-05   1.53886853E-04
  0.271750838       1.48784369E-04   1.54800277E-04
  0.272036433      -2.28498131E-04   1.55024987E-04
  0.272322029      -1.58052891E-04   1.53522211E-04
  0.272607625      -1.69254839E-04   1.54407608E-04
  0.272893250      -3.15122306E-05   1.55698450E-04
  0.273178846       2.41681933E-04   1.56472917E-04
  0.273464441       1.92224979E-05   1.55880465E-04
  0.273750037       1.53165311E-04   1.55313639E-04
  0.274035662       7.55786896E-05   1.57716233E-04
  0.274321258      -2.68679112E-04   1.58514857E-04
  0.274606854       4.10042703E-04   1.56446040E-04
  0.274892449      -1.11922622E-04   1.59338553E-04
  0.275178075       1.21183693E-04   1.57540795E-04
  0.275463670      -1.03399158E-04   1.60259631E-04
  0.275749266      -8.21352005E-05   1.59236981E-04
  0.276034862       1.24108046E-04   1.58996132E-04
  0.276320487       2.32841820E-04   1.63337871E-04
  0.276606083       9.06959176E-05   1.60135474E-04
  0.276891679      -1.12529844E-04   1.62301309E-04
  0.277177274       4.36242670E-04   1.62078097E-04
  0.277462870       2.73395330E-04   1.62879514E-04
  0.277748495       2.96004117E-04   1.65417005E-04
  0.278034091       4.33772802E-05   1.61793389E-04
  0.278319687       1.29271299E-04   1.65422549E-04
  0.278605282       9.38996673E-05   1.63827892E-04
  0.278890908      -5.62109053E-05   1.65281075E-04
  0.279176503       4.38578427E-05   1.64808225E-04
  0.279462099      -1.41847879E-04   1.65537873E-04
  0.279747695       3.75285745E-05   1.67782069E-04
  0.280033320      -1.18136406E-04   1.65538178E-04
  0.280318916       5.06602228E-05   1.68180632E-04
  0.280604511      -5.07049263E-05   1.66837592E-04
  0.280890107       2.54284590E-04   1.69140578E-04
  0.281175703       5.68006188E-04   1.69514184E-04
  0.281461328       9.77776945E-05   1.66283193E-04
  0.281746924       2.41320580E-04   1.69775856E-04
  0.282032520      -2.53845006E-04   1.66097176E-04
  0.282318115      -4.11458313E-05   1.68371960E-04
  0.282603741       1.32288784E-04   1.68712562E-04
  0.282889336      -2.94670463E-06   1.68503553E-04
  0.283174932      -8.56816769E-06   1.70091007E-04
  0.283460528      -7.72103667E-05   1.66444486E-04
  0.283746153      -1.80788338E-05   1.70185638E-04
  0.284031749       9.02637839E-06   1.68249258E-04
  0.284317344       3.27348709E-04   1.70765503E-04
  0.284602940      -3.69846821E-05   1.72487737E-04
  0.284888536       2.54031271E-04   1.69658873E-04
  0.285174161       2.82209367E-04   1.72941131E-04
  0.285459757       1.77085400E-04   1.71208201E-04
  0.285745353       7.18571246E-05   1.73308668E-04
  0.286030948       1.86420977E-04   1.73772496E-04
  0.286316574       2.94487923E-04   1.74925008E-04
  0.286602169       4.37084585E-04   1.76009606E-04
  0.286887765       5.39354980E-04   1.73909037E-04
  0.287173361       1.24208629E-04   1.76582296E-04
  0.287458986      -1.54823065E-04   1.74302171E-04
  0.287744582      -1.97097659E-04   1.77280119E-04
  0.288030177       1.16232783E-04   1.78268223E-04
  0.288315773      -4.32953238E-05   1.75031353E-04
  0.288601369       2.55145133E-04   1.80587507E-04
  0.288886994       2.15671957E-04   1.76347472E-04
  0.289172590      -1.80043280E-05   1.80782750E-04
  0.289458185       2.75555998E-04   1.78925635E-04
  0.289743781       2.76792794E-04   1.80345494E-04
  0.290029407       1.12712383E-04   1.84035278E-04
  0.290315002      -5.06117940E-05   1.77142807E-04
  0.290600598       7.79628754E-05   1.84529214E-04
  0.290886194       8.40574503E-05   1.80176750E-04
  0.291171819       1.88332051E-04   1.83305252E-04
  0.291457415       1.08778477E-04   1.86111327E-04
  0.291743010       3.64784151E-04   1.82245873E-04
  0.292028606       1.45595521E-04   1.87138736E-04
  0.292314202       1.11863017E-04   1.82627788E-04
  0.292599827      -6.45220280E-06   1.87163314E-04
  0.292885423       1.40577555E-04   1.86650592E-04
  0.293171018       2.15455890E-04   1.87203856E-04
  0.293456614      -2.03594565E-04   1.88274440E-04
  0.293742239       1.64851546E-04   1.85991623E-04
  0.294027835       9.61907208E-05   1.90215855E-04
  0.294313431       3.95588577E-05   1.88828111E-04
  0.294599026      -1.00992620E-04   1.88726219E-04
  0.294884652      -2.59835273E-04   1.90354927E-04
  0.295170248       1.76955014E-04   1.91188301E-04
  0.295455843       2.38504261E-04   1.92802443E-04
  0.295741439       1.48549676E-04   1.89996688E-04
  0.296027035      -2.03948468E-04   1.94105960E-04
  0.296312660       5.57675958E-05   1.92453896E-04
  0.296598256      -2.59049237E-04   1.95231958E-04
  0.296883851       1.27956271E-04   1.96458510E-04
  0.297169447       3.08252871E-04   1.92570951E-04
  0.297455072      -4.87118959E-05   1.98858557E-04
  0.297740668       3.55649740E-04   1.95264947E-04
  0.298026264       1.43699348E-04   2.00063369E-04
  0.298311859      -1.15111470E-04   1.98828842E-04
  0.298597485      -1.57918781E-04   1.95258763E-04
  0.298883080       3.05585563E-04   2.03384727E-04
  0.299168676       4.48469073E-04   1.98197667E-04
  0.299454272      -3.19555402E-05   2.02605224E-04
  0.299739867      -7.82683492E-05   2.00569921E-04
  0.300025493       4.92967665E-05   2.01897870E-04
  0.300311089       1.21776015E-04   2.06631477E-04
  0.300596684       1.99601054E-05   1.99805858E-04
  0.300882280      -7.08624721E-05   2.07292658E-04
  0.301167905       8.39680433E-05   2.02455922E-04
  0.301453501      -1.59502029E-04   2.06607801E-04
  0.301739097      -4.56955284E-04   2.06464843E-04
  0.302024692       4.84287739E-07   2.04380136E-04
  0.302310318       9.33818519E-05   2.12701081E-04
  0.302595913      -2.51375139E-04   2.04088254E-04
  0.302881509       3.16351652E-05   2.11591178E-04
  0.303167105       2.61187553E-04   2.10299884E-04
  0.303452700       8.41021538E-05   2.11260034E-04
  0.303738326       2.50898302E-05   2.15485619E-04
  0.304023921      -5.02914190E-05   2.07628545E-04
  0.304309517       2.56184489E-04   2.17777895E-04
  0.304595113       1.86868012E-04   2.11657170E-04
  0.304880738       2.51986086E-04   2.16831046E-04
  0.305166334       2.74527818E-04   2.17337292E-04
  0.305451930       5.83194196E-05   2.14922969E-04
  0.305737525       3.41795385E-05   2.21123439E-04
  0.306023151       4.95702028E-04   2.14426575E-04
  0.306308746      -1.53891742E-05   2.21068549E-04
  0.306594342       2.18566507E-04   2.20668240E-04
  0.306879938       3.53481621E-04   2.20648479E-04
  0.307165563      -2.63433903E-04   2.25912212E-04
  0.307451159       2.93839723E-04   2.20267320E-04
  0.307736754       2.22969800E-04   2.26816279E-04
  0.308022350      -3.53921205E-04   2.20128917E-04
  0.308307946      -2.73045152E-04   2.27238692E-04
  0.308593571       4.59678471E-04   2.28840086E-04
  0.308879167       7.96057284E-05   2.24062940E-04
  0.309164762      -8.65422189E-05   2.32275052E-04
  0.309450358      -5.62567264E-04   2.23004274E-04
  0.309735984       2.23554671E-05   2.32658538E-04
  0.310021579      -2.97978520E-04   2.28588659E-04
  0.310307175       2.76118517E-04   2.32215360E-04
  0.310592771      -5.35361469E-05   2.37623157E-04
  0.310878396      -5.23962080E-05   2.27448530E-04
  0.311163992      -1.76157802E-04   2.37791304E-04
  0.311449587       3.16884369E-04   2.33171857E-04
  0.311735183       8.03321600E-05   2.39392277E-04
  0.312020779       4.05188650E-04   2.40327310E-04
  0.312306404       2.08653510E-05   2.37369721E-04
  0.312592000       1.06863678E-04   2.43606846E-04
  0.312877595       1.72108412E-04   2.35924977E-04
  0.313163191       4.69475985E-04   2.42961207E-04
  0.313448817      -1.20650977E-04   2.39334957E-04
  0.313734412       1.77327543E-04   2.39754707E-04
  0.314020008       7.72252679E-06   2.45715055E-04
  0.314305604       6.42947853E-05   2.33071274E-04
  0.314591229       1.21604651E-04   2.43651884E-04
  0.314876825       2.10020691E-04   2.38641675E-04
  0.315162420       3.99190933E-04   2.41463160E-04
  0.315448016       3.11374664E-04   2.43499526E-04
  0.315733612      -6.58258796E-05   2.37775748E-04
  0.316019237      -2.47057527E-04   2.44994153E-04
  0.316304833       5.47315925E-04   2.36860913E-04
  0.316590428       1.72741711E-05   2.44338065E-04
  0.316876024       8.84905457E-05   2.41257498E-04
  0.317161649      -3.41869891E-05   2.44303141E-04
  0.317447245       4.66335565E-04   2.48920231E-04
  0.317732841      -2.70973891E-04   2.38986075E-04
  0.318018436      -1.22468919E-04   2.48975033E-04
  0.318304062       1.38059258E-04   2.45271251E-04
  0.318589658      -3.14842910E-04   2.48593540E-04
  0.318875253       1.26063824E-04   2.51040183E-04
  0.319160849      -2.64722854E-04   2.48725701E-04
  0.319446445       1.16668642E-04   2.58661865E-04
  0.319732070       4.37315553E-04   2.47771706E-04
  0.320017666      -5.86211681E-05   2.59653199E-04
  0.320303261      -2.47381628E-04   2.52916449E-04
  0.320588857      -6.88433647E-06   2.57975713E-04
  0.320874482       2.78867781E-04   2.65529437E-04
  0.321160078       2.45124102E-05   2.52738217E-04
  0.321445674      -1.10417604E-05   2.64951785E-04
  0.321731269       5.68684191E-04   2.59287626E-04
  0.322016895       7.30939209E-05   2.68274453E-04
  0.322302490      -9.06735659E-05   2.63093796E-04
  0.322588086      -1.92645937E-04   2.63385649E-04
  0.322873682       9.66265798E-05   2.75433616E-04
  0.323159277      -5.42543828E-04   2.58549233E-04
  0.323444903      -3.05954367E-04   2.77530227E-04
  0.323730499      -5.42663038E-05   2.67031370E-04
  0.324016094      -5.49219549E-04   2.73824931E-04
  0.324301690       1.96918845E-05   2.85484246E-04
  0.324587315      -2.00759619E-04   2.64994451E-04
  0.324872911      -3.04024667E-04   2.83075904E-04
  0.325158507      -2.28896737E-04   2.72579549E-04
  0.325444102      -2.06746161E-04   2.85041227E-04
  0.325729728       1.54957175E-04   2.81808665E-04
  0.326015323      -4.69285995E-04   2.80979380E-04
  0.326300919       5.95375896E-04   2.98058992E-04
  0.326586515      -8.48993659E-06   2.79452914E-04
  0.326872110      -3.29431146E-04   2.92822515E-04
  0.327157736       2.52999365E-04   2.86414695E-04
  0.327443331      -4.92073596E-05   2.95000995E-04
  0.327728927       2.10631639E-04   3.02569737E-04
  0.328014523       3.51853669E-04   2.88790296E-04
  0.328300148      -3.64445150E-05   3.09242081E-04
  0.328585744      -1.99161470E-04   2.89413700E-04
  0.328871340      -6.04983419E-04   3.06123256E-04
  0.329156935      -1.48970634E-04   3.00990621E-04
  0.329442561       3.46761197E-04   3.06775066E-04
  0.329728156       8.19750130E-04   3.24878085E-04
  0.330013752       4.06239182E-04   2.98719358E-04
  0.330299348       1.12019479E-05   3.22780019E-04
  0.330584943       8.03109258E-04   3.09301104E-04
  0.330870569      -1.76016241E-04   3.19429731E-04
  0.331156164       1.33700669E-04   3.26285313E-04
  0.331441760       1.86648220E-04   3.13797966E-04
  0.331727356       3.95212322E-04   3.39709164E-04
  0.332012981      -2.68831849E-04   3.11716023E-04
  0.332298577      -5.38147986E-04   3.33956617E-04
  0.332584172       2.08057463E-05   3.25192843E-04
  0.332869768      -1.56674534E-04   3.35422694E-04
  0.333155394       2.02272087E-04   3.54497693E-04
  0.333440989       3.52770090E-04   3.24209628E-04
  0.333726585       1.59855932E-04   3.54435062E-04
  0.334012181       8.01570714E-05   3.34488694E-04
  0.334297776       2.38083303E-05   3.52981762E-04
  0.334583402      -2.73484737E-04   3.53055424E-04
  0.334868997      -4.45306301E-04   3.43009771E-04
  0.335154593       3.49443406E-04   3.78696393E-04
  0.335440189      -2.92919576E-05   3.41422419E-04
  0.335725814       1.15994364E-04   3.74135590E-04
  0.336011410       9.66563821E-05   3.59978323E-04
  0.336297005       5.74383885E-04   3.73626448E-04
  0.336582601       1.84081495E-04   3.97102413E-04
  0.336868227       1.40376389E-04   3.53252079E-04
  0.337153822      -2.13418156E-04   3.95086885E-04
  0.337439418       2.68854201E-05   3.72023904E-04
  0.337725013      -5.58793545E-05   3.96213873E-04
  0.338010639      -1.73337758E-05   3.96570016E-04
  0.338296235       5.90115786E-04   3.87663982E-04
  0.338581830      -4.06093895E-05   4.29550448E-04
  0.338867426       3.07206064E-04   3.78720317E-04
  0.339153022       4.28929925E-05   4.33803914E-04
  0.339438647      -1.95592642E-04   3.95946699E-04
  0.339724243       2.56624073E-04   4.29513399E-04
  0.340009838       1.47521496E-04   4.60258889E-04
  0.340295434      -3.37462872E-04   3.94220464E-04
  0.340581059       4.96059656E-05   4.59898496E-04
  0.340866655      -4.64301556E-04   4.17675619E-04
  0.341152251       4.48990613E-04   4.60794050E-04
  0.341437846       3.71880829E-04   4.51079453E-04
  0.341723472      -1.31059438E-04   4.51651227E-04
  0.342009068      -1.09875575E-03   5.04986150E-04
  0.342294663       2.58468091E-04   4.36047034E-04
  0.342580259      -4.71800566E-04   4.97668923E-04
  0.342865855      -2.81590968E-04   4.69869992E-04
  0.343151480      -6.99985772E-04   4.88486781E-04
  0.343437076       1.72417611E-04   5.63011563E-04
  0.343722671       7.24952668E-04   4.60160605E-04
  0.344008267      -2.40504742E-04   5.99689374E-04
  0.344293892       1.76094472E-04   4.80491843E-04
  0.344579488       1.73643231E-04   5.84281806E-04
  0.344865084      -3.97369266E-04   5.35268802E-04
  0.345150679       1.47905201E-04   5.55271457E-04
  0.345436305      -2.67025083E-04   6.85230771E-04
  0.345721900       2.56795436E-04   4.96534398E-04
  0.346007496      -2.29422003E-04   7.19949021E-04
  0.346293092       2.45288014E-04   5.36560954E-04
  0.346578687       8.50092620E-04   7.26387836E-04
  0.346864313      -4.77634370E-04   6.52416260E-04
  0.347149909      -5.86882234E-05   6.35489589E-04
  0.347435504      -4.01034951E-04   8.13999563E-04
  0.347721100      -1.08420849E-04   6.00123196E-04
  0.348006725      -4.57491726E-04   8.71840282E-04
  0.348292321       1.10596046E-03   6.60190650E-04
  0.348577917       5.10472804E-04   9.66190244E-04
  0.348863512      -5.52795827E-04   9.79830511E-04
  0.349149138       6.67333603E-04   7.37779599E-04
