 # q,I,sigma
 # errors rescaled with constant factor:    1.31742954    
 # factor also written to scale_factor.d
   2.99882679E-03  0.852718353       9.86153334E-02
   3.28442943E-03  0.662077904       5.31743318E-02
   3.57003184E-03  0.772279918       4.52886447E-02
   3.85563448E-03  0.839288294       3.69937196E-02
   4.14123712E-03  0.787644744       2.98105814E-02
   4.42683976E-03  0.784526348       2.52843723E-02
   4.71244240E-03  0.823497057       2.30581649E-02
   4.99804458E-03  0.787972033       2.18436886E-02
   5.28364722E-03  0.782091558       2.07565539E-02
   5.56924986E-03  0.818750978       2.06042007E-02
   5.85485250E-03  0.854014397       2.04914119E-02
   6.14045514E-03  0.793566704       1.97711177E-02
   6.42605731E-03  0.827538848       1.91993136E-02
   6.71165995E-03  0.804107070       1.85469780E-02
   6.99726259E-03  0.798103273       1.81180853E-02
   7.28286523E-03  0.810453951       1.78817119E-02
   7.56846787E-03  0.774556577       1.76346321E-02
   7.85407051E-03  0.797228396       1.69873331E-02
   8.13967269E-03  0.785787761       1.66586731E-02
   8.42527580E-03  0.746077120       1.65789574E-02
   8.71087797E-03  0.773127735       1.61525775E-02
   8.99648014E-03  0.742212892       1.59974322E-02
   9.28208325E-03  0.762644410       1.55786769E-02
   9.56768543E-03  0.741097867       1.52246822E-02
   9.85328853E-03  0.726881981       1.55751333E-02
   1.01388907E-02  0.754321575       1.47850402E-02
   1.04244929E-02  0.756027699       1.45896096E-02
   1.07100960E-02  0.755161166       1.46764927E-02
   1.09956982E-02  0.748847961       1.44451372E-02
   1.12813013E-02  0.738722682       1.44552775E-02
   1.15669034E-02  0.748757362       1.38495900E-02
   1.18525065E-02  0.733699977       1.39018260E-02
   1.21381087E-02  0.725234985       1.37324231E-02
   1.24237109E-02  0.713336408       1.26294969E-02
   1.27093140E-02  0.722256899       1.24261258E-02
   1.29949162E-02  0.714554489       1.18416920E-02
   1.32805184E-02  0.710676610       1.17661282E-02
   1.35661215E-02  0.701479495       1.13986479E-02
   1.38517236E-02  0.698496342       1.12199299E-02
   1.41373267E-02  0.689372361       1.09920567E-02
   1.44229289E-02  0.690896988       1.08543802E-02
   1.47085320E-02  0.695480764       1.06905736E-02
   1.49941342E-02  0.678515673       1.04232198E-02
   1.52797364E-02  0.668051422       1.03379562E-02
   1.55653395E-02  0.681476712       1.01037994E-02
   1.58509426E-02  0.656782269       1.00204041E-02
   1.61365438E-02  0.674798489       9.85337142E-03
   1.64221469E-02  0.665864110       9.72229615E-03
   1.67077500E-02  0.659721911       9.61210020E-03
   1.69933513E-02  0.647961617       9.41945240E-03
   1.72789544E-02  0.666355431       9.38318484E-03
   1.75645575E-02  0.652000129       9.25306324E-03
   1.78501606E-02  0.649674952       9.08794627E-03
   1.81357618E-02  0.649941862       9.09248553E-03
   1.84213649E-02  0.632734776       8.88251420E-03
   1.87069681E-02  0.631629467       8.82902369E-03
   1.89925693E-02  0.614982903       8.80016573E-03
   1.92781724E-02  0.616131425       8.56214855E-03
   1.95637755E-02  0.621647060       8.60691071E-03
   1.98493768E-02  0.617858052       8.41126870E-03
   2.01349799E-02  0.604243100       8.40337109E-03
   2.04205830E-02  0.603119254       8.35140795E-03
   2.07061861E-02  0.603070974       8.15736223E-03
   2.09917873E-02  0.594763219       8.14583432E-03
   2.12773904E-02  0.590886652       8.03063996E-03
   2.15629935E-02  0.588470101       8.00036639E-03
   2.18485948E-02  0.596276879       7.94132333E-03
   2.21341979E-02  0.583251655       7.82211591E-03
   2.24198010E-02  0.579305947       7.78980926E-03
   2.27054041E-02  0.579563677       7.72820227E-03
   2.29910053E-02  0.568997622       7.67439092E-03
   2.32766084E-02  0.570606411       7.55201932E-03
   2.35622115E-02  0.558597684       7.55727757E-03
   2.38478128E-02  0.577629626       7.47405784E-03
   2.41334159E-02  0.562258303       7.42743909E-03
   2.44190190E-02  0.554770887       7.35762110E-03
   2.47046202E-02  0.541408062       7.26621458E-03
   2.49902233E-02  0.541579008       7.24687614E-03
   2.52758265E-02  0.527903140       7.16630695E-03
   2.55614296E-02  0.532652497       7.11967051E-03
   2.58470308E-02  0.517070949       7.09550921E-03
   2.61326339E-02  0.541294873       7.00441562E-03
   2.64182370E-02  0.523226976       7.00488593E-03
   2.67038383E-02  0.537781119       6.88532554E-03
   2.69894414E-02  0.507595599       6.90624071E-03
   2.72750445E-02  0.509250224       6.81174174E-03
   2.75606457E-02  0.505595624       6.77594868E-03
   2.78462488E-02  0.516909420       6.91617327E-03
   2.81318519E-02  0.499084443       6.93482719E-03
   2.84174550E-02  0.492495775       6.89754123E-03
   2.87030563E-02  0.492604434       6.91928109E-03
   2.89886594E-02  0.508633375       6.84925960E-03
   2.92742625E-02  0.481134862       6.85639121E-03
   2.95598637E-02  0.479329586       6.80159172E-03
   2.98454668E-02  0.470321029       6.77303365E-03
   3.01310699E-02  0.470321476       6.76105497E-03
   3.04166730E-02  0.470592141       6.73234696E-03
   3.07022743E-02  0.475197792       6.75914343E-03
   3.09878774E-02  0.457730889       6.69475505E-03
   3.12734805E-02  0.475692034       6.71990542E-03
   3.15590836E-02  0.462709457       6.68966817E-03
   3.18446867E-02  0.448031634       6.67713163E-03
   3.21302861E-02  0.452166855       6.63894881E-03
   3.24158892E-02  0.445608407       6.63816230E-03
   3.27014923E-02  0.446268171       6.58897590E-03
   3.29870954E-02  0.439375758       6.61746785E-03
   3.32726985E-02  0.444806367       6.57508848E-03
   3.35583016E-02  0.427693546       6.58461964E-03
   3.38439010E-02  0.429661721       6.53971499E-03
   3.41295041E-02  0.425810367       6.49703247E-03
   3.44151072E-02  0.412215561       6.53953198E-03
   3.47007103E-02  0.418538302       6.45960635E-03
   3.49863134E-02  0.416315645       6.52352814E-03
   3.52719165E-02  0.428699940       6.43195538E-03
   3.55575196E-02  0.405019850       6.38461532E-03
   3.58431190E-02  0.398024440       6.34660665E-03
   3.61287221E-02  0.399507582       6.36732625E-03
   3.64143252E-02  0.400224000       6.34519523E-03
   3.66999283E-02  0.399115831       6.30319491E-03
   3.69855314E-02  0.386644930       6.33902894E-03
   3.72711346E-02  0.384709120       6.26679417E-03
   3.75567377E-02  0.383973092       6.20410591E-03
   3.78423370E-02  0.389658660       6.20880816E-03
   3.81279401E-02  0.373465091       6.17324654E-03
   3.84135433E-02  0.381628603       6.20614970E-03
   3.86991464E-02  0.369764000       6.13660226E-03
   3.89847495E-02  0.366157800       6.10873429E-03
   3.92703526E-02  0.349442750       6.09490369E-03
   3.95559557E-02  0.368833929       6.06389437E-03
   3.98415551E-02  0.370992690       6.06830232E-03
   4.01271582E-02  0.364269584       5.99880097E-03
   4.04127613E-02  0.347291857       6.04901137E-03
   4.06983644E-02  0.346999973       6.00265153E-03
   4.09839675E-02  0.353325963       5.94106130E-03
   4.12695706E-02  0.338552058       5.92231471E-03
   4.15551737E-02  0.336559176       5.92918927E-03
   4.18407731E-02  0.339372665       5.94860315E-03
   4.21263762E-02  0.343456089       5.89210028E-03
   4.24119793E-02  0.339349777       5.83061157E-03
   4.26975824E-02  0.331073642       5.82495937E-03
   4.29831855E-02  0.330682933       5.84080908E-03
   4.32687886E-02  0.325416863       5.82839642E-03
   4.35543880E-02  0.325666606       5.79120498E-03
   4.38399911E-02  0.319327116       5.76800387E-03
   4.41255942E-02  0.320209235       5.79176331E-03
   4.44111973E-02  0.322506100       5.72629971E-03
   4.46968004E-02  0.310479403       5.74350031E-03
   4.49824035E-02  0.327246994       5.68234781E-03
   4.52680066E-02  0.312977105       5.73816197E-03
   4.55536060E-02  0.309110671       5.70502086E-03
   4.58392091E-02  0.309737980       5.69339003E-03
   4.61248122E-02  0.315000564       5.63886529E-03
   4.64104153E-02  0.305130571       5.61441481E-03
   4.66960184E-02  0.304756761       5.69147384E-03
   4.69816215E-02  0.300915927       5.56979887E-03
   4.72672246E-02  0.294610023       5.59846498E-03
   4.75528240E-02  0.300388277       5.60777308E-03
   4.78384271E-02  0.292218089       5.56892902E-03
   4.81240302E-02  0.297250390       5.55947656E-03
   4.84096333E-02  0.299319774       5.56023465E-03
   4.86952364E-02  0.288839489       5.68946311E-03
   4.89808396E-02  0.286948115       5.76265203E-03
   4.92664427E-02  0.285117775       5.73568884E-03
   4.95520420E-02  0.277413964       5.82769187E-03
   4.98376451E-02  0.286408216       5.76623715E-03
   5.01232482E-02  0.285160124       5.88334166E-03
   5.04088514E-02  0.273944020       5.83613152E-03
   5.06944545E-02  0.263043880       5.86713059E-03
   5.09800576E-02  0.274240375       5.89682162E-03
   5.12656569E-02  0.270098180       5.90344751E-03
   5.15512601E-02  0.274850368       5.91945136E-03
   5.18368632E-02  0.264606476       5.92066813E-03
   5.21224663E-02  0.263594031       5.92954131E-03
   5.24080694E-02  0.272923976       5.97464014E-03
   5.26936725E-02  0.262265354       5.99478511E-03
   5.29792756E-02  0.258314371       5.97720779E-03
   5.32648750E-02  0.249758944       5.92581183E-03
   5.35504781E-02  0.246962771       5.99233480E-03
   5.38360812E-02  0.245232299       5.99277113E-03
   5.41216843E-02  0.264900059       5.97398868E-03
   5.44072874E-02  0.260403425       6.07136777E-03
   5.46928905E-02  0.247148752       5.95830334E-03
   5.49784936E-02  0.249272078       6.06183568E-03
   5.52640930E-02  0.241208896       5.93538210E-03
   5.55496961E-02  0.244215682       6.07745955E-03
   5.58352992E-02  0.230334729       6.00586971E-03
   5.61209023E-02  0.246678948       6.02007052E-03
   5.64065054E-02  0.241256803       6.09791931E-03
   5.66921085E-02  0.235697076       5.92630403E-03
   5.69777116E-02  0.239055604       6.04099734E-03
   5.72633110E-02  0.232253551       5.94945857E-03
   5.75489141E-02  0.224040568       5.97388064E-03
   5.78345172E-02  0.224259809       6.03179773E-03
   5.81201203E-02  0.228626594       5.94611932E-03
   5.84057234E-02  0.223642305       5.97446924E-03
   5.86913265E-02  0.222922862       5.90769434E-03
   5.89769296E-02  0.229573175       5.98085811E-03
   5.92625290E-02  0.222458944       5.92531310E-03
   5.95481321E-02  0.208076924       5.93706546E-03
   5.98337352E-02  0.216307178       5.97572699E-03
   6.01193383E-02  0.215667173       5.83129982E-03
   6.04049414E-02  0.214637965       5.96217997E-03
   6.06905445E-02  0.201077640       5.83635224E-03
   6.09761439E-02  0.211539447       5.91562409E-03
   6.12617470E-02  0.209021732       5.92767727E-03
   6.15473501E-02  0.203204244       5.82838384E-03
   6.18329532E-02  0.211275354       5.92288887E-03
   6.21185564E-02  0.191679075       5.77774085E-03
   6.24041595E-02  0.205609962       5.87159116E-03
   6.26897588E-02  0.205303192       5.82480477E-03
   6.29753619E-02  0.197646275       5.85989887E-03
   6.32609650E-02  0.198336825       5.88626461E-03
   6.35465682E-02  0.208777204       5.76884439E-03
   6.38321713E-02  0.192465961       5.80370985E-03
   6.41177744E-02  0.198584631       5.79725672E-03
   6.44033775E-02  0.199828520       5.80078550E-03
   6.46889806E-02  0.201176718       5.83923515E-03
   6.49745837E-02  0.181431562       5.69943246E-03
   6.52601868E-02  0.193071574       5.84280305E-03
   6.55457899E-02  0.180991784       5.75257046E-03
   6.58313856E-02  0.179971918       5.72285149E-03
   6.61169887E-02  0.183010235       5.94389718E-03
   6.64025918E-02  0.179059535       6.03030296E-03
   6.66881949E-02  0.173319846       6.16323575E-03
   6.69737980E-02  0.184102163       6.11213967E-03
   6.72594011E-02  0.176252186       6.23042230E-03
   6.75450042E-02  0.177858680       6.22827699E-03
   6.78306073E-02  0.186921686       6.33895071E-03
   6.81162104E-02  0.176442385       6.37173513E-03
   6.84018135E-02  0.174963742       6.30934397E-03
   6.86874166E-02  0.162043899       6.46907184E-03
   6.89730197E-02  0.178310901       6.42598234E-03
   6.92586228E-02  0.171953499       6.52487017E-03
   6.95442259E-02  0.166133314       6.54178858E-03
   6.98298216E-02  0.169007510       6.47701370E-03
   7.01154247E-02  0.170050681       6.63626799E-03
   7.04010278E-02  0.165277988       6.58146618E-03
   7.06866309E-02  0.161964476       6.61365828E-03
   7.09722340E-02  0.170326725       6.78686518E-03
   7.12578371E-02  0.163075969       6.67642616E-03
   7.15434402E-02  0.153593704       6.75720116E-03
   7.18290433E-02  0.158899739       6.69875974E-03
   7.21146464E-02  0.154478967       6.72728010E-03
   7.24002495E-02  0.162239224       6.75013848E-03
   7.26858526E-02  0.156606644       6.74372073E-03
   7.29714558E-02  0.167065293       6.53820252E-03
   7.32570589E-02  0.155357793       6.33103494E-03
   7.35426545E-02  0.137515709       6.20514154E-03
   7.38282576E-02  0.147728965       6.23420812E-03
   7.41138607E-02  0.158322573       6.13477360E-03
   7.43994638E-02  0.148340628       6.12115907E-03
   7.46850669E-02  0.148009986       5.98452706E-03
   7.49706700E-02  0.144820333       5.98578341E-03
   7.52562732E-02  0.155274346       5.94359776E-03
   7.55418763E-02  0.152871698       5.92223648E-03
   7.58274794E-02  0.139542893       5.89620508E-03
   7.61130825E-02  0.139475614       5.84156252E-03
   7.63986856E-02  0.149204791       5.81921451E-03
   7.66842887E-02  0.145970032       5.75598888E-03
   7.69698918E-02  0.144932896       5.76955406E-03
   7.72554949E-02  0.139254078       5.70273958E-03
   7.75410905E-02  0.144679859       5.73259965E-03
   7.78266937E-02  0.131002352       5.70034236E-03
   7.81122968E-02  0.134562984       5.63342636E-03
   7.83978999E-02  0.133009106       5.65283606E-03
   7.86835030E-02  0.135853171       5.59362490E-03
   7.89691061E-02  0.139220670       5.70168300E-03
   7.92547092E-02  0.132813871       5.63945109E-03
   7.95403123E-02  0.116982795       5.59363421E-03
   7.98259154E-02  0.119962320       5.61925443E-03
   8.01115185E-02  0.127002537       5.54625317E-03
   8.03971216E-02  0.126170948       5.60752116E-03
   8.06827247E-02  0.136148766       5.56713948E-03
   8.09683278E-02  0.121333025       5.55220339E-03
   8.12539235E-02  0.130486369       5.56090008E-03
   8.15395266E-02  0.128542200       5.50251361E-03
   8.18251297E-02  0.119336352       5.53961610E-03
   8.21107328E-02  0.128929034       5.54734934E-03
   8.23963359E-02  0.124291159       5.50054060E-03
   8.26819390E-02  0.115895540       5.55589329E-03
   8.29675421E-02  0.115031607       5.45716239E-03
   8.32531452E-02  0.124647059       5.49415126E-03
   8.35387483E-02  0.114629745       5.44513436E-03
   8.38243514E-02  0.112997241       5.47914812E-03
   8.41099545E-02  0.109124608       5.46959275E-03
   8.43955576E-02  0.119140357       5.41235460E-03
   8.46811607E-02  0.122815683       5.46364207E-03
   8.49667639E-02  0.111338638       5.40354010E-03
   8.52523595E-02  0.109016523       5.45526808E-03
   8.55379626E-02  0.117519639       5.40610636E-03
   8.58235657E-02  0.115535162       5.38646150E-03
   8.61091688E-02  0.112873919       5.45848627E-03
   8.63947719E-02  0.108181000       5.38041210E-03
   8.66803750E-02  0.111931980       5.38022118E-03
   8.69659781E-02  0.104572669       5.35694603E-03
   8.72515813E-02  0.113561355       5.38477022E-03
   8.75371844E-02  0.108695082       5.40226931E-03
   8.78227875E-02  0.103595443       5.31925587E-03
   8.81083906E-02  0.101395085       5.34692081E-03
   8.83939937E-02  0.113766626       5.32192644E-03
   8.86795968E-02  0.109837130       5.36786765E-03
   8.89651924E-02  0.110282399       5.35152294E-03
   8.92507955E-02  0.103448756       5.27357636E-03
   8.95363986E-02   9.70568359E-02   5.33336122E-03
   8.98220018E-02  0.109070636       5.28539717E-03
   9.01076049E-02   9.70721543E-02   5.31669986E-03
   9.03932080E-02   9.68319401E-02   5.26215974E-03
   9.06788111E-02  0.101720311       5.27079497E-03
   9.09644142E-02   9.11189094E-02   5.30698569E-03
   9.12500173E-02  0.101011366       5.28608402E-03
   9.15356204E-02   9.71318781E-02   5.24139917E-03
   9.18212235E-02  0.100052737       5.21441968E-03
   9.21068266E-02   8.57203230E-02   5.26209036E-03
   9.23924297E-02   9.83417034E-02   5.27470233E-03
   9.26780328E-02   9.23828483E-02   5.23015764E-03
   9.29636285E-02  0.101218663       5.20975655E-03
   9.32492316E-02  0.104264073       5.21067576E-03
   9.35348347E-02   8.81507993E-02   5.23341121E-03
   9.38204378E-02   9.11338851E-02   5.19070495E-03
   9.41060409E-02   8.89521539E-02   5.17781591E-03
   9.43916440E-02   8.94295424E-02   5.19222347E-03
   9.46772471E-02  0.100282177       5.19717671E-03
   9.49628502E-02   9.61940959E-02   5.21410303E-03
   9.52484533E-02   9.21212435E-02   5.13213640E-03
   9.55340564E-02   8.17450434E-02   5.17573766E-03
   9.58196595E-02   8.33718404E-02   5.15845837E-03
   9.61052626E-02  0.101610780       5.19355852E-03
   9.63908657E-02   8.09473470E-02   5.11972792E-03
   9.66764614E-02   8.11014622E-02   5.12870587E-03
   9.69620645E-02   8.26997608E-02   5.14201215E-03
   9.72476676E-02   8.72157514E-02   5.12738200E-03
   9.75332707E-02   8.35101083E-02   5.10305213E-03
   9.78188738E-02   8.35238323E-02   5.14426036E-03
   9.81044769E-02   8.98177624E-02   5.11108385E-03
   9.83900800E-02   7.44117722E-02   5.16471826E-03
   9.86756831E-02   8.52955729E-02   5.05426945E-03
   9.89612862E-02   7.66596124E-02   5.06763021E-03
   9.92468894E-02   8.37011263E-02   5.09108277E-03
   9.95324925E-02   8.61063674E-02   5.09552006E-03
   9.98180956E-02   9.07114670E-02   5.09965653E-03
  0.100103699       7.85822421E-02   5.05307782E-03
  0.100389294       7.96580315E-02   5.03597362E-03
  0.100674897       7.21090436E-02   5.06587792E-03
  0.100960501       7.27983862E-02   5.05226385E-03
  0.101246104       7.67416507E-02   5.03823441E-03
  0.101531707       7.18968511E-02   5.01172990E-03
  0.101817310       8.01270828E-02   5.05435467E-03
  0.102102913       7.67764375E-02   5.05184336E-03
  0.102388516       6.70211166E-02   4.98550897E-03
  0.102674119       7.71336183E-02   5.01872832E-03
  0.102959722       6.21766113E-02   4.99891397E-03
  0.103245325       8.19582939E-02   5.00623137E-03
  0.103530928       7.43815526E-02   5.02898125E-03
  0.103816532       7.26255849E-02   4.95476183E-03
  0.104102135       8.26859176E-02   5.00377594E-03
  0.104387730       5.80751523E-02   4.93504480E-03
  0.104673333       7.06836283E-02   5.00071188E-03
  0.104958937       7.86781758E-02   4.94820345E-03
  0.105244540       6.45925477E-02   4.96217003E-03
  0.105530143       6.79475442E-02   4.98338277E-03
  0.105815746       7.28793144E-02   4.93268296E-03
  0.106101349       7.09102452E-02   4.93205152E-03
  0.106386952       6.64269626E-02   4.91403835E-03
  0.106672555       6.66467249E-02   4.97466326E-03
  0.106958158       7.16180205E-02   4.97108605E-03
  0.107243761       6.37863576E-02   4.89084143E-03
  0.107529365       7.16231093E-02   4.93038725E-03
  0.107814968       6.14947788E-02   4.90227342E-03
  0.108100563       6.42991364E-02   4.90790093E-03
  0.108386166       6.38989583E-02   4.90889652E-03
  0.108671769       6.44666255E-02   4.89959680E-03
  0.108957373       6.85912594E-02   4.88245673E-03
  0.109242976       5.74046373E-02   4.88478038E-03
  0.109528579       5.41471243E-02   5.02002100E-03
  0.109814182       6.79118335E-02   5.01643028E-03
  0.110099785       6.02523088E-02   5.10875229E-03
  0.110385388       7.15673417E-02   5.14254812E-03
  0.110670991       6.64116964E-02   5.19621605E-03
  0.110956594       6.12066388E-02   5.19733969E-03
  0.111242197       6.54292852E-02   5.21573704E-03
  0.111527801       6.05653077E-02   5.27963880E-03
  0.111813404       4.66361865E-02   5.31582348E-03
  0.112098999       5.88643700E-02   5.34441834E-03
  0.112384602       4.75467630E-02   5.36439568E-03
  0.112670206       5.81225753E-02   5.38353110E-03
  0.112955809       5.66984564E-02   5.44817792E-03
  0.113241412       6.02881685E-02   5.42062009E-03
  0.113527015       6.80182800E-02   5.31208375E-03
  0.113812618       5.00120483E-02   5.29190153E-03
  0.114098221       5.70228957E-02   5.21669257E-03
  0.114383824       5.81708066E-02   5.24459220E-03
  0.114669427       5.63976914E-02   5.14385710E-03
  0.114955030       6.04668558E-02   5.15726907E-03
  0.115240633       6.32029101E-02   5.12293214E-03
  0.115526237       5.73511384E-02   5.12491306E-03
  0.115811840       5.50489947E-02   5.11459075E-03
  0.116097435       5.58573380E-02   5.01169218E-03
  0.116383038       4.88245189E-02   5.08227106E-03
  0.116668642       5.20981438E-02   5.02562104E-03
  0.116954245       5.77032194E-02   5.02736727E-03
  0.117239848       4.48816717E-02   5.04419301E-03
  0.117525451       4.65078987E-02   4.95791202E-03
  0.117811054       5.11586592E-02   5.02698077E-03
  0.118096657       4.48630005E-02   4.94452380E-03
  0.118382260       4.95670438E-02   4.96875495E-03
  0.118667863       4.85359430E-02   4.95206565E-03
  0.118953466       5.05110286E-02   4.94464580E-03
  0.119239070       5.12794852E-02   4.96714329E-03
  0.119524673       4.85364310E-02   4.90024313E-03
  0.119810268       4.30913158E-02   4.91541671E-03
  0.120095871       6.05976507E-02   4.91244672E-03
  0.120381474       5.84996454E-02   4.87180520E-03
  0.120667078       4.62148562E-02   4.88514313E-03
  0.120952681       4.73618098E-02   4.77891229E-03
  0.121238284       4.95279916E-02   4.84510837E-03
  0.121523887       5.14816418E-02   4.80854651E-03
  0.121809490       5.20028137E-02   4.79157176E-03
  0.122095093       5.13312370E-02   4.81619639E-03
  0.122380696       4.74095456E-02   4.75585740E-03
  0.122666299       4.80198264E-02   4.75690560E-03
  0.122951902       4.38717119E-02   4.71741660E-03
  0.123237506       3.97943631E-02   4.73920489E-03
  0.123523109       4.16700728E-02   4.72035538E-03
  0.123808704       3.62183563E-02   4.71956143E-03
  0.124094307       4.89561670E-02   4.74520028E-03
  0.124379911       4.67749201E-02   4.67793737E-03
  0.124665514       4.47961092E-02   4.68940614E-03
  0.124951117       5.01996800E-02   4.70843073E-03
  0.125236720       4.15472016E-02   4.70740627E-03
  0.125522330       3.90327312E-02   4.71313531E-03
  0.125807926       4.22446690E-02   4.65186452E-03
  0.126093522       4.19553071E-02   4.69365483E-03
  0.126379132       3.48516665E-02   4.65070270E-03
  0.126664728       4.13252860E-02   4.79034055E-03
  0.126950338       3.51819694E-02   4.87110578E-03
  0.127235934       3.71384025E-02   4.90976265E-03
  0.127521545       4.51894253E-02   5.02226781E-03
  0.127807140       4.44257371E-02   4.97824745E-03
  0.128092751       4.18219306E-02   5.06496197E-03
  0.128378347       3.11770011E-02   5.06644789E-03
  0.128663957       3.85508239E-02   5.10097621E-03
  0.128949553       4.68047634E-02   5.15759178E-03
  0.129235163       4.54232991E-02   5.14599308E-03
  0.129520759       4.06162776E-02   5.14975376E-03
  0.129806355       3.55655998E-02   5.15986513E-03
  0.130091965       3.98391634E-02   5.14324941E-03
  0.130377561       4.15235199E-02   5.22654690E-03
  0.130663171       4.02033441E-02   5.14346547E-03
  0.130948767       4.11692411E-02   5.18813916E-03
  0.131234378       3.49228084E-02   5.10870852E-03
  0.131519973       4.36597206E-02   5.19687729E-03
  0.131805584       3.31496298E-02   5.19802887E-03
  0.132091179       2.94546802E-02   5.19183232E-03
  0.132376790       2.71881111E-02   5.26785338E-03
  0.132662386       3.86714563E-02   5.20665245E-03
  0.132947996       4.45911475E-02   5.25592500E-03
  0.133233592       3.23225260E-02   5.23237139E-03
  0.133519188       3.75789404E-02   5.14218863E-03
  0.133804798       4.42017727E-02   5.04942704E-03
  0.134090394       4.02401648E-02   4.92735207E-03
  0.134376004       3.28510143E-02   4.93818521E-03
  0.134661600       3.22618745E-02   4.86569805E-03
  0.134947211       2.77328752E-02   4.84433211E-03
  0.135232806       3.11859492E-02   4.83368058E-03
  0.135518417       3.90612185E-02   4.77264170E-03
  0.135804012       2.97990702E-02   4.73373570E-03
  0.136089623       4.01977785E-02   4.71441727E-03
  0.136375219       3.49358395E-02   4.72689886E-03
  0.136660829       3.55299450E-02   4.70035989E-03
  0.136946425       3.23335081E-02   4.68045659E-03
  0.137232035       3.10855210E-02   4.68309550E-03
  0.137517631       2.75425781E-02   4.65648994E-03
  0.137803227       3.20928767E-02   4.68370225E-03
  0.138088837       3.93326469E-02   4.63340664E-03
  0.138374433       4.30470705E-02   4.64669289E-03
  0.138660043       3.14635746E-02   4.64290101E-03
  0.138945639       3.99510264E-02   4.62975958E-03
  0.139231250       3.67374495E-02   4.64057084E-03
  0.139516845       2.62971390E-02   4.60845931E-03
  0.139802456       3.51641402E-02   4.57658991E-03
  0.140088052       2.81866491E-02   4.61227121E-03
  0.140373662       3.12137138E-02   4.59503522E-03
  0.140659258       1.53453518E-02   4.58975835E-03
  0.140944868       2.93913782E-02   4.55434853E-03
  0.141230464       3.73130925E-02   4.59518190E-03
  0.141516060       2.36673299E-02   4.57127485E-03
  0.141801670       1.99063737E-02   4.55823587E-03
  0.142087266       3.21241021E-02   4.57463693E-03
  0.142372876       2.38885321E-02   4.50080074E-03
  0.142658472       3.24161202E-02   4.57296241E-03
  0.142944083       2.71489974E-02   4.54024132E-03
  0.143229678       3.53821963E-02   4.53109993E-03
  0.143515289       2.88397316E-02   4.55251196E-03
  0.143800884       2.16999166E-02   4.49770316E-03
  0.144086495       2.87891775E-02   4.53143334E-03
  0.144372091       3.51725370E-02   4.49571898E-03
  0.144657701       2.45782379E-02   4.51601390E-03
  0.144943297       2.96737161E-02   4.49207798E-03
  0.145228893       2.43250765E-02   4.47160238E-03
  0.145514503       3.04894224E-02   4.52524424E-03
  0.145800099       2.96451468E-02   4.44573769E-03
  0.146085709       2.59963162E-02   4.50333674E-03
  0.146371305       3.33336517E-02   4.49055806E-03
  0.146656916       3.32248136E-02   4.47207410E-03
  0.146942511       2.28321254E-02   4.46057413E-03
  0.147228122       2.77962014E-02   4.41574212E-03
  0.147513717       2.43454017E-02   4.45895363E-03
  0.147799328       3.09068635E-02   4.46286332E-03
  0.148084924       1.77909769E-02   4.43385215E-03
  0.148370534       2.26038489E-02   4.44860430E-03
  0.148656130       3.22060287E-02   4.43515880E-03
  0.148941740       2.57085524E-02   4.45333123E-03
  0.149227336       3.09926830E-02   4.42128815E-03
  0.149512932       2.76087560E-02   4.40468499E-03
  0.149798542       2.29891073E-02   4.43092315E-03
  0.150084138       2.61464640E-02   4.40803589E-03
  0.150369748       2.16529239E-02   4.41757077E-03
  0.150655344       1.92283262E-02   4.37007146E-03
  0.150940955       2.34269034E-02   4.41238191E-03
  0.151226550       2.49194223E-02   4.39068489E-03
  0.151512161       2.20556781E-02   4.39818716E-03
  0.151797757       2.40298770E-02   4.38494235E-03
  0.152083367       1.97861828E-02   4.34325403E-03
  0.152368963       2.69292425E-02   4.40284470E-03
  0.152654573       1.67790949E-02   4.35524993E-03
  0.152940169       3.33407596E-02   4.37158439E-03
  0.153225765       2.84360815E-02   4.35437588E-03
  0.153511375       2.11849529E-02   4.36292076E-03
  0.153796971       2.28132866E-02   4.35904833E-03
  0.154082581       1.73393507E-02   4.32936428E-03
  0.154368177       2.27598473E-02   4.36568074E-03
  0.154653788       1.57420710E-02   4.33006696E-03
  0.154939383       1.86020564E-02   4.34161024E-03
  0.155224994       1.99860483E-02   4.31591133E-03
  0.155510589       1.54222222E-02   4.31374088E-03
  0.155796200       1.30790630E-02   4.32867138E-03
  0.156081796       1.44108851E-02   4.31830669E-03
  0.156367406       1.63943395E-02   4.31853952E-03
  0.156653002       2.96126679E-02   4.31459211E-03
  0.156938598       2.16614101E-02   4.29387623E-03
  0.157224208       2.43020486E-02   4.30959556E-03
  0.157509804       2.16925852E-02   4.30069072E-03
  0.157795414       1.92093235E-02   4.28602751E-03
  0.158081010       2.08541807E-02   4.30826936E-03
  0.158366621       1.72834396E-02   4.28037439E-03
  0.158652216       2.25441009E-02   4.29199170E-03
  0.158937827       2.32117474E-02   4.24782466E-03
  0.159223422       2.38111392E-02   4.27070959E-03
  0.159509033       1.66324265E-02   4.27229097E-03
  0.159794629       2.52407100E-02   4.27145604E-03
  0.160080239       1.71919726E-02   4.28627199E-03
  0.160365835       2.41962038E-02   4.23601503E-03
  0.160651445       2.50609517E-02   4.26433701E-03
  0.160937041       1.94725376E-02   4.25824150E-03
  0.161222637       1.61636677E-02   4.24879976E-03
  0.161508247       1.58199035E-02   4.24193824E-03
  0.161793843       1.72589552E-02   4.24697343E-03
  0.162079453       2.11026613E-02   4.24064649E-03
  0.162365049       2.18913686E-02   4.23859712E-03
  0.162650660       2.27637459E-02   4.21731686E-03
  0.162936255       1.79691035E-02   4.22908552E-03
  0.163221866       2.19465755E-02   4.24332591E-03
  0.163507462       2.29955483E-02   4.23311861E-03
  0.163793072       1.63543206E-02   4.19839239E-03
  0.164078668       2.69706808E-02   4.22009220E-03
  0.164364278       1.76741667E-02   4.19739354E-03
  0.164649874       1.89983156E-02   4.21772432E-03
  0.164935470       1.42972153E-02   4.20283666E-03
  0.165221080       2.22866926E-02   4.19650087E-03
  0.165506676       2.05865521E-02   4.21135454E-03
  0.165792286       1.88238304E-02   4.17330954E-03
  0.166077882       1.76511351E-02   4.19641240E-03
  0.166363493       1.79865342E-02   4.17725462E-03
  0.166649088       1.51668563E-02   4.18831361E-03
  0.166934699       9.51657910E-03   4.17934824E-03
  0.167220294       1.29023651E-02   4.16067569E-03
  0.167505905       2.27653682E-02   4.16847505E-03
  0.167791501       1.50110554E-02   4.16043354E-03
  0.168077111       1.95734575E-02   4.17771237E-03
  0.168362707       3.90373589E-03   4.13305592E-03
  0.168648303       2.16607209E-02   4.12698090E-03
  0.168933913       1.49312653E-02   4.13816050E-03
  0.169219509       1.53934872E-02   4.12126537E-03
  0.169505119       2.07039323E-02   4.11385344E-03
  0.169790715       9.54603218E-03   4.09522420E-03
  0.170076326       8.03571288E-03   4.09943657E-03
  0.170361921       1.69891827E-02   4.11438057E-03
  0.170647532       7.17727235E-03   4.08021640E-03
  0.170933127       1.26283849E-02   4.11713449E-03
  0.171218738       2.06978749E-02   4.06536693E-03
  0.171504334       2.14306638E-02   4.11673309E-03
  0.171789944       2.09365655E-02   4.12854785E-03
  0.172075540       2.11070962E-02   4.05094493E-03
  0.172361135       1.83321033E-02   4.09223465E-03
  0.172646746       1.45167047E-02   4.06539813E-03
  0.172932342       1.31874960E-02   4.08553658E-03
  0.173217952       1.18485037E-02   4.08734195E-03
  0.173503548       2.06031185E-02   4.05958481E-03
  0.173789158       1.42760463E-02   4.09636647E-03
  0.174074754       1.53975571E-02   4.06327518E-03
  0.174360365       1.31414989E-02   4.09835810E-03
  0.174645960       2.95474790E-02   4.08442225E-03
  0.174931571       4.99358540E-03   4.04990045E-03
  0.175217167       1.20848930E-02   4.10097279E-03
  0.175502777       1.51493512E-02   4.05453378E-03
  0.175788373       1.48417866E-02   4.09871899E-03
  0.176073983       1.30852237E-02   4.04831162E-03
  0.176359579       1.36481710E-02   4.09569591E-03
  0.176645175       1.52880503E-02   4.05928353E-03
  0.176930785       1.29752262E-02   4.04879590E-03
  0.177216381       1.56484507E-02   4.06711502E-03
  0.177501991       1.02759851E-02   4.04577283E-03
  0.177787587       1.21781863E-02   4.08176938E-03
  0.178073198       1.27612259E-02   4.04974446E-03
  0.178358793       1.16707943E-02   4.04002145E-03
  0.178644404       1.54602276E-02   4.03718557E-03
  0.178929999       8.87920707E-03   4.03916975E-03
  0.179215610       5.22463629E-03   4.02683485E-03
  0.179501206       1.50654353E-02   4.04205499E-03
  0.179786816       9.99989547E-03   4.02743043E-03
  0.180072412       1.16169183E-02   4.04613186E-03
  0.180358008       1.44592468E-02   3.99254449E-03
  0.180643618       1.06690191E-02   4.03579231E-03
  0.180929214       1.88943259E-02   4.02474124E-03
  0.181214824       1.22367721E-02   4.02494427E-03
  0.181500420       1.47504900E-02   4.02345741E-03
  0.181786031       1.56850759E-02   4.00480721E-03
  0.182071626       4.99007758E-03   3.99955409E-03
  0.182357237       1.24903377E-02   4.01682500E-03
  0.182642832       1.03004193E-02   3.99310421E-03
  0.182928443       8.79998785E-03   4.01209714E-03
  0.183214039       1.23970145E-02   4.01138468E-03
  0.183499649       1.60036813E-02   3.99247138E-03
  0.183785245       1.26043670E-02   3.99591634E-03
  0.184070840       9.21880361E-03   3.97575554E-03
  0.184356451       1.43234516E-02   4.01515421E-03
  0.184642047       1.76207740E-02   3.98464920E-03
  0.184927657       1.86993610E-02   3.98947066E-03
  0.185213253       1.63546801E-02   3.98024684E-03
  0.185498863       1.81423519E-02   3.98375513E-03
  0.185784459       1.99021548E-02   3.97566007E-03
  0.186070070       1.74024180E-02   3.99115216E-03
  0.186355665       1.15988506E-02   3.96719808E-03
  0.186641276       7.71491509E-03   3.95115791E-03
  0.186926872       1.39962463E-02   3.96913523E-03
  0.187212482       1.11332703E-02   4.01119329E-03
  0.187498078       1.53154721E-02   4.10132110E-03
  0.187783673       1.29135717E-02   4.14493727E-03
  0.188069284       1.69911291E-02   4.21801163E-03
  0.188354880       2.00573355E-02   4.22328059E-03
  0.188640490       1.42398067E-02   4.22892254E-03
  0.188926086       1.81822162E-02   4.29124665E-03
  0.189211696       5.05372602E-03   4.29329090E-03
  0.189497292       7.11379899E-03   4.31221584E-03
  0.189782903       8.56370293E-03   4.31271130E-03
  0.190068498       1.24040125E-02   4.33133962E-03
  0.190354109       1.07189603E-02   4.37070755E-03
  0.190639704       9.93533991E-03   4.32200031E-03
  0.190925315       8.58429167E-03   4.37526545E-03
  0.191210911       1.02992952E-02   4.35350416E-03
  0.191496521       1.70615576E-02   4.38362965E-03
  0.191782117       1.46769928E-02   4.41399636E-03
  0.192067713       1.57981869E-02   4.33294708E-03
  0.192353323       1.38872694E-02   4.41756891E-03
  0.192638919       1.33077884E-02   4.40156087E-03
  0.192924529       7.34552462E-03   4.41243500E-03
  0.193210125       3.74156213E-03   4.41223942E-03
  0.193495736       8.76639877E-03   4.39242925E-03
  0.193781331       5.07739140E-03   4.46182536E-03
  0.194066942       1.41984895E-02   4.32870723E-03
  0.194352537       7.84052256E-03   4.28585941E-03
  0.194638148       2.06265524E-02   4.20650840E-03
  0.194923744       1.13929361E-02   4.15525632E-03
  0.195209354       9.61189717E-03   4.15811129E-03
  0.195494950       1.08715398E-02   4.07239515E-03
  0.195780545       2.11850693E-03   4.07842500E-03
  0.196066156       1.26593923E-02   4.06672480E-03
  0.196351752       1.80275403E-02   4.06617718E-03
  0.196637362       1.35734919E-02   4.08093864E-03
  0.196922958       1.16976872E-02   3.98715306E-03
  0.197208568       7.92233832E-03   4.02538339E-03
  0.197494164       1.45512521E-02   4.03697090E-03
  0.197779775       5.48181171E-03   4.00619395E-03
  0.198065370       1.23983221E-02   4.01046267E-03
  0.198350981       1.48757333E-02   3.98579519E-03
  0.198636577       9.04746912E-03   4.01448179E-03
  0.198922187       1.17649911E-02   3.99367511E-03
  0.199207783       8.34343582E-03   3.97324422E-03
  0.199493378       9.25699249E-03   3.96075053E-03
  0.199778989       1.65156387E-02   3.99698550E-03
  0.200064585       5.91201568E-03   3.98210622E-03
  0.200350195       7.86256231E-03   3.96057311E-03
  0.200635791       6.84291916E-03   3.94370314E-03
  0.200921401       1.59467701E-02   3.96028999E-03
  0.201206997       1.72444098E-02   3.97634832E-03
  0.201492608       9.97039210E-03   3.94326914E-03
  0.201778203       9.03372001E-03   3.94249056E-03
  0.202063814       1.22646997E-02   3.94414878E-03
  0.202349409       1.23611968E-02   3.92719125E-03
  0.202635020       1.02850255E-02   3.95638309E-03
  0.202920616       6.70582661E-03   3.90560203E-03
  0.203206211       5.85788302E-03   3.93632287E-03
  0.203491822       1.11394022E-02   3.92378727E-03
  0.203777418       1.01570589E-02   3.89644736E-03
  0.204063028       5.57119027E-03   3.91623052E-03
  0.204348624       8.45070556E-03   3.89283919E-03
  0.204634234       4.91163088E-03   3.91821237E-03
  0.204919830       8.29434302E-03   3.91940586E-03
  0.205205441       6.90881675E-03   3.89168900E-03
  0.205491036       1.19005404E-02   3.89580103E-03
  0.205776647       9.66725871E-03   3.87155614E-03
  0.206062242       7.38620805E-03   3.90413427E-03
  0.206347853       3.97922099E-03   3.87605466E-03
  0.206633449       1.05515532E-02   3.87608819E-03
  0.206919059       1.58695262E-02   3.90965259E-03
  0.207204655       6.55211369E-03   3.85887781E-03
  0.207490250       8.84237606E-03   3.89853702E-03
  0.207775861       2.89364858E-03   3.83459358E-03
  0.208061457       1.53492345E-02   3.86598590E-03
  0.208347067       9.67222452E-03   3.88556672E-03
  0.208632663       1.09731061E-02   3.84080806E-03
  0.208918273       1.31749753E-02   3.86265037E-03
  0.209203869       9.66493506E-03   3.84464418E-03
  0.209489480       1.25371711E-02   3.86188459E-03
  0.209775075       6.76903268E-03   3.84662230E-03
  0.210060686       5.32643218E-03   3.84939159E-03
  0.210346282       1.13027990E-02   3.85262561E-03
  0.210631892       1.84984077E-02   3.83169344E-03
  0.210917488       9.42527130E-03   3.84735828E-03
  0.211203083       7.78919272E-03   3.81449959E-03
  0.211488694       6.66750176E-03   3.83633375E-03
  0.211774290       1.46155003E-02   3.85379209E-03
  0.212059900       1.14418538E-02   3.81059223E-03
  0.212345496       4.52318322E-03   3.82816582E-03
  0.212631106       1.61886476E-02   3.81390471E-03
  0.212916702       1.50351804E-02   3.83874984E-03
  0.213202313       3.58382100E-03   3.81287420E-03
  0.213487908       8.37290287E-03   3.79454833E-03
  0.213773519       4.37362399E-03   3.81509634E-03
  0.214059114       8.94903392E-03   3.78769287E-03
  0.214344725       5.80060901E-03   3.81131470E-03
  0.214630321       9.07250587E-03   3.78877809E-03
  0.214915916       8.96701124E-03   3.78799671E-03
  0.215201527       6.72869617E-03   3.82481562E-03
  0.215487123       1.40278935E-02   3.77818430E-03
  0.215772733       7.86708482E-03   3.78550356E-03
  0.216058329       1.07339192E-02   3.78209935E-03
  0.216343939       6.60183281E-03   3.78386583E-03
  0.216629535       1.04993610E-02   3.78809776E-03
  0.216915146       1.31435338E-02   3.76246544E-03
  0.217200741       1.90755278E-02   3.79350199E-03
  0.217486352       1.53561402E-02   3.76613694E-03
  0.217771947       1.35353394E-02   3.76476906E-03
  0.218057558       1.68121215E-02   3.76541680E-03
  0.218343154       1.38365375E-02   3.73268919E-03
  0.218628749       1.06648337E-02   3.76834953E-03
  0.218914360       9.95756034E-03   3.70323099E-03
  0.219199955       1.02376668E-02   3.75357736E-03
  0.219485566       8.53719842E-03   3.71748256E-03
  0.219771162       8.23549367E-03   3.73740192E-03
  0.220056772       8.97507649E-03   3.72630567E-03
  0.220342368       9.48942360E-03   3.71830701E-03
  0.220627978       6.59716409E-03   3.72284558E-03
  0.220913574       1.17897494E-02   3.71003733E-03
  0.221199185       6.62402948E-03   3.71725322E-03
  0.221484780       9.73316655E-03   3.71913845E-03
  0.221770391       5.41267684E-03   3.70190479E-03
  0.222055987       1.24325128E-02   3.72743374E-03
  0.222341597       9.29036830E-03   3.70377745E-03
  0.222627193       1.32508148E-02   3.71308601E-03
  0.222912788       1.42910285E-02   3.69081902E-03
  0.223198399       1.56530552E-02   3.71209974E-03
  0.223483995       7.69239664E-03   3.71777266E-03
  0.223769605       1.07366303E-02   3.68896895E-03
  0.224055201       1.00006554E-02   3.70838935E-03
  0.224340811       1.12053650E-02   3.70336743E-03
  0.224626407       9.28974897E-03   3.73097509E-03
  0.224912018       8.91682971E-03   3.69978999E-03
  0.225197613       5.59481001E-03   3.70163587E-03
  0.225483224       9.80993267E-03   3.71082616E-03
  0.225768819       9.21589509E-03   3.68679804E-03
  0.226054430       7.38766417E-03   3.70982802E-03
  0.226340026       7.77136162E-03   3.67473066E-03
  0.226625621       5.66127477E-03   3.69968358E-03
  0.226911232       1.05637442E-02   3.70293437E-03
  0.227196828       4.94130887E-03   3.67902475E-03
  0.227482438       2.61426065E-03   3.69127397E-03
  0.227768034       1.02974530E-02   3.66105838E-03
  0.228053644       1.38685387E-02   3.70524521E-03
  0.228339240       8.81039817E-03   3.68152582E-03
  0.228624851       8.82303156E-03   3.66889616E-03
  0.228910446       1.27177741E-02   3.68374027E-03
  0.229196057       8.28884635E-03   3.65104526E-03
  0.229481652       1.41008915E-02   3.68612329E-03
  0.229767263       2.14004656E-03   3.65355937E-03
  0.230052859       7.29394099E-03   3.66709079E-03
  0.230338454       1.53893260E-02   3.66900698E-03
  0.230624065       3.95425083E-03   3.66060482E-03
  0.230909660       1.03149479E-02   3.67633207E-03
  0.231195271       5.94491092E-03   3.62701830E-03
  0.231480867       6.99819345E-03   3.65704857E-03
  0.231766477       9.12647415E-03   3.65938805E-03
  0.232052073       7.51112495E-03   3.66063020E-03
  0.232337683       1.09752165E-02   3.65614286E-03
  0.232623279       1.34932874E-02   3.63266026E-03
  0.232908890       9.45835933E-03   3.65119986E-03
  0.233194485       1.08645689E-02   3.63828335E-03
  0.233480096       1.00914808E-02   3.63264256E-03
  0.233765692       1.42150046E-02   3.65679292E-03
  0.234051287       1.30232386E-02   3.62101477E-03
  0.234336898       1.16704742E-03   3.65371141E-03
  0.234622493       7.52257183E-03   3.61283403E-03
  0.234908104       1.07710818E-02   3.62624181E-03
  0.235193700       7.83130061E-03   3.64198396E-03
  0.235479310       1.07040228E-02   3.63220554E-03
  0.235764906       8.67305230E-03   3.64443474E-03
  0.236050516       4.17555356E-03   3.59048042E-03
  0.236336112       1.92067178E-03   3.62680922E-03
  0.236621723       7.40032224E-03   3.60423280E-03
  0.236907318       4.58457414E-03   3.62989074E-03
  0.237192929       1.16140787E-02   3.62993800E-03
  0.237478524       9.58953239E-03   3.59847490E-03
  0.237764135       6.07466698E-03   3.63673177E-03
  0.238049731       1.24596125E-02   3.60120460E-03
  0.238335326       7.92219210E-03   3.58165707E-03
  0.238620937       1.06701488E-02   3.61361518E-03
  0.238906533       8.05282127E-03   3.60029796E-03
  0.239192143       1.14744939E-02   3.63023463E-03
  0.239477739       1.21593224E-02   3.58019583E-03
  0.239763349       5.42080076E-03   3.59346112E-03
  0.240048945       1.22550828E-02   3.59485438E-03
  0.240334556       1.22482833E-02   3.59842158E-03
  0.240620151       1.02877365E-02   3.59879993E-03
  0.240905762       9.61147249E-03   3.56306159E-03
  0.241191357       1.06623163E-02   3.60013451E-03
  0.241476968       1.39760384E-02   3.58316349E-03
  0.241762564       1.14897722E-02   3.57739558E-03
  0.242048159       1.11869872E-02   3.58431437E-03
  0.242333770      -8.49586679E-04   3.56412423E-03
  0.242619365       9.97694023E-03   3.59014911E-03
  0.242904976       1.77046284E-02   3.55748902E-03
  0.243190572       9.80390701E-03   3.55995237E-03
  0.243476182       9.22533404E-03   3.57295526E-03
  0.243761778       8.74217786E-03   3.57368635E-03
  0.244047388       8.34358763E-03   3.56917805E-03
  0.244332984       4.24447609E-03   3.54936812E-03
  0.244618595       1.25385439E-02   3.57301137E-03
  0.244904190       1.00391777E-02   3.56163690E-03
  0.245189801       1.04001705E-02   3.56813730E-03
  0.245475397       1.03480751E-02   3.55744595E-03
  0.245760992       9.26959887E-03   3.53752053E-03
  0.246046603       4.96815238E-03   3.55755957E-03
  0.246332198       1.19214887E-02   3.53778782E-03
  0.246617809       9.57394391E-03   3.54456622E-03
  0.246903405       8.96005798E-03   3.55167501E-03
  0.247189015       5.96162910E-03   3.54714389E-03
  0.247474611       9.70676541E-03   3.55793349E-03
  0.247760221       5.86721674E-03   3.51024768E-03
  0.248045817       8.14395305E-03   3.62105039E-03
  0.248331428       1.34476870E-02   3.66689987E-03
  0.248617023       1.19753825E-02   3.71987512E-03
  0.248902634       7.50516914E-03   3.75693617E-03
  0.249188229       6.21228013E-03   3.74797569E-03
  0.249473825       6.66100811E-03   3.79486778E-03
  0.249759436       1.14618167E-02   3.82577884E-03
  0.250045031       1.46113727E-02   3.90420714E-03
  0.250330627       8.29590019E-03   3.95610882E-03
  0.250616252       8.41780100E-03   4.01993748E-03
  0.250901848       6.26847846E-03   4.08470538E-03
  0.251187444       9.23368428E-03   4.07844130E-03
  0.251473039       6.56446023E-03   4.16089641E-03
  0.251758665       1.19957523E-02   4.19852696E-03
  0.252044261       1.51447952E-02   4.24603466E-03
  0.252329856       6.89464994E-03   4.28635441E-03
  0.252615452       1.57922208E-02   4.28706687E-03
  0.252901077       1.20928446E-02   4.32792166E-03
  0.253186673       1.18014663E-02   4.36661206E-03
  0.253472269       6.09443244E-03   4.43158764E-03
  0.253757864       1.06869247E-02   4.45680041E-03
  0.254043460       9.59338155E-03   4.48034983E-03
  0.254329085       1.08685782E-02   4.52674832E-03
  0.254614681       7.12779444E-03   4.49048728E-03
  0.254900277       8.56167544E-03   4.56365338E-03
  0.255185872       7.78017566E-03   4.57449490E-03
  0.255471498       5.29981498E-03   4.57839621E-03
  0.255757093       1.00426357E-02   4.64407494E-03
  0.256042689       1.14324978E-02   4.57009021E-03
  0.256328285       8.57555249E-04   4.65832232E-03
  0.256613910      -2.86864437E-04   4.63300571E-03
  0.256899506       9.74947028E-03   4.68866667E-03
  0.257185102       4.81811864E-03   4.72249137E-03
  0.257470697       1.29288714E-03   4.69027087E-03
  0.257756293       5.31423278E-03   4.75975964E-03
  0.258041918       1.82564016E-02   4.71140118E-03
  0.258327514       6.66096946E-03   4.77207359E-03
  0.258613110       1.29176127E-02   4.78731468E-03
  0.258898705       1.78341400E-02   4.81499825E-03
  0.259184331       1.67933665E-02   4.81658289E-03
  0.259469926      -2.89313961E-04   4.73637553E-03
  0.259755522       1.31686097E-02   4.84149763E-03
  0.260041118       7.87984300E-03   4.80787456E-03
  0.260326743       1.61609985E-02   4.82517481E-03
  0.260612339       1.13122901E-02   4.81809815E-03
  0.260897934       1.05710430E-02   4.83984733E-03
  0.261183530       3.44102760E-03   4.91063576E-03
  0.261469126       7.55060231E-03   4.83852858E-03
  0.261754751       3.84430774E-03   4.91526490E-03
  0.262040347       3.17329285E-03   4.88115288E-03
  0.262325943       1.17396777E-02   4.96721547E-03
  0.262611538       5.30055258E-03   4.97341342E-03
  0.262897164       1.00003686E-02   4.88676690E-03
  0.263182759       1.36514781E-02   5.02633210E-03
  0.263468355       1.11419354E-02   4.96479403E-03
  0.263753951       7.35750003E-03   5.08065568E-03
  0.264039576       1.50304912E-02   5.00219828E-03
  0.264325172       1.23410206E-02   4.98198718E-03
  0.264610767       7.71963270E-03   5.13169495E-03
  0.264896363       4.32641851E-03   5.03400853E-03
  0.265181959       1.02873519E-02   5.08528901E-03
  0.265467584       9.56441555E-03   5.08806529E-03
  0.265753180       3.38451238E-03   5.11608552E-03
  0.266038775       6.65645394E-03   5.21190744E-03
  0.266324371       1.05202245E-02   5.06892661E-03
  0.266609997       5.88299101E-03   5.16513595E-03
  0.266895592       2.00768393E-02   5.20584825E-03
  0.267181188       5.15654916E-03   5.20952651E-03
  0.267466784       1.22104986E-02   5.28421998E-03
  0.267752409       1.63752437E-02   5.18198637E-03
  0.268038005       6.69670897E-03   5.25155570E-03
  0.268323600       5.61993942E-03   5.29725291E-03
  0.268609196       1.55200213E-02   5.27058588E-03
  0.268894792       8.86762794E-03   5.30706858E-03
  0.269180417       1.60011742E-02   5.28932735E-03
  0.269466013       1.20568341E-02   5.35746198E-03
  0.269751608       6.83884416E-03   5.38664218E-03
  0.270037204       9.59193986E-03   5.28535899E-03
  0.270322829       1.10408701E-02   5.39841643E-03
  0.270608425       3.57302371E-04   5.37470728E-03
  0.270894021       9.38467123E-03   5.46823442E-03
  0.271179616       1.64075068E-03   5.37068909E-03
  0.271465242       9.71391331E-03   5.41207660E-03
  0.271750838       9.07484815E-03   5.44265565E-03
  0.272036433       1.88385695E-02   5.47140744E-03
  0.272322029       1.18031735E-02   5.41603239E-03
  0.272607625       7.39116361E-03   5.44470549E-03
  0.272893250       1.04828849E-02   5.49092004E-03
  0.273178846       6.79024914E-03   5.48847765E-03
  0.273464441      -3.61107360E-03   5.47216740E-03
  0.273750037       1.05065331E-02   5.46004577E-03
  0.274035662       5.42411231E-04   5.54228807E-03
  0.274321258      -1.68615719E-04   5.59028005E-03
  0.274606854       1.09983590E-02   5.47556765E-03
  0.274892449       3.04233213E-03   5.61447209E-03
  0.275178075       9.78158694E-03   5.54477470E-03
  0.275463670       6.36005495E-03   5.63934771E-03
  0.275749266       1.96709633E-02   5.62591339E-03
  0.276034862       8.40827730E-03   5.59978979E-03
  0.276320487       1.03837308E-02   5.74226771E-03
  0.276606083       6.29514595E-03   5.62970387E-03
  0.276891679       1.34119792E-02   5.72419958E-03
  0.277177274       6.96282741E-03   5.67632681E-03
  0.277462870       7.71024544E-03   5.71746705E-03
  0.277748495       1.00846924E-02   5.80215687E-03
  0.278034091       8.75034742E-03   5.68476971E-03
  0.278319687       2.76644174E-02   5.82680106E-03
  0.278605282       4.11457615E-03   5.75117301E-03
  0.278890908       1.85262691E-03   5.81734208E-03
  0.279176503       5.43587981E-03   5.78467082E-03
  0.279462099       1.54704014E-02   5.84193319E-03
  0.279747695      -3.83196538E-03   5.88967931E-03
  0.280033320       1.57986470E-02   5.84340841E-03
  0.280318916       6.73796982E-03   5.91033930E-03
  0.280604511       1.23196980E-02   5.87186404E-03
  0.280890107       1.26022650E-02   5.94777241E-03
  0.281175703       1.39775425E-02   5.93061047E-03
  0.281461328      -5.07152232E-04   5.83393406E-03
  0.281746924       1.49581097E-02   5.96947409E-03
  0.282032520       1.95588581E-02   5.86052658E-03
  0.282318115       8.38561170E-03   5.93558885E-03
  0.282603741      -1.03021262E-03   5.90601331E-03
  0.282889336       1.04001733E-02   5.92462532E-03
  0.283174932       1.18563930E-02   5.98850287E-03
  0.283460528       1.28943101E-02   5.86337643E-03
  0.283746153       7.05796666E-03   5.99111849E-03
  0.284031749       8.08759313E-03   5.92764793E-03
  0.284317344       1.24825090E-02   6.00848068E-03
  0.284602940       1.27284229E-02   6.07897248E-03
  0.284888536       1.26571339E-02   5.95266744E-03
  0.285174161       1.86730660E-02   6.07720856E-03
  0.285459757      -3.65678081E-03   6.00299845E-03
  0.285745353       7.31722545E-03   6.09124918E-03
  0.286030948      -3.95998405E-03   6.08562259E-03
  0.286316574       4.41863062E-03   6.13466743E-03
  0.286602169       6.44564396E-03   6.16820622E-03
  0.286887765       4.94408747E-03   6.07138546E-03
  0.287173361       1.09439958E-02   6.20796438E-03
  0.287458986       1.14149768E-02   6.14412082E-03
  0.287744582      -4.43675162E-05   6.25388697E-03
  0.288030177       5.66694932E-03   6.25721272E-03
  0.288315773       1.32219046E-02   6.16386998E-03
  0.288601369       2.47283024E-03   6.32566074E-03
  0.288886994       1.56330001E-02   6.18958334E-03
  0.289172590       8.43243115E-03   6.34785369E-03
  0.289458185       1.59655437E-02   6.26463909E-03
  0.289743781       1.13550238E-02   6.32145302E-03
  0.290029407       9.92418174E-03   6.47835759E-03
  0.290315002       1.19804069E-02   6.23927405E-03
  0.290600598       1.65395904E-02   6.48933323E-03
  0.290886194       7.02237384E-03   6.32922398E-03
  0.291171819       4.29010764E-03   6.44518854E-03
  0.291457415       4.04482102E-03   6.54184259E-03
  0.291743010       7.75389699E-03   6.38900977E-03
  0.292028606       1.39789078E-02   6.56376872E-03
  0.292314202       1.12234643E-02   6.42064959E-03
  0.292599827       1.23400511E-02   6.58690464E-03
  0.292885423       1.36271780E-02   6.54684519E-03
  0.293171018       1.38972457E-02   6.56910753E-03
  0.293456614       6.82690181E-03   6.65075565E-03
  0.293742239       2.81247264E-03   6.54254714E-03
  0.294027835       1.51103940E-02   6.68276893E-03
  0.294313431       8.64982605E-03   6.63314946E-03
  0.294599026       4.16294625E-03   6.65892381E-03
  0.294884652       1.34382294E-02   6.72665378E-03
  0.295170248       3.21790669E-03   6.71613403E-03
  0.295455843       1.12572582E-02   6.76484453E-03
  0.295741439       1.09964674E-02   6.66689686E-03
  0.296027035      -7.58480746E-04   6.84197061E-03
  0.296312660       1.08014317E-02   6.78209448E-03
  0.296598256       1.59465522E-02   6.88133063E-03
  0.296883851       1.06338747E-02   6.90745376E-03
  0.297169447      -3.42339627E-03   6.75569521E-03
  0.297455072       1.76616181E-02   7.01253861E-03
  0.297740668       8.92140716E-03   6.83821179E-03
  0.298026264       3.96186765E-03   7.01270532E-03
  0.298311859       2.78701051E-03   7.00084027E-03
  0.298597485       1.99143197E-02   6.89896755E-03
  0.298883080       1.28476955E-02   7.12320535E-03
  0.299168676       8.88121128E-03   6.94357045E-03
  0.299454272       6.70309877E-03   7.13455165E-03
  0.299739867       3.48288892E-03   7.06728408E-03
  0.300025493       1.49425128E-02   7.08451960E-03
  0.300311089       1.36425709E-02   7.27359904E-03
  0.300596684       1.01052988E-02   7.02141179E-03
  0.300882280       9.49822366E-03   7.30030099E-03
  0.301167905       1.20999776E-02   7.12618511E-03
  0.301453501       4.82632034E-03   7.27841537E-03
  0.301739097      -6.97708339E-04   7.29278242E-03
  0.302024692       4.43535903E-03   7.18883937E-03
  0.302310318      -2.08490901E-03   7.45539879E-03
  0.302595913       1.02799374E-03   7.19077187E-03
  0.302881509       1.07742930E-02   7.42808543E-03
  0.303167105       3.78001761E-03   7.38677289E-03
  0.303452700       1.27749229E-02   7.43180094E-03
  0.303738326       1.27709080E-02   7.57871708E-03
  0.304023921       1.19479671E-02   7.31598539E-03
  0.304309517      -5.96118998E-03   7.62413954E-03
  0.304595113       2.34537804E-03   7.44145410E-03
  0.304880738       5.47901494E-03   7.60521879E-03
  0.305166334       1.49271134E-02   7.62525806E-03
  0.305451930       1.13524133E-02   7.56768882E-03
  0.305737525       1.04556689E-02   7.78334262E-03
  0.306023151       1.67130362E-02   7.51778064E-03
  0.306308746       8.70887376E-03   7.78235961E-03
  0.306594342      -1.34572841E-03   7.74945645E-03
  0.306879938       1.65411793E-02   7.73678813E-03
  0.307165563       8.75356235E-03   7.94158317E-03
  0.307451159       4.51436033E-03   7.71611510E-03
  0.307736754       1.40768159E-02   7.97074940E-03
  0.308022350      -1.58680871E-03   7.79112102E-03
  0.308307946       5.64479036E-03   7.99603947E-03
  0.308593571       3.34525853E-02   8.02792609E-03
  0.308879167       1.34947877E-02   7.88901746E-03
  0.309164762      -8.73656105E-03   8.18555616E-03
  0.309450358       9.38889198E-03   7.89102912E-03
  0.309735984       1.23018976E-02   8.20578262E-03
  0.310021579       2.28114408E-02   8.07810482E-03
  0.310307175       1.31130330E-02   8.15577339E-03
  0.310592771       1.64832529E-02   8.37210566E-03
  0.310878396       1.37107531E-02   8.02793074E-03
  0.311163992       9.04702768E-03   8.39329883E-03
  0.311449587       1.32430457E-02   8.18064716E-03
  0.311735183       4.29645041E-03   8.39358196E-03
  0.312020779       1.51430145E-02   8.39646254E-03
  0.312306404       3.96760850E-04   8.35205242E-03
  0.312592000       6.85204577E-04   8.56802799E-03
  0.312877595       1.48397228E-02   8.27679317E-03
  0.313163191       7.31731532E-03   8.48675519E-03
  0.313448817       1.59805752E-02   8.43303371E-03
  0.313734412       1.01962350E-02   8.41759052E-03
  0.314020008       1.28390258E-02   8.64213146E-03
  0.314305604       1.23764230E-02   8.21487699E-03
  0.314591229       2.84306537E-02   8.57747160E-03
  0.314876825       6.32464048E-03   8.36800970E-03
  0.315162420       2.18807557E-03   8.47136416E-03
  0.315448016       9.87804402E-03   8.55431147E-03
  0.315733612       6.76254090E-03   8.37411173E-03
  0.316019237       5.52199362E-03   8.66299961E-03
  0.316304833       1.49651486E-02   8.30950309E-03
  0.316590428       4.55399277E-03   8.58444348E-03
  0.316876024       1.89915821E-02   8.50663614E-03
  0.317161649       5.86517341E-03   8.58353078E-03
  0.317447245       1.99879482E-02   8.73576663E-03
  0.317732841       7.88311195E-03   8.43505748E-03
  0.318018436      -1.70072156E-03   8.78816471E-03
  0.318304062       1.62417098E-04   8.60083010E-03
  0.318589658       4.25897120E-03   8.75626504E-03
  0.318875253       1.93915572E-02   8.85373633E-03
  0.319160849       1.13984048E-02   8.80103279E-03
  0.319446445       4.12354153E-03   9.06617101E-03
  0.319732070       1.14291813E-02   8.68018903E-03
  0.320017666       2.42385976E-02   9.16364323E-03
  0.320303261       2.46157614E-03   8.91550630E-03
  0.320588857       5.15875313E-03   9.05576814E-03
  0.320874482       4.99156164E-03   9.29239579E-03
  0.321160078       7.28283124E-03   8.88756663E-03
  0.321445674       6.13156054E-03   9.33600776E-03
  0.321731269       2.52749622E-02   9.08274762E-03
  0.322016895       1.01801641E-02   9.45557468E-03
  0.322302490       2.02621371E-02   9.27359797E-03
  0.322588086       7.81314727E-03   9.32099484E-03
  0.322873682       1.55448336E-02   9.71929263E-03
  0.323159277       7.92252459E-03   9.17471666E-03
  0.323444903       4.70997393E-03   9.79850907E-03
  0.323730499       1.15006452E-03   9.41716228E-03
  0.324016094       1.21923182E-02   9.66507941E-03
  0.324301690      -7.59536575E-04   1.00121116E-02
  0.324587315       8.08505341E-03   9.33831185E-03
  0.324872911       1.86734032E-02   1.00259380E-02
  0.325158507       1.36976950E-02   9.61793121E-03
  0.325444102       4.67676343E-03   1.00498442E-02
  0.325729728       1.40783060E-02   9.86786000E-03
  0.326015323       2.44428846E-03   9.94983967E-03
  0.326300919       1.01162316E-02   1.04257632E-02
  0.326586515       1.25027895E-02   9.84204188E-03
  0.326872110      -1.29228356E-04   1.03710694E-02
  0.327157736      -3.27255949E-03   1.00234272E-02
  0.327443331      -4.40994231E-03   1.03888828E-02
  0.327728927       1.34652434E-02   1.06108617E-02
  0.328014523       7.59249646E-03   1.01722479E-02
  0.328300148       9.29106202E-04   1.08909337E-02
  0.328585744      -3.38190631E-03   1.01788491E-02
  0.328871340       1.83050074E-02   1.08889006E-02
  0.329156935      -4.43200814E-03   1.05447499E-02
  0.329442561       7.15168519E-03   1.07286172E-02
  0.329728156       3.88281979E-03   1.13190953E-02
  0.330013752       1.39218494E-02   1.04445042E-02
  0.330299348       2.28566173E-02   1.13568306E-02
  0.330584943       2.57653687E-02   1.07860509E-02
  0.330870569      -1.12338318E-03   1.12524563E-02
  0.331156164       1.64169017E-02   1.14819715E-02
  0.331441760       2.96183163E-03   1.10092917E-02
  0.331727356       1.17828855E-02   1.18633574E-02
  0.332012981       1.57780126E-02   1.10051902E-02
  0.332298577      -1.99436746E-03   1.18264379E-02
  0.332584172       1.04367500E-02   1.14209577E-02
  0.332869768       2.04154402E-02   1.18473563E-02
  0.333155394       1.44287208E-02   1.24718761E-02
  0.333440989       1.30403014E-02   1.13341901E-02
  0.333726585       2.56782193E-02   1.24564851E-02
  0.334012181       7.77922291E-03   1.17342342E-02
  0.334297776       3.98147292E-03   1.23445811E-02
  0.334583402       7.71218818E-03   1.24288350E-02
  0.334868997       9.88526084E-03   1.21817244E-02
  0.335154593       5.05400728E-03   1.31935077E-02
  0.335440189       7.90932775E-03   1.20239221E-02
  0.335725814       2.16124635E-02   1.32102864E-02
  0.336011410       2.93094330E-02   1.26967533E-02
  0.336297005       2.13860217E-02   1.30515434E-02
  0.336582601      -3.18989647E-03   1.39100151E-02
  0.336868227       1.84461512E-02   1.24815628E-02
  0.337153822       2.49029752E-02   1.39187761E-02
  0.337439418       1.33598456E-03   1.30370101E-02
  0.337725013       1.23135804E-03   1.39548881E-02
  0.338010639      -1.84732527E-02   1.39575396E-02
  0.338296235       1.47542683E-02   1.35564236E-02
  0.338581830       9.42605257E-04   1.50952879E-02
  0.338867426       1.96374375E-02   1.33262761E-02
  0.339153022       2.92566493E-02   1.52251674E-02
  0.339438647       1.63110569E-02   1.39423795E-02
  0.339724243       2.07741074E-02   1.50495339E-02
  0.340009838       5.58965700E-03   1.60423405E-02
  0.340295434      -2.74334457E-02   1.38646793E-02
  0.340581059       1.72330923E-02   1.61628220E-02
  0.340866655      -1.95991510E-04   1.47992074E-02
  0.341152251      -6.18094485E-03   1.61140822E-02
  0.341437846       1.39331371E-02   1.58200487E-02
  0.341723472       1.11957323E-02   1.59023888E-02
  0.342009068       2.58517750E-02   1.80227440E-02
  0.342294663      -7.30792154E-03   1.53591605E-02
  0.342580259       4.50722594E-03   1.75871532E-02
  0.342865855      -4.44780895E-03   1.65777784E-02
  0.343151480       4.22958322E-02   1.74161065E-02
  0.343437076      -2.18270980E-02   1.97511036E-02
  0.343722671       1.94065683E-02   1.61094759E-02
  0.344008267      -1.81780208E-03   2.10784543E-02
  0.344293892       3.31356451E-02   1.69484466E-02
  0.344579488      -2.04446949E-02   2.02895068E-02
  0.344865084       2.36658435E-02   1.89159326E-02
  0.345150679      -6.93146978E-03   1.94036104E-02
  0.345436305      -3.22939159E-04   2.42694318E-02
  0.345721900       2.49787746E-03   1.74658336E-02
  0.346007496      -2.25736108E-02   2.53781863E-02
  0.346293092       4.56360169E-02   1.89262219E-02
  0.346578687      -3.21692713E-02   2.53136400E-02
  0.346864313      -1.01415366E-02   2.30737887E-02
  0.347149909      -4.56691813E-03   2.23267693E-02
  0.347435504      -3.19934799E-03   2.85933670E-02
  0.347721100       3.97896161E-03   2.10886616E-02
  0.348006725       3.62231545E-02   3.12977247E-02
  0.348292321       2.53544394E-02   2.28502713E-02
  0.348577917       4.97822575E-02   3.36838737E-02
  0.348863512       2.13304441E-02   3.48352119E-02
  0.349149138      -1.02580208E-02   2.56847404E-02
