 # q,I,sigma
 # errors rescaled with constant factor:   0.983340979    
 # factor also written to scale_factor.d
   2.99882679E-03   3.55585888E-02   2.39653396E-03
   3.28442943E-03   3.38683538E-02   1.29889557E-03
   3.57003184E-03   3.51732075E-02   1.10793952E-03
   3.85563448E-03   3.39991041E-02   9.02388070E-04
   4.14123712E-03   3.40308473E-02   7.24286016E-04
   4.42683976E-03   3.60514857E-02   6.16475765E-04
   4.71244240E-03   3.56708243E-02   5.64524031E-04
   4.99804458E-03   3.52443792E-02   5.35991916E-04
   5.28364722E-03   3.51376571E-02   5.12039231E-04
   5.56924986E-03   3.46452259E-02   5.08849160E-04
   5.85485250E-03   3.52876596E-02   5.05302974E-04
   6.14045514E-03   3.44271213E-02   4.89392376E-04
   6.42605731E-03   3.52235436E-02   4.77907277E-04
   6.71165995E-03   3.50828394E-02   4.61074116E-04
   6.99726259E-03   3.42845507E-02   4.51115193E-04
   7.28286523E-03   3.48002575E-02   4.46516147E-04
   7.56846787E-03   3.52617465E-02   4.42035613E-04
   7.85407051E-03   3.44204865E-02   4.25473176E-04
   8.13967269E-03   3.41498703E-02   4.18699143E-04
   8.42527580E-03   3.51295508E-02   4.19032556E-04
   8.71087797E-03   3.42500880E-02   4.06314008E-04
   8.99648014E-03   3.42527926E-02   4.05031897E-04
   9.28208325E-03   3.40876766E-02   3.92307877E-04
   9.56768543E-03   3.34814526E-02   3.83890001E-04
   9.85328853E-03   3.37380320E-02   3.93512455E-04
   1.01388907E-02   3.42535228E-02   3.75176402E-04
   1.04244929E-02   3.38396989E-02   3.67503293E-04
   1.07100960E-02   3.33683155E-02   3.69075657E-04
   1.09956982E-02   3.40497829E-02   3.64029518E-04
   1.12813013E-02   3.37551795E-02   3.66433291E-04
   1.15669034E-02   3.37051488E-02   3.50299175E-04
   1.18525065E-02   3.33126299E-02   3.50288057E-04
   1.21381087E-02   3.38480584E-02   3.48057569E-04
   1.24237109E-02   3.34390961E-02   3.20314401E-04
   1.27093140E-02   3.31533253E-02   3.13629134E-04
   1.29949162E-02   3.37658525E-02   3.00955347E-04
   1.32805184E-02   3.30651887E-02   2.98326224E-04
   1.35661215E-02   3.27143781E-02   2.89284537E-04
   1.38517236E-02   3.30345556E-02   2.84105423E-04
   1.41373267E-02   3.23420092E-02   2.78352993E-04
   1.44229289E-02   3.26621272E-02   2.74955208E-04
   1.47085320E-02   3.22571136E-02   2.70541263E-04
   1.49941342E-02   3.25246863E-02   2.64818606E-04
   1.52797364E-02   3.25530432E-02   2.62274232E-04
   1.55653395E-02   3.25077660E-02   2.56339612E-04
   1.58509426E-02   3.16069387E-02   2.54554499E-04
   1.61365438E-02   3.16560566E-02   2.49640056E-04
   1.64221469E-02   3.16865407E-02   2.46351963E-04
   1.67077500E-02   3.15022916E-02   2.43465605E-04
   1.69933513E-02   3.13761234E-02   2.38904249E-04
   1.72789544E-02   3.15851793E-02   2.37515327E-04
   1.75645575E-02   3.14801447E-02   2.34916966E-04
   1.78501606E-02   3.15090045E-02   2.30883714E-04
   1.81357618E-02   3.10937613E-02   2.30341320E-04
   1.84213649E-02   3.09940055E-02   2.25377880E-04
   1.87069681E-02   3.09509858E-02   2.24263669E-04
   1.89925693E-02   3.06586623E-02   2.23884359E-04
   1.92781724E-02   3.07484940E-02   2.17465742E-04
   1.95637755E-02   3.01949978E-02   2.17766035E-04
   1.98493768E-02   3.01276594E-02   2.13255087E-04
   2.01349799E-02   2.96938159E-02   2.12841449E-04
   2.04205830E-02   3.00867856E-02   2.12215484E-04
   2.07061861E-02   2.96778306E-02   2.06732249E-04
   2.09917873E-02   2.96581499E-02   2.07326157E-04
   2.12773904E-02   2.96893418E-02   2.04179072E-04
   2.15629935E-02   2.91740373E-02   2.02934418E-04
   2.18485948E-02   2.93970257E-02   2.01218965E-04
   2.21341979E-02   2.92605236E-02   1.98319613E-04
   2.24198010E-02   2.86643766E-02   1.97510599E-04
   2.27054041E-02   2.87167057E-02   1.95920526E-04
   2.29910053E-02   2.84498073E-02   1.94213062E-04
   2.32766084E-02   2.86956839E-02   1.91358340E-04
   2.35622115E-02   2.86315531E-02   1.91777115E-04
   2.38478128E-02   2.82934345E-02   1.88881982E-04
   2.41334159E-02   2.82877162E-02   1.87777157E-04
   2.44190190E-02   2.77247094E-02   1.85923476E-04
   2.47046202E-02   2.75530182E-02   1.83980461E-04
   2.49902233E-02   2.74770670E-02   1.83390934E-04
   2.52758265E-02   2.75143273E-02   1.81405208E-04
   2.55614296E-02   2.75483355E-02   1.80450064E-04
   2.58470308E-02   2.72772647E-02   1.79937007E-04
   2.61326339E-02   2.69843079E-02   1.76944712E-04
   2.64182370E-02   2.65999548E-02   1.76923611E-04
   2.67038383E-02   2.64190100E-02   1.73410881E-04
   2.69894414E-02   2.65223123E-02   1.75062683E-04
   2.72750445E-02   2.62495391E-02   1.72404296E-04
   2.75606457E-02   2.64000595E-02   1.71567270E-04
   2.78462488E-02   2.61731744E-02   1.74537097E-04
   2.81318519E-02   2.59905532E-02   1.75504334E-04
   2.84174550E-02   2.58326121E-02   1.74260975E-04
   2.87030563E-02   2.56224461E-02   1.74507484E-04
   2.89886594E-02   2.53960080E-02   1.72330343E-04
   2.92742625E-02   2.53741778E-02   1.73362336E-04
   2.95598637E-02   2.51590163E-02   1.71730877E-04
   2.98454668E-02   2.52514631E-02   1.71476931E-04
   3.01310699E-02   2.50335857E-02   1.70739149E-04
   3.04166730E-02   2.45714933E-02   1.69607840E-04
   3.07022743E-02   2.45966911E-02   1.70208601E-04
   3.09878774E-02   2.43113674E-02   1.68584796E-04
   3.12734805E-02   2.40410492E-02   1.68888757E-04
   3.15590836E-02   2.41106227E-02   1.68752740E-04
   3.18446867E-02   2.36962289E-02   1.67821927E-04
   3.21302861E-02   2.38200538E-02   1.67011123E-04
   3.24158892E-02   2.36100107E-02   1.67447957E-04
   3.27014923E-02   2.37622261E-02   1.66273545E-04
   3.29870954E-02   2.33346224E-02   1.66513913E-04
   3.32726985E-02   2.32479833E-02   1.65242556E-04
   3.35583016E-02   2.28314400E-02   1.65556281E-04
   3.38439010E-02   2.31167078E-02   1.64795318E-04
   3.41295041E-02   2.29188539E-02   1.63587159E-04
   3.44151072E-02   2.26158574E-02   1.64431389E-04
   3.47007103E-02   2.23460793E-02   1.62249009E-04
   3.49863134E-02   2.20882222E-02   1.63764082E-04
   3.52719165E-02   2.22911946E-02   1.60910000E-04
   3.55575196E-02   2.19756514E-02   1.59982621E-04
   3.58431190E-02   2.19357274E-02   1.59508869E-04
   3.61287221E-02   2.17544883E-02   1.59602467E-04
   3.64143252E-02   2.13683806E-02   1.58741561E-04
   3.66999283E-02   2.13493258E-02   1.57821385E-04
   3.69855314E-02   2.08722986E-02   1.58459225E-04
   3.72711346E-02   2.08199434E-02   1.56916052E-04
   3.75567377E-02   2.07951777E-02   1.54914334E-04
   3.78423370E-02   2.03625709E-02   1.54898138E-04
   3.81279401E-02   2.08128802E-02   1.54398047E-04
   3.84135433E-02   2.05231011E-02   1.54842404E-04
   3.86991464E-02   2.01817490E-02   1.53221699E-04
   3.89847495E-02   2.00705081E-02   1.52692606E-04
   3.92703526E-02   2.01853327E-02   1.52336812E-04
   3.95559557E-02   1.98796950E-02   1.51214146E-04
   3.98415551E-02   1.97217241E-02   1.51067899E-04
   4.01271582E-02   1.95347033E-02   1.49687883E-04
   4.04127613E-02   1.92486681E-02   1.50560765E-04
   4.06983644E-02   1.91935115E-02   1.49432119E-04
   4.09839675E-02   1.90939009E-02   1.47649946E-04
   4.12695706E-02   1.89945884E-02   1.47333427E-04
   4.15551737E-02   1.85158849E-02   1.47024431E-04
   4.18407731E-02   1.85601823E-02   1.47632643E-04
   4.21263762E-02   1.85540877E-02   1.46233855E-04
   4.24119793E-02   1.84669383E-02   1.44907972E-04
   4.26975824E-02   1.83781981E-02   1.44708407E-04
   4.29831855E-02   1.83947384E-02   1.45217316E-04
   4.32687886E-02   1.78745277E-02   1.44713398E-04
   4.35543880E-02   1.78834833E-02   1.43428551E-04
   4.38399911E-02   1.76150575E-02   1.43118901E-04
   4.41255942E-02   1.73353553E-02   1.43209603E-04
   4.44111973E-02   1.74339153E-02   1.41697878E-04
   4.46968004E-02   1.75567605E-02   1.42328659E-04
   4.49824035E-02   1.71950534E-02   1.40244025E-04
   4.52680066E-02   1.74234547E-02   1.42017583E-04
   4.55536060E-02   1.68948248E-02   1.40835458E-04
   4.58392091E-02   1.69860572E-02   1.40459189E-04
   4.61248122E-02   1.67589448E-02   1.38991076E-04
   4.64104153E-02   1.66892968E-02   1.38797521E-04
   4.66960184E-02   1.62957460E-02   1.40172429E-04
   4.69816215E-02   1.62344091E-02   1.37175841E-04
   4.72672246E-02   1.64003931E-02   1.38203599E-04
   4.75528240E-02   1.61230676E-02   1.38115560E-04
   4.78384271E-02   1.58012845E-02   1.37163501E-04
   4.81240302E-02   1.57033019E-02   1.36529154E-04
   4.84096333E-02   1.57007203E-02   1.36769304E-04
   4.86952364E-02   1.55534744E-02   1.39960539E-04
   4.89808396E-02   1.56827420E-02   1.41893484E-04
   4.92664427E-02   1.53406225E-02   1.40763819E-04
   4.95520420E-02   1.52837783E-02   1.43109239E-04
   4.98376451E-02   1.50216445E-02   1.41039156E-04
   5.01232482E-02   1.51041299E-02   1.44575286E-04
   5.04088514E-02   1.50521435E-02   1.43126701E-04
   5.06944545E-02   1.45921372E-02   1.44066682E-04
   5.09800576E-02   1.48966052E-02   1.44632431E-04
   5.12656569E-02   1.46613829E-02   1.44447709E-04
   5.15512601E-02   1.42343044E-02   1.44712918E-04
   5.18368632E-02   1.43317692E-02   1.45037542E-04
   5.21224663E-02   1.39556900E-02   1.44965234E-04
   5.24080694E-02   1.41530521E-02   1.45815764E-04
   5.26936725E-02   1.41026713E-02   1.46572725E-04
   5.29792756E-02   1.42264776E-02   1.46276958E-04
   5.32648750E-02   1.38066821E-02   1.44911086E-04
   5.35504781E-02   1.37818530E-02   1.46272636E-04
   5.38360812E-02   1.38803162E-02   1.46567341E-04
   5.41216843E-02   1.34881996E-02   1.45393496E-04
   5.44072874E-02   1.33552849E-02   1.48019986E-04
   5.46928905E-02   1.32775865E-02   1.45585043E-04
   5.49784936E-02   1.32532567E-02   1.47563711E-04
   5.52640930E-02   1.32094137E-02   1.44665872E-04
   5.55496961E-02   1.31158419E-02   1.47883649E-04
   5.58352992E-02   1.28311552E-02   1.46117862E-04
   5.61209023E-02   1.28740408E-02   1.46563078E-04
   5.64065054E-02   1.28630064E-02   1.48193300E-04
   5.66921085E-02   1.28383189E-02   1.44096775E-04
   5.69777116E-02   1.24641359E-02   1.46797625E-04
   5.72633110E-02   1.25302896E-02   1.44715159E-04
   5.75489141E-02   1.21040307E-02   1.45220110E-04
   5.78345172E-02   1.21150017E-02   1.46204082E-04
   5.81201203E-02   1.21720918E-02   1.44264646E-04
   5.84057234E-02   1.19411238E-02   1.44923688E-04
   5.86913265E-02   1.20821185E-02   1.43278608E-04
   5.89769296E-02   1.16863474E-02   1.44581296E-04
   5.92625290E-02   1.17575638E-02   1.43486002E-04
   5.95481321E-02   1.17054507E-02   1.44068676E-04
   5.98337352E-02   1.16657466E-02   1.44888632E-04
   6.01193383E-02   1.14488825E-02   1.40968463E-04
   6.04049414E-02   1.13042444E-02   1.44511330E-04
   6.06905445E-02   1.13952234E-02   1.41289842E-04
   6.09761439E-02   1.14937760E-02   1.43294586E-04
   6.12617470E-02   1.10540651E-02   1.43215642E-04
   6.15473501E-02   1.14454217E-02   1.41031705E-04
   6.18329532E-02   1.09169558E-02   1.42680612E-04
   6.21185564E-02   1.10585466E-02   1.40080156E-04
   6.24041595E-02   1.09422132E-02   1.41836630E-04
   6.26897588E-02   1.08491965E-02   1.40571763E-04
   6.29753619E-02   1.08029097E-02   1.41276381E-04
   6.32609650E-02   1.04188025E-02   1.41927812E-04
   6.35465682E-02   1.05769187E-02   1.38804011E-04
   6.38321713E-02   1.01993717E-02   1.39710421E-04
   6.41177744E-02   1.03012584E-02   1.39332056E-04
   6.44033775E-02   1.04005821E-02   1.39246898E-04
   6.46889806E-02   1.01867989E-02   1.40383374E-04
   6.49745837E-02   9.95185599E-03   1.37173076E-04
   6.52601868E-02   9.92712006E-03   1.39932192E-04
   6.55457899E-02   1.01934373E-02   1.38597694E-04
   6.58313856E-02   9.75151733E-03   1.37681782E-04
   6.61169887E-02   9.70733166E-03   1.42629200E-04
   6.64025918E-02   9.95578244E-03   1.45047408E-04
   6.66881949E-02   9.67987254E-03   1.48282925E-04
   6.69737980E-02   9.29164141E-03   1.46309423E-04
   6.72594011E-02   9.39893723E-03   1.49662970E-04
   6.75450042E-02   9.44282115E-03   1.49833708E-04
   6.78306073E-02   9.13451985E-03   1.51788641E-04
   6.81162104E-02   9.28651169E-03   1.52856286E-04
   6.84018135E-02   9.24980268E-03   1.51188506E-04
   6.86874166E-02   9.34763253E-03   1.55309041E-04
   6.89730197E-02   9.05180350E-03   1.53583780E-04
   6.92586228E-02   8.92095640E-03   1.56052789E-04
   6.95442259E-02   8.83616880E-03   1.56454131E-04
   6.98298216E-02   8.80698487E-03   1.55029862E-04
   7.01154247E-02   8.57951492E-03   1.58634037E-04
   7.04010278E-02   8.82635638E-03   1.57372386E-04
   7.06866309E-02   8.81598890E-03   1.58267387E-04
   7.09722340E-02   8.53098184E-03   1.62054115E-04
   7.12578371E-02   8.40743259E-03   1.59195013E-04
   7.15434402E-02   8.49234685E-03   1.61655989E-04
   7.18290433E-02   8.25268030E-03   1.60084848E-04
   7.21146464E-02   8.55214521E-03   1.60786803E-04
   7.24002495E-02   8.16711411E-03   1.61225937E-04
   7.26858526E-02   8.13635439E-03   1.61189309E-04
   7.29714558E-02   8.30006972E-03   1.55682195E-04
   7.32570589E-02   8.20226222E-03   1.50685853E-04
   7.35426545E-02   7.85973668E-03   1.48427891E-04
   7.38282576E-02   7.93836638E-03   1.48676147E-04
   7.41138607E-02   7.79397786E-03   1.45721759E-04
   7.43994638E-02   8.03697109E-03   1.45759812E-04
   7.46850669E-02   7.94411451E-03   1.42961755E-04
   7.49706700E-02   7.85515457E-03   1.42872028E-04
   7.52562732E-02   7.39647076E-03   1.41079727E-04
   7.55418763E-02   7.78900832E-03   1.41038661E-04
   7.58274794E-02   7.69951940E-03   1.40666598E-04
   7.61130825E-02   7.42106512E-03   1.38985313E-04
   7.63986856E-02   7.64181092E-03   1.38385018E-04
   7.66842887E-02   7.39912689E-03   1.36841860E-04
   7.69698918E-02   7.28225708E-03   1.36965202E-04
   7.72554949E-02   6.98299706E-03   1.35725160E-04
   7.75410905E-02   7.23463297E-03   1.36430055E-04
   7.78266937E-02   7.27748871E-03   1.35356124E-04
   7.81122968E-02   7.02011958E-03   1.33570124E-04
   7.83978999E-02   7.17810541E-03   1.34330578E-04
   7.86835030E-02   7.10192695E-03   1.32630463E-04
   7.89691061E-02   7.30054826E-03   1.35259790E-04
   7.92547092E-02   7.04501197E-03   1.33797104E-04
   7.95403123E-02   7.04875961E-03   1.32973466E-04
   7.98259154E-02   6.88906014E-03   1.33602924E-04
   8.01115185E-02   6.93142414E-03   1.31663270E-04
   8.03971216E-02   6.99970126E-03   1.33002119E-04
   8.06827247E-02   6.74254447E-03   1.32041198E-04
   8.09683278E-02   6.49762154E-03   1.31595269E-04
   8.12539235E-02   6.33577630E-03   1.31660083E-04
   8.15395266E-02   6.50937110E-03   1.30213783E-04
   8.18251297E-02   6.34822994E-03   1.31219611E-04
   8.21107328E-02   6.55737147E-03   1.31482826E-04
   8.23963359E-02   6.40405342E-03   1.30314598E-04
   8.26819390E-02   6.35853782E-03   1.31534995E-04
   8.29675421E-02   6.23426214E-03   1.29207940E-04
   8.32531452E-02   6.08930737E-03   1.30149754E-04
   8.35387483E-02   6.12793490E-03   1.28719897E-04
   8.38243514E-02   6.14342466E-03   1.29921478E-04
   8.41099545E-02   6.21249154E-03   1.29818218E-04
   8.43955576E-02   5.79513609E-03   1.28000349E-04
   8.46811607E-02   5.94605878E-03   1.29296910E-04
   8.49667639E-02   6.10007346E-03   1.27961815E-04
   8.52523595E-02   5.93303889E-03   1.28675631E-04
   8.55379626E-02   5.84659725E-03   1.27562394E-04
   8.58235657E-02   5.79594821E-03   1.27398409E-04
   8.61091688E-02   5.79268485E-03   1.29129287E-04
   8.63947719E-02   5.57823479E-03   1.27094783E-04
   8.66803750E-02   5.81178442E-03   1.27050705E-04
   8.69659781E-02   5.54983318E-03   1.26489700E-04
   8.72515813E-02   5.56367263E-03   1.26840459E-04
   8.75371844E-02   5.54408506E-03   1.27645282E-04
   8.78227875E-02   5.52310422E-03   1.25581311E-04
   8.81083906E-02   5.92704490E-03   1.26413346E-04
   8.83939937E-02   5.54231182E-03   1.25450460E-04
   8.86795968E-02   5.68414107E-03   1.26466199E-04
   8.89651924E-02   5.40170819E-03   1.25898398E-04
   8.92507955E-02   5.54122776E-03   1.24488826E-04
   8.95363986E-02   5.38551807E-03   1.25945182E-04
   8.98220018E-02   5.31563908E-03   1.24555561E-04
   9.01076049E-02   5.09511307E-03   1.25198305E-04
   9.03932080E-02   4.94287536E-03   1.23624239E-04
   9.06788111E-02   4.94099408E-03   1.24043669E-04
   9.09644142E-02   5.16749918E-03   1.25293853E-04
   9.12500173E-02   5.02178818E-03   1.24337093E-04
   9.15356204E-02   5.13219833E-03   1.23362915E-04
   9.18212235E-02   5.11706620E-03   1.22452344E-04
   9.21068266E-02   5.14473766E-03   1.24081940E-04
   9.23924297E-02   4.68722358E-03   1.23748294E-04
   9.26780328E-02   4.91196290E-03   1.23135018E-04
   9.29636285E-02   5.04939258E-03   1.22754514E-04
   9.32492316E-02   4.70757484E-03   1.22381505E-04
   9.35348347E-02   4.77249548E-03   1.23239297E-04
   9.38204378E-02   4.78155538E-03   1.21957659E-04
   9.41060409E-02   4.65199351E-03   1.21911857E-04
   9.43916440E-02   4.52715904E-03   1.21903482E-04
   9.46772471E-02   4.64624912E-03   1.21867772E-04
   9.49628502E-02   4.63994220E-03   1.22182377E-04
   9.52484533E-02   4.61072847E-03   1.20574819E-04
   9.55340564E-02   4.33227047E-03   1.21363431E-04
   9.58196595E-02   4.50704619E-03   1.21074605E-04
   9.61052626E-02   4.49569151E-03   1.21716657E-04
   9.63908657E-02   4.57154959E-03   1.20365527E-04
   9.66764614E-02   4.16804105E-03   1.20293807E-04
   9.69620645E-02   4.26287949E-03   1.20533339E-04
   9.72476676E-02   4.39222902E-03   1.20271659E-04
   9.75332707E-02   4.29039076E-03   1.19523698E-04
   9.78188738E-02   3.99265438E-03   1.20360004E-04
   9.81044769E-02   4.28937376E-03   1.19686381E-04
   9.83900800E-02   4.35969234E-03   1.21272409E-04
   9.86756831E-02   4.30360436E-03   1.18459437E-04
   9.89612862E-02   4.39649820E-03   1.19018623E-04
   9.92468894E-02   4.17930260E-03   1.19174183E-04
   9.95324925E-02   3.97896394E-03   1.19459466E-04
   9.98180956E-02   4.07221168E-03   1.19391865E-04
  0.100103699       4.07247990E-03   1.18521079E-04
  0.100389294       3.96014750E-03   1.17872354E-04
  0.100674897       3.95877287E-03   1.18734635E-04
  0.100960501       4.05351445E-03   1.18445940E-04
  0.101246104       3.76045331E-03   1.17817945E-04
  0.101531707       3.88658419E-03   1.17429983E-04
  0.101817310       3.90091166E-03   1.18247539E-04
  0.102102913       3.75335664E-03   1.18084303E-04
  0.102388516       3.97998467E-03   1.17005693E-04
  0.102674119       3.79707664E-03   1.17343108E-04
  0.102959722       3.83744016E-03   1.17147465E-04
  0.103245325       3.57750431E-03   1.16766292E-04
  0.103530928       3.68309766E-03   1.17425087E-04
  0.103816532       3.65363434E-03   1.15935938E-04
  0.104102135       3.53711098E-03   1.16762028E-04
  0.104387730       3.50959972E-03   1.15810151E-04
  0.104673333       3.51256877E-03   1.16987983E-04
  0.104958937       3.56350839E-03   1.15583258E-04
  0.105244540       3.57793644E-03   1.16165611E-04
  0.105530143       3.55855376E-03   1.16559801E-04
  0.105815746       3.48832458E-03   1.15092036E-04
  0.106101349       3.57498974E-03   1.15129798E-04
  0.106386952       3.50695103E-03   1.14662071E-04
  0.106672555       3.30051035E-03   1.16073701E-04
  0.106958158       3.39160487E-03   1.15907831E-04
  0.107243761       3.30292806E-03   1.14139904E-04
  0.107529365       3.27797979E-03   1.15009178E-04
  0.107814968       3.42322886E-03   1.14861810E-04
  0.108100563       3.42915580E-03   1.14378076E-04
  0.108386166       3.06921452E-03   1.14322669E-04
  0.108671769       3.26577201E-03   1.14388160E-04
  0.108957373       3.33657488E-03   1.13912261E-04
  0.109242976       3.22774798E-03   1.14014780E-04
  0.109528579       3.13758105E-03   1.17348420E-04
  0.109814182       3.25759128E-03   1.16999552E-04
  0.110099785       3.08820978E-03   1.19212120E-04
  0.110385388       2.92928144E-03   1.19842858E-04
  0.110670991       2.92554870E-03   1.20952951E-04
  0.110956594       3.05278599E-03   1.21341684E-04
  0.111242197       3.01134959E-03   1.21713216E-04
  0.111527801       2.79076025E-03   1.22864381E-04
  0.111813404       2.96590477E-03   1.24000362E-04
  0.112098999       2.89388746E-03   1.24481914E-04
  0.112384602       2.94745341E-03   1.25401668E-04
  0.112670206       2.93856859E-03   1.25174862E-04
  0.112955809       2.78272480E-03   1.26996485E-04
  0.113241412       2.81389058E-03   1.25981984E-04
  0.113527015       2.70403922E-03   1.23284568E-04
  0.113812618       2.82552838E-03   1.23615959E-04
  0.114098221       2.86026299E-03   1.21535231E-04
  0.114383824       2.77626142E-03   1.22291196E-04
  0.114669427       2.63703614E-03   1.19597025E-04
  0.114955030       2.86053494E-03   1.20009921E-04
  0.115240633       2.54512578E-03   1.19061893E-04
  0.115526237       2.73120031E-03   1.19037846E-04
  0.115811840       2.76820734E-03   1.18819837E-04
  0.116097435       2.59553641E-03   1.16489362E-04
  0.116383038       2.59802863E-03   1.18076932E-04
  0.116668642       2.41708383E-03   1.16785901E-04
  0.116954245       2.49328837E-03   1.16526397E-04
  0.117239848       2.88829580E-03   1.17463198E-04
  0.117525451       2.53827125E-03   1.15497809E-04
  0.117811054       2.36167014E-03   1.16710202E-04
  0.118096657       2.47590989E-03   1.14962852E-04
  0.118382260       2.49520317E-03   1.15399591E-04
  0.118667863       2.54568085E-03   1.15187919E-04
  0.118953466       2.67111510E-03   1.15077724E-04
  0.119239070       2.35798210E-03   1.15261959E-04
  0.119524673       2.39113346E-03   1.13805916E-04
  0.119810268       2.28903443E-03   1.14002818E-04
  0.120095871       2.35093012E-03   1.13992995E-04
  0.120381474       2.22152844E-03   1.12841110E-04
  0.120667078       2.27034092E-03   1.13377704E-04
  0.120952681       2.34124810E-03   1.10977286E-04
  0.121238284       2.33033299E-03   1.12695445E-04
  0.121523887       2.32698396E-03   1.11861322E-04
  0.121809490       2.08113715E-03   1.11034751E-04
  0.122095093       2.35671923E-03   1.11859044E-04
  0.122380696       2.29660049E-03   1.10401983E-04
  0.122666299       2.19599530E-03   1.10451037E-04
  0.122951902       2.05839425E-03   1.09350127E-04
  0.123237506       2.20840797E-03   1.10220615E-04
  0.123523109       2.29406357E-03   1.09645320E-04
  0.123808704       1.90435722E-03   1.09483008E-04
  0.124094307       2.08409503E-03   1.09972338E-04
  0.124379911       2.19410658E-03   1.08508881E-04
  0.124665514       1.97088346E-03   1.08770852E-04
  0.124951117       2.10802257E-03   1.09091896E-04
  0.125236720       2.20176950E-03   1.09354442E-04
  0.125522330       1.88642368E-03   1.09417684E-04
  0.125807926       2.07614154E-03   1.07839536E-04
  0.126093522       1.99546292E-03   1.08821514E-04
  0.126379132       1.87286362E-03   1.08052918E-04
  0.126664728       1.95393339E-03   1.10990819E-04
  0.126950338       2.01034173E-03   1.13019101E-04
  0.127235934       1.87462941E-03   1.13869668E-04
  0.127521545       1.80933997E-03   1.16130541E-04
  0.127807140       1.97419152E-03   1.15578783E-04
  0.128092751       1.80432945E-03   1.17389420E-04
  0.128378347       1.65646151E-03   1.17150172E-04
  0.128663957       1.79553777E-03   1.18097050E-04
  0.128949553       1.66442990E-03   1.19179167E-04
  0.129235163       2.00742856E-03   1.19046570E-04
  0.129520759       1.81634724E-03   1.19035270E-04
  0.129806355       1.90037861E-03   1.19623088E-04
  0.130091965       1.37439370E-03   1.18901036E-04
  0.130377561       1.89431384E-03   1.20930395E-04
  0.130663171       1.63181499E-03   1.19137447E-04
  0.130948767       1.82947889E-03   1.20007608E-04
  0.131234378       1.65339187E-03   1.18334923E-04
  0.131519973       1.62529945E-03   1.20115503E-04
  0.131805584       1.61861628E-03   1.20439938E-04
  0.132091179       1.73883513E-03   1.20288903E-04
  0.132376790       1.47542730E-03   1.22178273E-04
  0.132662386       1.57072395E-03   1.20112680E-04
  0.132947996       1.50932372E-03   1.21273493E-04
  0.133233592       1.57414749E-03   1.21089644E-04
  0.133519188       1.55448541E-03   1.18919408E-04
  0.133804798       1.63973868E-03   1.16870702E-04
  0.134090394       1.53783709E-03   1.13662711E-04
  0.134376004       1.39520317E-03   1.14141607E-04
  0.134661600       1.57682598E-03   1.12734742E-04
  0.134947211       1.47696584E-03   1.12072506E-04
  0.135232806       1.54774264E-03   1.11806650E-04
  0.135518417       1.32900476E-03   1.10276371E-04
  0.135804012       1.52825192E-03   1.09515073E-04
  0.136089623       1.44231319E-03   1.08955930E-04
  0.136375219       1.55506656E-03   1.09386907E-04
  0.136660829       1.50155649E-03   1.08665605E-04
  0.136946425       1.28891692E-03   1.08224187E-04
  0.137232035       1.39811262E-03   1.08315748E-04
  0.137517631       1.36108696E-03   1.07676002E-04
  0.137803227       1.58517063E-03   1.08376225E-04
  0.138088837       1.57428905E-03   1.07068816E-04
  0.138374433       1.27767399E-03   1.07320593E-04
  0.138660043       1.43390894E-03   1.07310312E-04
  0.138945639       1.46796182E-03   1.06876825E-04
  0.139231250       1.27623603E-03   1.07036671E-04
  0.139516845       1.28636137E-03   1.06546591E-04
  0.139802456       1.31866336E-03   1.05892563E-04
  0.140088052       1.40924752E-03   1.06574284E-04
  0.140373662       1.27677619E-03   1.06148022E-04
  0.140659258       1.26238167E-03   1.06182837E-04
  0.140944868       1.13840029E-03   1.05169398E-04
  0.141230464       1.39607862E-03   1.06129104E-04
  0.141516060       1.28522143E-03   1.05497507E-04
  0.141801670       1.28073245E-03   1.05379644E-04
  0.142087266       1.18999928E-03   1.05566658E-04
  0.142372876       1.23413652E-03   1.04136940E-04
  0.142658472       1.21625885E-03   1.05419233E-04
  0.142944083       1.04473904E-03   1.04678053E-04
  0.143229678       1.13210827E-03   1.04447696E-04
  0.143515289       1.26932934E-03   1.05181367E-04
  0.143800884       1.05221570E-03   1.03688777E-04
  0.144086495       9.57898796E-04   1.04534003E-04
  0.144372091       1.31905824E-03   1.03678940E-04
  0.144657701       1.16311759E-03   1.04230712E-04
  0.144943297       1.12506747E-03   1.03633807E-04
  0.145228893       1.26585737E-03   1.03303610E-04
  0.145514503       1.07377395E-03   1.04459737E-04
  0.145800099       1.02066621E-03   1.02414320E-04
  0.146085709       1.06624514E-03   1.04019484E-04
  0.146371305       1.07953325E-03   1.03476545E-04
  0.146656916       9.87775624E-04   1.03131257E-04
  0.146942511       9.35595483E-04   1.02934187E-04
  0.147228122       1.02777779E-03   1.01873797E-04
  0.147513717       9.55317169E-04   1.02977028E-04
  0.147799328       1.12998113E-03   1.03118269E-04
  0.148084924       1.06425211E-03   1.02325983E-04
  0.148370534       1.12814829E-03   1.02787388E-04
  0.148656130       1.02440640E-03   1.02186998E-04
  0.148941740       7.96061009E-04   1.02535712E-04
  0.149227336       1.01119652E-03   1.01989783E-04
  0.149512932       1.10408664E-03   1.01707665E-04
  0.149798542       1.01571158E-03   1.02062717E-04
  0.150084138       9.30197537E-04   1.01528429E-04
  0.150369748       8.85024667E-04   1.01823833E-04
  0.150655344       1.02345645E-03   1.00978723E-04
  0.150940955       1.09880045E-03   1.02113743E-04
  0.151226550       9.49602574E-04   1.01242033E-04
  0.151512161       9.76387411E-04   1.01423502E-04
  0.151797757       9.58096236E-04   1.00960635E-04
  0.152083367       7.44264573E-04   1.00150784E-04
  0.152368963       7.13415444E-04   1.01239253E-04
  0.152654573       9.24486667E-04   1.00490157E-04
  0.152940169       8.62684101E-04   1.00657213E-04
  0.153225765       7.82407820E-04   1.00286954E-04
  0.153511375       7.17729330E-04   1.00445490E-04
  0.153796971       5.23567200E-04   1.00264690E-04
  0.154082581       6.52484596E-04   9.97080642E-05
  0.154368177       7.95125961E-04   1.00544778E-04
  0.154653788       7.42230564E-04   9.98423566E-05
  0.154939383       8.03109258E-04   1.00138488E-04
  0.155224994       8.24280083E-04   9.96319941E-05
  0.155510589       7.61657953E-04   9.94119837E-05
  0.155796200       6.96528703E-04   9.97224997E-05
  0.156081796       8.23881477E-04   9.96544259E-05
  0.156367406       6.67966902E-04   9.96129602E-05
  0.156653002       6.42787665E-04   9.91473717E-05
  0.156938598       7.48269260E-04   9.90258413E-05
  0.157224208       8.44635069E-04   9.92457499E-05
  0.157509804       8.45957547E-04   9.90568005E-05
  0.157795414       8.55486840E-04   9.87629683E-05
  0.158081010       6.75301999E-04   9.91924098E-05
  0.158366621       8.35102051E-04   9.85919178E-05
  0.158652216       6.44106418E-04   9.87020248E-05
  0.158937827       6.12784177E-04   9.79442193E-05
  0.159223422       6.56306744E-04   9.84412764E-05
  0.159509033       5.98479062E-04   9.83363134E-05
  0.159794629       7.87202269E-04   9.82057027E-05
  0.160080239       7.06724823E-04   9.86000668E-05
  0.160365835       6.90896064E-04   9.74614231E-05
  0.160651445       6.80070370E-04   9.79847537E-05
  0.160937041       5.83585352E-04   9.80433251E-05
  0.161222637       6.16509467E-04   9.76718002E-05
  0.161508247       6.37572259E-04   9.76619922E-05
  0.161793843       5.97599894E-04   9.76551601E-05
  0.162079453       7.56509602E-04   9.76457013E-05
  0.162365049       6.90612942E-04   9.74499417E-05
  0.162650660       5.32861799E-04   9.69875982E-05
  0.162936255       8.15480947E-04   9.74530849E-05
  0.163221866       6.76058233E-04   9.75268485E-05
  0.163507462       7.87999481E-04   9.74175273E-05
  0.163793072       5.49282879E-04   9.64437277E-05
  0.164078668       6.98361546E-04   9.70490146E-05
  0.164364278       6.95832074E-04   9.65583386E-05
  0.164649874       4.84973192E-04   9.70617475E-05
  0.164935470       5.13855368E-04   9.67889355E-05
  0.165221080       4.94211912E-04   9.65761137E-05
  0.165506676       7.19536096E-04   9.69534449E-05
  0.165792286       7.30510801E-04   9.60595062E-05
  0.166077882       5.71191311E-04   9.67315209E-05
  0.166363493       5.06877899E-04   9.61105325E-05
  0.166649088       5.15621156E-04   9.64368883E-05
  0.166934699       7.15423375E-04   9.62982303E-05
  0.167220294       7.66824931E-04   9.56948352E-05
  0.167505905       4.29410487E-04   9.57992743E-05
  0.167791501       5.48720360E-04   9.58378805E-05
  0.168077111       5.45103103E-04   9.60553516E-05
  0.168362707       5.69529831E-04   9.53685667E-05
  0.168648303       6.27547503E-04   9.50616450E-05
  0.168933913       5.78664243E-04   9.52937917E-05
  0.169219509       4.69855964E-04   9.49409077E-05
  0.169505119       6.30348921E-04   9.46449509E-05
  0.169790715       7.09623098E-04   9.44373678E-05
  0.170076326       4.70917672E-04   9.44860003E-05
  0.170361921       4.06868756E-04   9.44963322E-05
  0.170647532       3.83429229E-04   9.38787271E-05
  0.170933127       4.37498093E-04   9.46389046E-05
  0.171218738       4.73480672E-04   9.34726631E-05
  0.171504334       3.77476215E-04   9.46693326E-05
  0.171789944       3.93882394E-04   9.47623121E-05
  0.172075540       3.73709947E-04   9.29592934E-05
  0.172361135       5.60544431E-04   9.40421960E-05
  0.172646746       4.19925898E-04   9.35256103E-05
  0.172932342       4.60520387E-04   9.40133614E-05
  0.173217952       5.00515103E-04   9.40308164E-05
  0.173503548       4.27026302E-04   9.33186529E-05
  0.173789158       5.41094691E-04   9.43430859E-05
  0.174074754       3.50993127E-04   9.34055715E-05
  0.174360365       4.37110662E-04   9.44037383E-05
  0.174645960       3.66296619E-04   9.38486119E-05
  0.174931571       4.31291759E-04   9.31987088E-05
  0.175217167       5.04128635E-04   9.43654304E-05
  0.175502777       3.78564000E-04   9.32243565E-05
  0.175788373       5.58748841E-04   9.43202103E-05
  0.176073983       4.75831330E-04   9.31862887E-05
  0.176359579       3.13382596E-04   9.42834085E-05
  0.176645175       3.20214778E-04   9.32986586E-05
  0.176930785       3.22587788E-04   9.30468523E-05
  0.177216381       4.27231193E-04   9.34124910E-05
  0.177501991       2.94551253E-04   9.30105089E-05
  0.177787587       4.15626913E-04   9.38013036E-05
  0.178073198       4.29131091E-04   9.31190880E-05
  0.178358793       5.05108386E-04   9.29733724E-05
  0.178644404       3.34251672E-04   9.28975060E-05
  0.178929999       3.32213938E-04   9.29441594E-05
  0.179215610       4.31146473E-04   9.27813380E-05
  0.179501206       4.48256731E-04   9.29285161E-05
  0.179786816       3.67268920E-04   9.26743596E-05
  0.180072412       2.74404883E-04   9.30909955E-05
  0.180358008       2.53483653E-04   9.17354992E-05
  0.180643618       3.36404890E-04   9.27700239E-05
  0.180929214       3.89568508E-04   9.25372442E-05
  0.181214824       4.01724130E-04   9.24435080E-05
  0.181500420       5.48794866E-04   9.25198983E-05
  0.181786031       3.97030264E-04   9.20195525E-05
  0.182071626       2.40679830E-04   9.20316888E-05
  0.182357237       3.61103565E-04   9.23003390E-05
  0.182642832       2.98157334E-04   9.18208025E-05
  0.182928443       2.64815986E-04   9.22934269E-05
  0.183214039       2.29869038E-04   9.21648607E-05
  0.183499649       5.47438860E-04   9.18782462E-05
  0.183785245       3.34661454E-04   9.17503712E-05
  0.184070840       3.65350395E-04   9.13606855E-05
  0.184356451       3.62109393E-04   9.21428073E-05
  0.184642047       2.82239169E-04   9.14810807E-05
  0.184927657       2.84414738E-04   9.15123674E-05
  0.185213253       3.78243625E-04   9.14834964E-05
  0.185498863       3.09351832E-04   9.14062039E-05
  0.185784459       3.29107046E-04   9.12530886E-05
  0.186070070       2.24482268E-04   9.15655401E-05
  0.186355665       3.15248966E-04   9.11401294E-05
  0.186641276       3.11158597E-04   9.07967842E-05
  0.186926872       2.69681215E-04   9.11716561E-05
  0.187212482       2.95862556E-04   9.21627361E-05
  0.187498078       3.20456922E-04   9.41726903E-05
  0.187783673       3.39034945E-04   9.52070259E-05
  0.188069284       2.31463462E-04   9.66928055E-05
  0.188354880       3.52453440E-04   9.70009205E-05
  0.188640490       5.14876097E-04   9.71048867E-05
  0.188926086       4.58884984E-04   9.86459199E-05
  0.189211696       2.51617283E-04   9.86753585E-05
  0.189497292       2.29902565E-04   9.92644418E-05
  0.189782903       2.11134553E-04   9.91671841E-05
  0.190068498       2.25082040E-04   9.94251823E-05
  0.190354109       3.64184380E-04   1.00402613E-04
  0.190639704       3.10093164E-04   9.94357324E-05
  0.190925315       2.31061131E-04   1.00514852E-04
  0.191210911       1.90213323E-04   1.00046047E-04
  0.191496521       1.72808766E-04   1.00607525E-04
  0.191782117       2.39986926E-04   1.01467565E-04
  0.192067713       2.84798443E-04   9.94464717E-05
  0.192353323       2.04194337E-04   1.01358848E-04
  0.192638919       1.67302787E-05   1.00870704E-04
  0.192924529       2.82183290E-04   1.01448066E-04
  0.193210125       1.20293349E-04   1.01462472E-04
  0.193495736       2.04093754E-04   1.00912599E-04
  0.193781331       1.63551420E-04   1.02344282E-04
  0.194066942       2.14155763E-04   9.92243949E-05
  0.194352537       1.80840492E-04   9.83697755E-05
  0.194638148       1.95499510E-04   9.64226347E-05
  0.194923744       3.11043113E-04   9.54479910E-05
  0.195209354       4.23807651E-04   9.56266085E-05
  0.195494950       7.65286386E-05   9.35184798E-05
  0.195780545       1.47923827E-04   9.36043798E-05
  0.196066156       1.80326402E-04   9.33093252E-05
  0.196351752       2.17277557E-04   9.31123868E-05
  0.196637362       1.58749521E-04   9.36725046E-05
  0.196922958       2.14144588E-04   9.15876299E-05
  0.197208568       1.49700791E-04   9.25822023E-05
  0.197494164       1.55866146E-04   9.25063869E-05
  0.197779775       2.00953335E-04   9.20934544E-05
  0.198065370       1.62184238E-04   9.20680322E-05
  0.198350981       1.63845718E-04   9.14347911E-05
  0.198636577       1.87635422E-04   9.21857572E-05
  0.198922187       3.18843871E-04   9.18456208E-05
  0.199207783       1.44232064E-04   9.12873948E-05
  0.199493378       3.06144357E-04   9.10772287E-05
  0.199778989       2.13205814E-04   9.15981218E-05
  0.200064585       1.72961503E-04   9.16152349E-05
  0.200350195       2.12118030E-04   9.11144307E-05
  0.200635791       2.65430659E-04   9.05887719E-05
  0.200921401       1.44165009E-04   9.07238573E-05
  0.201206997       2.48275697E-04   9.12639953E-05
  0.201492608       2.52276659E-04   9.05904235E-05
  0.201778203       2.40005553E-04   9.05048000E-05
  0.202063814       8.66577029E-05   9.03558321E-05
  0.202349409       2.78998166E-04   9.02010215E-05
  0.202635020       2.94271857E-04   9.08244547E-05
  0.202920616       2.32465565E-04   8.98587023E-05
  0.203206211       2.85129994E-04   9.05033667E-05
  0.203491822       2.16502696E-04   9.00716914E-05
  0.203777418       1.26104802E-04   8.93557954E-05
  0.204063028       2.14107335E-04   9.01839667E-05
  0.204348624       1.00392848E-04   8.93357719E-05
  0.204634234       3.84025276E-04   9.00779560E-05
  0.204919830       7.31758773E-05   8.99172228E-05
  0.205205441       1.00314617E-04   8.92472817E-05
  0.205491036       9.81502235E-05   8.93860051E-05
  0.205776647       2.10832804E-04   8.87688147E-05
  0.206062242       1.10484660E-04   8.96796846E-05
  0.206347853       1.71117485E-04   8.90777592E-05
  0.206633449       2.35028565E-04   8.91624077E-05
  0.206919059       2.52567232E-04   8.97012360E-05
  0.207204655       4.09968197E-05   8.85672489E-05
  0.207490250       2.08690763E-05   8.94438490E-05
  0.207775861       3.12104821E-05   8.80998268E-05
  0.208061457       2.02849507E-04   8.87343849E-05
  0.208347067       2.43708491E-05   8.92597163E-05
  0.208632663       9.18582082E-05   8.81219821E-05
  0.208918273       1.94914639E-04   8.86984853E-05
  0.209203869       1.81019306E-04   8.83188623E-05
  0.209489480       1.96032226E-04   8.86339258E-05
  0.209775075       1.41452998E-04   8.84002802E-05
  0.210060686       1.36554241E-04   8.83994799E-05
  0.210346282      -6.75767660E-06   8.83954344E-05
  0.210631892       2.27134675E-04   8.77555576E-05
  0.210917488       2.26225704E-04   8.84156325E-05
  0.211203083       1.86055899E-04   8.75221158E-05
  0.211488694       1.42015517E-04   8.81959422E-05
  0.211774290       1.93398446E-04   8.84835536E-05
  0.212059900       7.65249133E-05   8.74288526E-05
  0.212345496       4.88087535E-05   8.77343045E-05
  0.212631106       1.19980425E-04   8.75268961E-05
  0.212916702       2.03795731E-04   8.80516236E-05
  0.213202313       7.39805400E-05   8.75722326E-05
  0.213487908       2.61172652E-04   8.72256933E-05
  0.213773519       4.69870865E-05   8.77698258E-05
  0.214059114       1.12682581E-04   8.70009608E-05
  0.214344725       1.62705779E-04   8.75333062E-05
  0.214630321       3.07336450E-05   8.68994030E-05
  0.214915916       3.41013074E-05   8.70248623E-05
  0.215201527       5.24073839E-05   8.77778002E-05
  0.215487123       1.17480755E-04   8.66501941E-05
  0.215772733       1.06412917E-04   8.69822470E-05
  0.216058329       2.10408121E-04   8.68135103E-05
  0.216343939       1.56775117E-04   8.69249197E-05
  0.216629535       2.15541571E-04   8.69853247E-05
  0.216915146       1.92672014E-05   8.63884052E-05
  0.217200741       1.33432448E-04   8.70213917E-05
  0.217486352       1.74120069E-04   8.63642927E-05
  0.217771947       1.77353621E-04   8.63992391E-05
  0.218057558       1.04460865E-04   8.62841916E-05
  0.218343154       1.99303031E-05   8.55693361E-05
  0.218628749       2.26166099E-04   8.65109832E-05
  0.218914360       1.70126557E-04   8.48890559E-05
  0.219199955       7.71284103E-05   8.60412474E-05
  0.219485566       5.09284437E-05   8.52761004E-05
  0.219771162       1.18825585E-04   8.58264684E-05
  0.220056772       3.39940190E-04   8.56360275E-05
  0.220342368       1.07780099E-04   8.53094825E-05
  0.220627978       2.24042684E-04   8.56109327E-05
  0.220913574       2.62755901E-04   8.52362136E-05
  0.221199185       8.83564353E-05   8.53324818E-05
  0.221484780       2.27112323E-04   8.53082456E-05
  0.221770391       1.54346228E-04   8.50128781E-05
  0.222055987       7.82422721E-05   8.55194012E-05
  0.222341597       1.04531646E-04   8.48686977E-05
  0.222627193       2.10702419E-05   8.51203949E-05
  0.222912788       1.40946358E-04   8.46163384E-05
  0.223198399       2.46256590E-04   8.51645455E-05
  0.223483995       2.66961753E-04   8.54587197E-05
  0.223769605       1.43475831E-04   8.46174735E-05
  0.224055201       3.07742506E-04   8.53276651E-05
  0.224340811       9.45441425E-05   8.49420903E-05
  0.224626407       3.28235328E-05   8.56709739E-05
  0.224912018       2.51878053E-04   8.49658609E-05
  0.225197613       2.61157751E-04   8.50620272E-05
  0.225483224       1.81417912E-04   8.52314042E-05
  0.225768819       2.05121934E-04   8.46370895E-05
  0.226054430       1.50207430E-04   8.52455923E-05
  0.226340026       2.49523669E-04   8.43587040E-05
  0.226625621       1.59133226E-04   8.49253702E-05
  0.226911232       1.08767301E-04   8.49615462E-05
  0.227196828       1.49857253E-04   8.45912291E-05
  0.227482438       8.70637596E-05   8.47829069E-05
  0.227768034       1.07720494E-04   8.39741042E-05
  0.228053644       1.14213675E-04   8.50172582E-05
  0.228339240      -6.25848770E-06   8.44157985E-05
  0.228624851       4.38019633E-05   8.42503505E-05
  0.228910446       1.28336251E-04   8.45704199E-05
  0.229196057       1.42786652E-04   8.37960542E-05
  0.229481652       2.37599015E-04   8.46512630E-05
  0.229767263       1.89986080E-04   8.40673601E-05
  0.230052859       2.21669674E-04   8.41271467E-05
  0.230338454       3.17975879E-04   8.44238457E-05
  0.230624065       6.31101429E-05   8.39602217E-05
  0.230909660       2.24139541E-04   8.43692542E-05
  0.231195271       1.88749284E-04   8.31833822E-05
  0.231480867       1.44362450E-04   8.39264030E-05
  0.231766477       1.37947500E-05   8.40212306E-05
  0.232052073       1.71400607E-05   8.39099957E-05
  0.232337683       9.43914056E-05   8.39107452E-05
  0.232623279       1.32765621E-04   8.34175808E-05
  0.232908890      -2.41957605E-05   8.37882690E-05
  0.233194485      -9.12919641E-05   8.34957609E-05
  0.233480096       1.08838081E-04   8.34065359E-05
  0.233765692       3.50430608E-04   8.39196437E-05
  0.234051287       1.31014735E-04   8.31607467E-05
  0.234336898       1.32482499E-04   8.40242647E-05
  0.234622493       2.71584839E-04   8.30903227E-05
  0.234908104       2.74814665E-05   8.32035512E-05
  0.235193700       1.49287283E-04   8.37502957E-05
  0.235479310       9.51774418E-05   8.32428850E-05
  0.235764906       1.59800053E-04   8.37211774E-05
  0.236050516       1.39962882E-04   8.24197414E-05
  0.236336112       6.16535544E-06   8.32205769E-05
  0.236621723       2.06373632E-04   8.27223412E-05
  0.236907318       2.02093273E-04   8.33576050E-05
  0.237192929       3.42365354E-04   8.33932354E-05
  0.237478524       1.63353980E-05   8.25436509E-05
  0.237764135       1.58246607E-04   8.34334423E-05
  0.238049731       1.50207430E-04   8.26816031E-05
  0.238335326       2.69256532E-04   8.22437360E-05
  0.238620937       2.40955502E-04   8.29680575E-05
  0.238906533       1.46806240E-04   8.27190452E-05
  0.239192143       2.16696411E-04   8.33861413E-05
  0.239477739       3.64109874E-05   8.20874484E-05
  0.239763349       1.61621720E-04   8.25796960E-05
  0.240048945       1.22081488E-04   8.23681476E-05
  0.240334556       5.30295074E-05   8.25373645E-05
  0.240620151       1.02933496E-04   8.25891257E-05
  0.240905762       5.50150871E-05   8.17399341E-05
  0.241191357       1.42049044E-04   8.27263575E-05
  0.241476968       6.12288713E-05   8.21745489E-05
  0.241762564       7.07097352E-05   8.20195637E-05
  0.242048159       1.97842717E-04   8.22057045E-05
  0.242333770       2.68813223E-04   8.21099966E-05
  0.242619365       1.76779926E-04   8.25623574E-05
  0.242904976      -6.11357391E-05   8.14948289E-05
  0.243190572       2.32197344E-04   8.18309927E-05
  0.243476182      -4.54597175E-05   8.20336427E-05
  0.243761778       3.50587070E-05   8.19356355E-05
  0.244047388       2.29049474E-04   8.20231071E-05
  0.244332984       3.01375985E-05   8.15727035E-05
  0.244618595       2.42143869E-07   8.19468696E-05
  0.244904190       5.26309013E-05   8.16645843E-05
  0.245189801       2.65315175E-05   8.19031629E-05
  0.245475397       1.35526061E-05   8.16339016E-05
  0.245760992       4.71845269E-05   8.12007493E-05
  0.246046603       6.74054027E-05   8.16253232E-05
  0.246332198       1.38431787E-05   8.11575374E-05
  0.246617809       1.15267932E-04   8.14611194E-05
  0.246903405       6.81653619E-05   8.15125750E-05
  0.247189015       3.93390656E-06   8.13072620E-05
  0.247474611       4.28929925E-05   8.15872991E-05
  0.247760221       4.19989228E-05   8.05536620E-05
  0.248045817       9.98713076E-05   8.31218713E-05
  0.248331428       3.62284482E-05   8.40345529E-05
  0.248617023       1.80643052E-04   8.54243262E-05
  0.248902634      -2.08280981E-05   8.61211884E-05
  0.249188229       3.32616270E-04   8.62720844E-05
  0.249473825       2.97725201E-05   8.70275326E-05
  0.249759436       1.32564455E-04   8.78472856E-05
  0.250045031       1.44477934E-04   8.95825287E-05
  0.250330627       3.27453017E-06   9.08316215E-05
  0.250616252       1.30705535E-04   9.22365944E-05
  0.250901848       1.66110694E-04   9.36515353E-05
  0.251187444       3.71225178E-05   9.35231074E-05
  0.251473039       2.40739435E-04   9.54230272E-05
  0.251758665       5.89080155E-05   9.63339044E-05
  0.252044261       1.53046101E-04   9.74420400E-05
  0.252329856       2.69945711E-04   9.85271909E-05
  0.252615452       1.15964562E-04   9.82725833E-05
  0.252901077      -2.15433538E-05   9.93884896E-05
  0.253186673       4.17269766E-05   1.00085046E-04
  0.253472269       1.20110810E-04   1.01633654E-04
  0.253757864      -2.73250043E-05   1.02215723E-04
  0.254043460       1.41579658E-04   1.02785234E-04
  0.254329085       6.09792769E-05   1.03917140E-04
  0.254614681       1.11896545E-04   1.03098704E-04
  0.254900277       1.62638724E-04   1.04644787E-04
  0.255185872       1.07668340E-04   1.04852988E-04
  0.255471498       1.92336738E-04   1.05219136E-04
  0.255757093       1.17868185E-04   1.06463682E-04
  0.256042689       1.49659812E-04   1.04974926E-04
  0.256328285       3.26409936E-05   1.06905492E-04
  0.256613910       2.55443156E-04   1.06578198E-04
  0.256899506      -3.32072377E-05   1.07588639E-04
  0.257185102       2.60125846E-04   1.08773827E-04
  0.257470697       2.20201910E-05   1.07835527E-04
  0.257756293       2.82276422E-04   1.09415821E-04
  0.258041918       2.46498734E-04   1.08116110E-04
  0.258327514      -4.73037362E-05   1.09452798E-04
  0.258613110       1.42600387E-04   1.09846733E-04
  0.258898705       5.08278608E-05   1.10172543E-04
  0.259184331       1.72723085E-04   1.10499925E-04
  0.259469926      -3.87355685E-05   1.08829845E-04
  0.259755522       5.51044941E-05   1.11079455E-04
  0.260041118       6.91413879E-06   1.10332257E-04
  0.260326743       3.13181430E-04   1.10682136E-04
  0.260612339      -1.01212412E-04   1.10386354E-04
  0.260897934       2.20552087E-04   1.11345224E-04
  0.261183530       2.38589942E-04   1.12599133E-04
  0.261469126       2.30956823E-04   1.11143003E-04
  0.261754751       1.09374523E-04   1.12833593E-04
  0.262040347       1.57319009E-04   1.12226830E-04
  0.262325943       7.11008906E-05   1.14029783E-04
  0.262611538       1.76254660E-04   1.14219241E-04
  0.262897164      -3.05138528E-05   1.12064343E-04
  0.263182759       1.56220049E-04   1.15262104E-04
  0.263468355      -1.13885850E-04   1.13708578E-04
  0.263753951       4.78327274E-06   1.16432428E-04
  0.264039576       1.69593841E-04   1.14801369E-04
  0.264325172       1.27684325E-04   1.14332463E-04
  0.264610767       5.36479056E-05   1.17784490E-04
  0.264896363       2.16718763E-04   1.15790615E-04
  0.265181959       1.40041113E-04   1.16665593E-04
  0.265467584       6.29648566E-05   1.16696472E-04
  0.265753180       5.80549240E-05   1.17597476E-04
  0.266038775       2.88665295E-04   1.19927463E-04
  0.266324371       3.66941094E-06   1.16428564E-04
  0.266609997       9.10162926E-05   1.18671669E-04
  0.266895592      -4.81307507E-06   1.19016760E-04
  0.267181188       9.35345888E-05   1.19440389E-04
  0.267466784       2.40296125E-04   1.21305580E-04
  0.267752409       3.36084515E-04   1.19081793E-04
  0.268038005       2.43570656E-04   1.20495672E-04
  0.268323600      -9.31806862E-05   1.21207828E-04
  0.268609196       4.48338687E-05   1.21103396E-04
  0.268894792      -2.46986747E-05   1.21641868E-04
  0.269180417       1.18315220E-04   1.21265672E-04
  0.269466013       2.63903290E-04   1.23038801E-04
  0.269751608       2.80179083E-05   1.23675723E-04
  0.270037204       1.29938126E-04   1.21479883E-04
  0.270322829       1.12950802E-04   1.24143611E-04
  0.270608425       1.40015036E-04   1.23517020E-04
  0.270894021       2.40169466E-04   1.25561346E-04
  0.271179616       2.20436603E-04   1.23545484E-04
  0.271465242       1.27427280E-04   1.24047336E-04
  0.271750838       3.07716429E-04   1.24990678E-04
  0.272036433       3.78638506E-05   1.25351478E-04
  0.272322029       2.49143690E-04   1.24293234E-04
  0.272607625       1.65846199E-04   1.24963175E-04
  0.272893250       1.64996833E-04   1.25699647E-04
  0.273178846       1.45737082E-04   1.26001309E-04
  0.273464441       2.55156308E-04   1.25825478E-04
  0.273750037       6.34714961E-05   1.25103499E-04
  0.274035662       3.18072736E-04   1.27795880E-04
  0.274321258       1.61357224E-04   1.28636239E-04
  0.274606854       2.18749046E-05   1.25595732E-04
  0.274892449       6.27525151E-05   1.28902655E-04
  0.275178075      -1.03812665E-04   1.26946790E-04
  0.275463670       2.25756317E-04   1.29504973E-04
  0.275749266      -4.84064221E-05   1.28822576E-04
  0.276034862       1.78091228E-04   1.28416650E-04
  0.276320487       7.83801079E-05   1.31637324E-04
  0.276606083       1.54010952E-04   1.28915563E-04
  0.276891679       1.10358000E-04   1.31394016E-04
  0.277177274       2.07856297E-04   1.30192435E-04
  0.277462870       1.10607594E-04   1.31244786E-04
  0.277748495       1.71981752E-04   1.32972040E-04
  0.278034091       2.84668058E-04   1.30855857E-04
  0.278319687       1.96196139E-04   1.33441325E-04
  0.278605282      -2.24124640E-04   1.31923705E-04
  0.278890908       1.37303025E-04   1.33798123E-04
  0.279176503       6.47157431E-05   1.33074442E-04
  0.279462099       6.55613840E-05   1.34019268E-04
  0.279747695       1.96389854E-04   1.35511131E-04
  0.280033320       2.07249075E-04   1.33736045E-04
  0.280318916      -2.40586698E-04   1.35715745E-04
  0.280604511       1.51254237E-04   1.34908740E-04
  0.280890107       2.11577863E-04   1.36295392E-04
  0.281175703       1.44176185E-04   1.36160830E-04
  0.281461328       1.33361667E-04   1.34114729E-04
  0.281746924       5.04404306E-06   1.36607952E-04
  0.282032520       2.13403255E-04   1.34515678E-04
  0.282318115       3.17208469E-05   1.36080576E-04
  0.282603741       1.34442002E-04   1.36034243E-04
  0.282889336       1.54644251E-04   1.36150004E-04
  0.283174932       2.65635550E-04   1.37580326E-04
  0.283460528       3.16910446E-04   1.34724323E-04
  0.283746153       3.67686152E-05   1.37474737E-04
  0.284031749       1.09147280E-04   1.36097515E-04
  0.284317344       3.21462750E-04   1.37830270E-04
  0.284602940       6.24880195E-05   1.39567273E-04
  0.284888536       1.01692975E-04   1.36447081E-04
  0.285174161       3.63625586E-05   1.39039301E-04
  0.285459757      -3.86312604E-06   1.37977011E-04
  0.285745353      -9.45813954E-05   1.39540600E-04
  0.286030948       1.89285725E-04   1.40249060E-04
  0.286316574       1.28474087E-04   1.40925287E-04
  0.286602169       3.68073583E-04   1.41748300E-04
  0.286887765       2.58915126E-04   1.39791475E-04
  0.287173361       6.28456473E-05   1.42381818E-04
  0.287458986       1.48016959E-04   1.40836055E-04
  0.287744582       4.37442213E-04   1.43762489E-04
  0.288030177       1.10108405E-04   1.43997488E-04
  0.288315773       1.92724168E-04   1.41534765E-04
  0.288601369      -2.90125608E-05   1.45276543E-04
  0.288886994       2.02380121E-04   1.41908706E-04
  0.289172590       1.82751566E-04   1.46294260E-04
  0.289458185       2.48800963E-04   1.44163176E-04
  0.289743781      -2.26251781E-04   1.44792866E-04
  0.290029407       1.71002001E-04   1.48840874E-04
  0.290315002       1.94489956E-04   1.43050158E-04
  0.290600598       9.12956893E-05   1.48781459E-04
  0.290886194      -1.56275928E-04   1.45059123E-04
  0.291171819       2.51747668E-04   1.47707251E-04
  0.291457415      -6.79604709E-05   1.50024222E-04
  0.291743010       4.57283109E-04   1.47076193E-04
  0.292028606       3.60123813E-05   1.50923195E-04
  0.292314202       9.07741487E-05   1.47335129E-04
  0.292599827       1.20524317E-04   1.51414832E-04
  0.292885423      -1.21176243E-04   1.50380700E-04
  0.293171018       5.14909625E-05   1.50135442E-04
  0.293456614       1.56186521E-04   1.52464985E-04
  0.293742239       3.23191285E-04   1.50437278E-04
  0.294027835       1.26104802E-04   1.53417845E-04
  0.294313431       2.27164477E-04   1.52319379E-04
  0.294599026       2.43071467E-04   1.52770619E-04
  0.294884652      -1.53202564E-04   1.54398265E-04
  0.295170248       7.46920705E-06   1.53927525E-04
  0.295455843       1.50755048E-04   1.55202972E-04
  0.295741439       1.21738762E-04   1.53171495E-04
  0.296027035       1.53768808E-04   1.57428934E-04
  0.296312660       3.46936285E-05   1.55409478E-04
  0.296598256      -4.11272049E-06   1.57792922E-04
  0.296883851      -7.81863928E-05   1.58272844E-04
  0.297169447       3.97864729E-04   1.55283487E-04
  0.297455072       1.33972615E-04   1.60648415E-04
  0.297740668      -1.20729208E-04   1.57036586E-04
  0.298026264       2.31135637E-04   1.61220130E-04
  0.298311859       8.30218196E-05   1.60896263E-04
  0.298597485       2.79586762E-04   1.58130380E-04
  0.298883080       4.24724072E-04   1.64194033E-04
  0.299168676      -4.42638993E-05   1.59363539E-04
  0.299454272       3.61900777E-04   1.63771110E-04
  0.299739867       2.31314451E-04   1.62291311E-04
  0.300025493       1.49317086E-04   1.62723125E-04
  0.300311089       2.21792608E-04   1.66932645E-04
  0.300596684       1.27322972E-04   1.61358519E-04
  0.300882280       1.25356019E-05   1.67190708E-04
  0.301167905       1.44913793E-05   1.63285673E-04
  0.301453501       8.75256956E-05   1.67126156E-04
  0.301739097       1.49719417E-04   1.67437975E-04
  0.302024692       1.95577741E-06   1.65119040E-04
  0.302310318       3.48649919E-05   1.71352905E-04
  0.302595913      -2.36146152E-04   1.64795027E-04
  0.302881509      -7.86706805E-05   1.70469139E-04
  0.303167105       1.90809369E-05   1.69412509E-04
  0.303452700       3.06591392E-06   1.70379339E-04
  0.303738326       4.57949936E-05   1.73943190E-04
  0.304023921       2.45645642E-04   1.68033264E-04
  0.304309517      -1.59405172E-04   1.74978864E-04
  0.304595113       6.57513738E-05   1.70715721E-04
  0.304880738       2.66853720E-04   1.75091773E-04
  0.305166334       1.53057277E-04   1.74918663E-04
  0.305451930      -4.13801521E-04   1.73065331E-04
  0.305737525       4.18718904E-04   1.78748756E-04
  0.306023151      -9.64812934E-05   1.72216707E-04
  0.306308746       1.44619495E-04   1.78901435E-04
  0.306594342       9.26852226E-05   1.77539187E-04
  0.306879938       2.42311507E-04   1.77446505E-04
  0.307165563       2.31899321E-04   1.82608506E-04
  0.307451159      -4.55938280E-05   1.77581038E-04
  0.307736754      -9.39890742E-06   1.82517630E-04
  0.308022350       3.31189483E-04   1.78629227E-04
  0.308307946      -5.13121486E-05   1.83371405E-04
  0.308593571       1.35101378E-04   1.84001401E-04
  0.308879167       6.65523112E-05   1.80898191E-04
  0.309164762      -2.48406082E-04   1.87460930E-04
  0.309450358       5.55567443E-04   1.81325202E-04
  0.309735984       2.45559961E-04   1.87871090E-04
  0.310021579      -2.72680074E-04   1.85127385E-04
  0.310307175       4.99378890E-04   1.87244179E-04
  0.310592771       1.53500587E-04   1.92183783E-04
  0.310878396       3.89058143E-04   1.84286560E-04
  0.311163992      -8.03731382E-05   1.93064625E-04
  0.311449587      -9.41269100E-05   1.87567639E-04
  0.311735183      -8.57375562E-05   1.92943218E-04
  0.312020779      -3.96482646E-05   1.92768755E-04
  0.312306404       3.00746411E-04   1.91776882E-04
  0.312592000       3.26048583E-04   1.97292567E-04
  0.312877595      -3.93200666E-04   1.89198996E-04
  0.313163191       3.24100256E-06   1.95063840E-04
  0.313448817       5.15170395E-05   1.93157553E-04
  0.313734412       3.70182097E-05   1.93625456E-04
  0.314020008       3.24629247E-04   1.98717171E-04
  0.314305604       1.68893486E-04   1.89063852E-04
  0.314591229      -2.40709633E-04   1.96328561E-04
  0.314876825       1.04438514E-04   1.92543535E-04
  0.315162420       3.70066613E-04   1.94795066E-04
  0.315448016       5.10346144E-04   1.96145964E-04
  0.315733612      -9.05543566E-05   1.92549589E-04
  0.316019237       3.05354595E-04   1.98605339E-04
  0.316304833       2.15902925E-04   1.90243562E-04
  0.316590428       1.57158822E-04   1.97411951E-04
  0.316876024      -6.15380704E-05   1.94767068E-04
  0.317161649       2.98008323E-04   1.97675035E-04
  0.317447245       2.70660967E-04   2.00843599E-04
  0.317732841       1.60299242E-05   1.93131433E-04
  0.318018436       1.13368034E-04   2.01841453E-04
  0.318304062       2.35214829E-04   1.98368187E-04
  0.318589658      -2.50391662E-04   2.01305287E-04
  0.318875253       3.83090228E-04   2.03370684E-04
  0.319160849       1.40730292E-04   2.02121417E-04
  0.319446445       2.54888088E-04   2.08364610E-04
  0.319732070      -1.68554485E-04   1.98646885E-04
  0.320017666       6.53974712E-05   2.10108075E-04
  0.320303261       5.52423298E-05   2.05326258E-04
  0.320588857       7.14883208E-05   2.08087717E-04
  0.320874482      -1.60690397E-04   2.13393098E-04
  0.321160078       2.73749232E-04   2.04183743E-04
  0.321445674      -8.58791173E-05   2.13444597E-04
  0.321731269       1.18661672E-04   2.07991470E-04
  0.322016895      -8.29510391E-05   2.16843822E-04
  0.322302490       1.68830156E-04   2.12762563E-04
  0.322588086      -9.58740711E-05   2.13753025E-04
  0.322873682      -3.48594040E-04   2.21834518E-04
  0.323159277       2.79445201E-04   2.10013139E-04
  0.323444903      -7.09593296E-05   2.25043113E-04
  0.323730499       3.62452120E-04   2.16166663E-04
  0.324016094       1.86063349E-04   2.22143208E-04
  0.324301690       6.42128289E-05   2.30026300E-04
  0.324587315      -2.14036554E-04   2.13873020E-04
  0.324872911      -4.24392521E-04   2.29271202E-04
  0.325158507      -9.54940915E-05   2.20535556E-04
  0.325444102       1.63715333E-04   2.31633239E-04
  0.325729728       3.31468880E-04   2.27950819E-04
  0.326015323       1.76526606E-04   2.28246150E-04
  0.326300919       6.35176897E-04   2.39796151E-04
  0.326586515       1.06483698E-04   2.25813390E-04
  0.326872110       1.20159239E-04   2.37847780E-04
  0.327157736       4.64588404E-04   2.31353959E-04
  0.327443331       2.07871199E-05   2.39417437E-04
  0.327728927       1.45014375E-04   2.44633935E-04
  0.328014523       2.76938081E-05   2.32789884E-04
  0.328300148       1.14303082E-04   2.50023993E-04
  0.328585744       7.85887241E-05   2.34754698E-04
  0.328871340       3.87568027E-04   2.49978621E-04
  0.329156935       5.44410199E-04   2.43656148E-04
  0.329442561      -1.98505819E-04   2.46246840E-04
  0.329728156      -2.62279063E-04   2.59596010E-04
  0.330013752       4.12985682E-05   2.39607703E-04
  0.330299348       6.75357878E-05   2.60778965E-04
  0.330584943      -2.76744366E-04   2.45635776E-04
  0.330870569       4.35691327E-04   2.59376917E-04
  0.331156164       2.36831605E-04   2.63574126E-04
  0.331441760       1.94914639E-04   2.53374019E-04
  0.331727356       4.67769802E-04   2.72942416E-04
  0.332012981       1.56011432E-04   2.53247214E-04
  0.332298577       1.61286443E-04   2.72381032E-04
  0.332584172      -3.06565315E-04   2.61290406E-04
  0.332869768      -1.21355057E-04   2.70958582E-04
  0.333155394      -1.12216920E-04   2.84444075E-04
  0.333440989       3.45036387E-05   2.59563705E-04
  0.333726585       4.85710800E-04   2.86584313E-04
  0.334012181      -3.32336873E-04   2.69062322E-04
  0.334297776       1.42201781E-04   2.84491543E-04
  0.334583402       4.02245671E-04   2.86506373E-04
  0.334868997       4.78431582E-04   2.79660017E-04
  0.335154593       1.30943954E-05   3.03335866E-04
  0.335440189       4.15369868E-06   2.75581900E-04
  0.335725814      -2.50026584E-04   3.00750195E-04
  0.336011410       8.93905759E-04   2.91625503E-04
  0.336297005       4.00550663E-04   2.99918494E-04
  0.336582601      -2.94260681E-04   3.19362414E-04
  0.336868227       1.88581645E-04   2.84861075E-04
  0.337153822      -2.25722790E-04   3.19337822E-04
  0.337439418       5.44145703E-04   3.00044456E-04
  0.337725013       5.08554280E-04   3.20346386E-04
  0.338010639       9.10349190E-05   3.20556952E-04
  0.338296235      -2.88154930E-04   3.09450872E-04
  0.338581830       3.90168279E-04   3.47925292E-04
  0.338867426       2.65184790E-04   3.06582253E-04
  0.339153022      -1.33801252E-04   3.48996080E-04
  0.339438647      -3.01226974E-04   3.18347506E-04
  0.339724243       1.87531114E-04   3.47093563E-04
  0.340009838       2.63303518E-05   3.68870038E-04
  0.340295434       2.21606344E-04   3.19304061E-04
  0.340581059       3.69630754E-04   3.72376671E-04
  0.340866655       2.41175294E-04   3.38191137E-04
  0.341152251      -1.06744468E-04   3.69329646E-04
  0.341437846      -3.01033258E-04   3.61600396E-04
  0.341723472       3.85388732E-04   3.67289089E-04
  0.342009068       5.51819801E-04   4.10852692E-04
  0.342294663       4.82987612E-04   3.52974486E-04
  0.342580259       1.68938190E-04   4.05822939E-04
  0.342865855       1.78251415E-04   3.80959187E-04
  0.343151480      -9.45813954E-05   3.99267417E-04
  0.343437076       9.89809632E-05   4.52307082E-04
  0.343722671      -1.30292028E-04   3.67103261E-04
  0.344008267       5.64940274E-05   4.85502591E-04
  0.344293892      -4.01731580E-04   3.86139029E-04
  0.344579488       1.35984272E-04   4.68015816E-04
  0.344865084       3.78571451E-04   4.33325506E-04
  0.345150679       1.57214701E-04   4.45427024E-04
  0.345436305      -7.26114959E-04   5.55495732E-04
  0.345721900       1.44496560E-04   4.01557772E-04
  0.346007496       2.73376703E-04   5.84193098E-04
  0.346293092      -4.91403043E-05   4.31816909E-04
  0.346578687      -1.06744468E-04   5.80709078E-04
  0.346864313       4.82205302E-04   5.30897640E-04
  0.347149909      -1.03290007E-03   5.08569123E-04
  0.347435504       7.70390034E-04   6.62457256E-04
  0.347721100      -8.93529505E-04   4.81806172E-04
  0.348006725      -5.79707325E-04   7.14820810E-04
  0.348292321       2.05416232E-04   5.22832561E-04
  0.348577917       8.37929547E-05   7.72435975E-04
  0.348863512      -6.93250448E-04   7.92268314E-04
  0.349149138       1.13615766E-03   5.99083724E-04
