 # q,I,sigma
 # errors rescaled with constant factor:   0.770155311    
 # factor also written to scale_factor.d
   4.43009995E-02   6.97280001E-03   6.89312117E-04
   4.71599996E-02   7.12910015E-03   4.29038133E-04
   5.00180013E-02   7.50140008E-03   3.91300506E-04
   5.28759994E-02   6.85120001E-03   3.40585771E-04
   5.57340011E-02   7.27749988E-03   3.22995445E-04
   5.85919991E-02   7.20879994E-03   2.89093208E-04
   6.14500009E-02   6.82199979E-03   2.74560385E-04
   6.43090010E-02   6.88889995E-03   2.54220562E-04
   6.71669990E-02   7.27330009E-03   2.42375565E-04
   7.00249970E-02   6.75510010E-03   2.33203027E-04
   7.28830025E-02   7.20700016E-03   2.15897628E-04
   7.57410005E-02   7.29830004E-03   2.18531568E-04
   7.85989985E-02   7.24480022E-03   2.14596061E-04
   8.14569965E-02   7.01300008E-03   2.14773201E-04
   8.43160003E-02   6.81129983E-03   2.09305101E-04
   8.71739984E-02   7.17720017E-03   2.01526549E-04
   9.00319964E-02   7.39189982E-03   1.99231479E-04
   9.28900018E-02   7.02119991E-03   1.95704168E-04
   9.57479998E-02   7.15970015E-03   1.89334984E-04
   9.86059979E-02   6.97880005E-03   1.88919104E-04
  0.101460002       6.90389983E-03   1.82041607E-04
  0.104319997       7.36459997E-03   1.84991295E-04
  0.107179999       6.90069981E-03   1.77605514E-04
  0.110040002       7.15480000E-03   1.77798051E-04
  0.112899996       6.84580021E-03   1.73931883E-04
  0.115759999       6.98520010E-03   1.71967986E-04
  0.118610002       6.61269994E-03   1.70728032E-04
  0.121469997       6.81179995E-03   1.66992773E-04
  0.124329999       7.04809977E-03   1.66661615E-04
  0.127189994       7.05710007E-03   1.61062577E-04
  0.130050004       7.02780019E-03   1.62071490E-04
  0.132900000       6.71709981E-03   1.54677997E-04
  0.135759994       6.92000007E-03   1.48046951E-04
  0.138620004       6.77759992E-03   1.46267892E-04
  0.141479999       6.42680004E-03   1.41454424E-04
  0.144339994       7.00059999E-03   1.37950221E-04
  0.147200003       7.02090003E-03   1.33568043E-04
  0.150049999       6.79389993E-03   1.32921094E-04
  0.152909994       6.77940017E-03   1.33036621E-04
  0.155770004       6.74790004E-03   1.27691746E-04
  0.158629999       6.55210018E-03   1.27691746E-04
  0.161489993       6.65269978E-03   1.23579113E-04
  0.164340004       6.85059978E-03   1.24395490E-04
  0.167199999       6.54859981E-03   1.22208250E-04
  0.170059994       6.80689979E-03   1.20082615E-04
  0.172920004       6.53229980E-03   1.17872274E-04
  0.175779998       6.74790004E-03   1.17233045E-04
  0.178629994       6.51080022E-03   1.16162526E-04
  0.181490004       6.61429996E-03   1.14452778E-04
  0.184349999       6.53850008E-03   1.12689129E-04
  0.187209994       6.56939996E-03   1.12026792E-04
  0.190070003       6.42530015E-03   1.10725225E-04
  0.192929998       6.28180010E-03   1.09724031E-04
  0.195779994       6.44369982E-03   1.08283835E-04
  0.198640004       6.28129998E-03   1.07051586E-04
  0.201499999       6.39190013E-03   1.06712723E-04
  0.204359993       6.34150021E-03   1.05126208E-04
  0.207220003       6.11130008E-03   1.04502375E-04
  0.210069999       6.35290006E-03   1.03547383E-04
  0.212929994       6.23979978E-03   1.02292026E-04
  0.215790004       6.18819986E-03   1.02438360E-04
  0.218649998       6.24219980E-03   1.00027777E-04
  0.221509993       6.12859987E-03   1.00135592E-04
  0.224370003       6.14040019E-03   9.88032261E-05
  0.227219999       6.01779995E-03   9.87493113E-05
  0.230079994       5.99810015E-03   9.80407640E-05
  0.232940003       5.93200000E-03   9.64311475E-05
  0.235799998       5.99960005E-03   9.69548564E-05
  0.238659993       6.20449986E-03   9.51449838E-05
  0.241510004       6.02500001E-03   9.49139358E-05
  0.244369999       5.98309981E-03   9.37201985E-05
  0.247229993       5.98679995E-03   9.28807349E-05
  0.250090003       5.81629993E-03   9.36123761E-05
  0.252950013       5.94579987E-03   9.18410224E-05
  0.255809993       5.82490023E-03   9.18718288E-05
  0.258659989       5.82969980E-03   9.02159954E-05
  0.261519998       5.58150001E-03   9.04008266E-05
  0.264380008       5.69669995E-03   9.05933703E-05
  0.267239988       5.50450012E-03   8.83676257E-05
  0.270099998       5.76579990E-03   8.92918033E-05
  0.272949994       5.60230017E-03   8.72663004E-05
  0.275810003       5.62560000E-03   8.76051636E-05
  0.278670013       5.59299998E-03   8.73048048E-05
  0.281529993       5.59249986E-03   8.60879591E-05
  0.284390002       5.60159981E-03   8.57644991E-05
  0.287239999       5.48510021E-03   8.56258703E-05
  0.290100008       5.41350013E-03   8.50174474E-05
  0.292959988       5.63229993E-03   8.43474118E-05
  0.295819998       5.42980013E-03   8.35002356E-05
  0.298680007       5.24570001E-03   8.55026447E-05
  0.301539987       5.17719984E-03   8.59570355E-05
  0.304390013       5.36909979E-03   8.63190071E-05
  0.307249993       5.37759997E-03   8.54564350E-05
  0.310110003       5.17729996E-03   8.56489714E-05
  0.312970012       5.19530009E-03   8.60956643E-05
  0.315829992       5.30009996E-03   8.50328506E-05
  0.318679988       5.12749981E-03   8.53486126E-05
  0.321539998       5.21459989E-03   8.44321257E-05
  0.324400008       5.12060011E-03   8.47478877E-05
  0.327259988       4.93740011E-03   8.47401898E-05
  0.330119997       5.21179987E-03   8.40393477E-05
  0.332980007       4.94530005E-03   8.47940973E-05
  0.335830003       5.01509989E-03   8.34771345E-05
  0.338690013       4.88269981E-03   8.43243033E-05
  0.341549993       5.08570019E-03   8.40162393E-05
  0.344410002       4.90200007E-03   8.34771345E-05
  0.347270012       4.93820012E-03   8.38853157E-05
  0.350120008       4.80239978E-03   8.30997596E-05
  0.352979988       4.86209989E-03   8.35310420E-05
  0.355839998       4.78349999E-03   8.32614896E-05
  0.358700007       4.80209989E-03   8.24066155E-05
  0.361559987       4.84229997E-03   8.30843564E-05
  0.364419997       4.58490010E-03   8.25375464E-05
  0.367269993       4.67910012E-03   8.26684700E-05
  0.370130002       4.82599996E-03   8.12436847E-05
  0.372990012       4.66769980E-03   8.21678696E-05
  0.375849992       4.70799999E-03   8.23064984E-05
  0.378710002       4.64580022E-03   8.14747327E-05
  0.381559998       4.45279991E-03   8.18906119E-05
  0.384420007       4.38239984E-03   8.07738834E-05
  0.387279987       4.39060014E-03   8.12667859E-05
  0.390139997       4.53690020E-03   8.10049314E-05
  0.393000007       4.43009986E-03   8.00807466E-05
  0.395850003       4.39959997E-03   8.01577626E-05
  0.398710012       4.32190020E-03   7.98111942E-05
  0.401569992       4.29179985E-03   8.00807466E-05
  0.404430002       4.29710001E-03   7.95185333E-05
  0.407290012       4.32660012E-03   7.88639081E-05
  0.410149992       4.03960003E-03   7.96494642E-05
  0.412999988       4.24160017E-03   7.82169736E-05
  0.415859997       4.30120016E-03   7.89717233E-05
  0.418720007       4.21740022E-03   7.79012116E-05
  0.421579987       4.09920001E-03   7.79243128E-05
  0.424439996       4.15589986E-03   7.82169736E-05
  0.427289993       4.00070008E-03   7.77548848E-05
  0.430150002       4.12230007E-03   7.75315348E-05
  0.433010012       3.88250011E-03   7.67390447E-05
  0.435869992       4.03749989E-03   7.70463375E-05
  0.438730001       3.98570020E-03   7.69123362E-05
  0.441590011       3.98139982E-03   7.63331700E-05
  0.444440007       3.94350011E-03   7.64047945E-05
  0.447299987       3.82500002E-03   7.59742834E-05
  0.450159997       3.93200014E-03   7.61868432E-05
  0.453020006       3.83309997E-03   7.55691799E-05
  0.455879986       3.80939990E-03   7.50901454E-05
  0.458730012       3.74140008E-03   7.57224407E-05
  0.461589992       3.62029998E-03   7.48829698E-05
  0.464450002       3.70440003E-03   7.51918051E-05
  0.467310011       3.82929994E-03   7.47636004E-05
  0.470169991       3.70769994E-03   7.45995494E-05
  0.473019987       3.73420003E-03   7.46057194E-05
  0.475879997       3.62060010E-03   7.55822693E-05
  0.478740007       3.52160004E-03   7.67328820E-05
  0.481599987       3.68670002E-03   7.63208518E-05
  0.484459996       3.61240003E-03   7.80321352E-05
  0.487320006       3.63719999E-03   7.78010872E-05
  0.490170002       3.58189992E-03   7.83710057E-05
  0.493030012       3.47550004E-03   7.85558368E-05
  0.495889992       3.43380007E-03   7.86020537E-05
  0.498750001       3.28580011E-03   7.99113186E-05
  0.501609981       3.43780010E-03   7.88793113E-05
  0.504459977       3.35619994E-03   7.99344198E-05
  0.507319987       3.26470006E-03   7.98343026E-05
  0.510179996       3.37999989E-03   7.97803878E-05
  0.513040006       3.30609991E-03   8.08663099E-05
  0.515900016       3.28040007E-03   7.96956738E-05
  0.518760026       3.21240001E-03   8.04196170E-05
  0.521610022       3.16879991E-03   8.06044554E-05
  0.524469972       3.20599996E-03   8.09972335E-05
  0.527329981       3.05949990E-03   8.16518659E-05
  0.530189991       3.23390006E-03   7.96340610E-05
  0.533050001       3.28640011E-03   8.15363455E-05
  0.535899997       3.09429993E-03   8.11743739E-05
  0.538760006       3.02690011E-03   8.16364627E-05
  0.541620016       3.03640007E-03   8.15209351E-05
  0.544480026       3.03209992E-03   8.08277982E-05
  0.547339976       2.93940003E-03   8.24528252E-05
  0.550199986       2.92859995E-03   8.14747327E-05
  0.553049982       2.94860010E-03   8.21601716E-05
  0.555909991       3.00940010E-03   8.17442851E-05
  0.558770001       2.84649990E-03   8.18752087E-05
  0.561630011       2.86390004E-03   8.28379052E-05
  0.564490020       2.82649999E-03   8.14516243E-05
  0.567340016       2.76899990E-03   8.16749671E-05
  0.570200026       2.77410005E-03   8.16287647E-05
  0.573059976       2.84320000E-03   8.19599227E-05
  0.575919986       2.80170003E-03   8.27454860E-05
  0.578779995       2.82409997E-03   8.01885690E-05
  0.581629992       2.79200007E-03   8.17673936E-05
  0.584490001       2.82100006E-03   8.12436847E-05
  0.587350011       2.57020001E-03   8.16672691E-05
  0.590210021       2.60420004E-03   8.18135959E-05
  0.593069971       2.69960007E-03   8.02424838E-05
  0.595929980       2.74690008E-03   8.18058979E-05
  0.598779976       2.51189992E-03   8.09587291E-05
  0.601639986       2.72460002E-03   8.13669030E-05
  0.604499996       2.51409994E-03   8.08201003E-05
  0.607360005       2.40959995E-03   8.01808637E-05
  0.610220015       2.53539998E-03   8.17827895E-05
  0.613070011       2.58819992E-03   8.00268390E-05
  0.615930021       2.46679992E-03   8.00191337E-05
  0.618789971       2.32070009E-03   8.07661854E-05
  0.621649981       2.39949999E-03   8.07815886E-05
  0.624509990       2.42709997E-03   8.07892939E-05
  0.627370000       2.38070008E-03   7.96109598E-05
  0.630219996       2.37050001E-03   8.01192582E-05
  0.633080006       2.33939989E-03   8.00268390E-05
  0.635940015       2.34219991E-03   8.01808637E-05
  0.638800025       2.23640003E-03   8.00576454E-05
  0.641659975       2.25039991E-03   7.91103521E-05
  0.644509971       2.17040000E-03   8.01654678E-05
  0.647369981       2.19530007E-03   7.98034889E-05
  0.650229990       2.17050011E-03   7.98882102E-05
  0.653090000       2.20420002E-03   7.88562029E-05
  0.655950010       2.26680003E-03   7.98651017E-05
  0.658810019       2.14409991E-03   8.01269634E-05
  0.661660016       2.15639989E-03   7.88562029E-05
  0.664520025       2.18460010E-03   7.89794285E-05
  0.667379975       2.07450008E-03   7.85866505E-05
  0.670239985       2.19410006E-03   7.94030129E-05
  0.673099995       2.00999994E-03   7.92951905E-05
  0.675949991       2.19959999E-03   7.82477800E-05
  0.678810000       2.10590009E-03   7.88099933E-05
  0.681670010       1.90000003E-03   7.96494642E-05
  0.684530020       1.84569997E-03   8.19368215E-05
  0.687390029       1.84419996E-03   8.34155217E-05
  0.690240026       1.93689996E-03   8.25452444E-05
  0.693099976       1.80900004E-03   8.55334511E-05
  0.695959985       2.05380004E-03   8.53332094E-05
  0.698819995       1.98070006E-03   8.57799023E-05
  0.701680005       1.91989995E-03   8.59185311E-05
  0.704540014       1.86470000E-03   8.65423499E-05
  0.707390010       2.01760000E-03   8.81211672E-05
  0.710250020       1.81960000E-03   8.75435580E-05
  0.713110030       1.96120003E-03   8.81365777E-05
  0.715969980       1.71480002E-03   8.89529401E-05
  0.718829989       1.85610005E-03   9.01466847E-05
  0.721679986       1.86660001E-03   9.07088906E-05
  0.724539995       1.97089999E-03   8.93457182E-05
  0.727400005       1.69039995E-03   9.09476439E-05
  0.730260015       1.83239998E-03   9.06087735E-05
  0.733120024       1.82060001E-03   9.23108164E-05
  0.735979974       1.62430003E-03   9.24648484E-05
  0.738829970       1.59680005E-03   9.04239350E-05
  0.741689980       1.83329999E-03   8.83368120E-05
  0.744549990       1.72079995E-03   8.69582364E-05
  0.747409999       1.74310000E-03   8.63883179E-05
  0.750270009       1.76310004E-03   8.44860333E-05
  0.753120005       1.56550005E-03   8.46323674E-05
  0.755980015       1.56969996E-03   8.45014438E-05
  0.758840024       1.77610002E-03   8.25298412E-05
  0.761699975       1.48169999E-03   8.25914540E-05
  0.764559984       1.62200001E-03   8.16364627E-05
  0.767419994       1.43369997E-03   8.20523492E-05
  0.770269990       1.58779998E-03   8.22679867E-05
  0.773130000       1.52910000E-03   8.04273222E-05
  0.775990009       1.50370004E-03   8.01808637E-05
  0.778850019       1.49259996E-03   7.96956738E-05
  0.781710029       1.59630005E-03   7.96648601E-05
  0.784560025       1.51179999E-03   8.00499474E-05
  0.787419975       1.36720005E-03   7.80552436E-05
  0.790279984       1.49940001E-03   7.89409241E-05
  0.793139994       1.35549996E-03   7.84018048E-05
  0.796000004       1.50619994E-03   7.80398332E-05
  0.798850000       1.37870002E-03   7.75854423E-05
  0.801710010       1.40459999E-03   7.74468135E-05
  0.804570019       1.55339995E-03   7.78319009E-05
  0.807430029       1.37099996E-03   7.72542771E-05
  0.810289979       1.42700004E-03   7.77702880E-05
  0.813149989       1.49709999E-03   7.67505990E-05
  0.815999985       1.36780005E-03   7.72619824E-05
  0.818859994       1.49449997E-03   7.76932720E-05
  0.821720004       1.36370002E-03   7.63863136E-05
  0.824580014       1.44440006E-03   7.67220990E-05
  0.827440023       1.40159996E-03   7.62761847E-05
  0.830290020       1.30390003E-03   7.69046310E-05
  0.833150029       1.20699999E-03   7.64494689E-05
  0.836009979       1.18160003E-03   7.58171664E-05
  0.838869989       1.39730005E-03   7.70232364E-05
  0.841729999       1.31890003E-03   7.60582261E-05
  0.844590008       1.18300004E-03   7.61930060E-05
  0.847440004       1.26699999E-03   7.59696559E-05
  0.850300014       1.28970004E-03   7.52410924E-05
  0.853160024       1.15360005E-03   7.62908167E-05
  0.856019974       1.31069997E-03   7.53365894E-05
  0.858879983       1.16600003E-03   7.52765191E-05
  0.861729980       1.22960005E-03   7.53519926E-05
  0.864589989       1.22320000E-03   7.54397915E-05
  0.867449999       1.19099999E-03   7.60512994E-05
  0.870310009       1.10580004E-03   7.46912046E-05
  0.873170018       1.14960002E-03   7.50169784E-05
  0.876030028       1.12759997E-03   7.50939944E-05
  0.878880024       1.17089995E-03   7.50231411E-05
  0.881739974       1.26419996E-03   7.52926935E-05
  0.884599984       1.13340002E-03   7.42214106E-05
  0.887459993       1.14850001E-03   7.47235463E-05
  0.890320003       1.16740004E-03   7.46534643E-05
  0.893169999       9.86890052E-04   7.46419100E-05
  0.896030009       1.16900005E-03   7.39949828E-05
  0.898890018       1.13830005E-03   7.40242467E-05
  0.901750028       9.71089990E-04   7.45310099E-05
  0.904609978       1.12300005E-03   7.40157775E-05
  0.907459974       1.15110003E-03   7.41690383E-05
  0.910319984       1.09240005E-03   7.34096611E-05
  0.913179994       1.02440000E-03   7.45102152E-05
  0.916040003       1.08309998E-03   7.41551703E-05
  0.918900013       1.11489999E-03   7.31154651E-05
  0.921760023       9.56750009E-04   7.35321155E-05
  0.924610019       1.01250003E-03   7.33218621E-05
  0.927470028       1.11199997E-03   7.37192677E-05
  0.930329978       9.98370000E-04   7.32764238E-05
  0.933189988       1.09349994E-03   7.32001863E-05
  0.936049998       1.02229998E-03   7.37115624E-05
  0.938899994       9.75930016E-04   7.28281957E-05
  0.941760004       9.74440016E-04   7.34681962E-05
  0.944620013       1.01150002E-03   7.23907433E-05
  0.947480023       1.11469999E-03   7.26618455E-05
  0.950339973       1.09389995E-03   7.31947948E-05
  0.953199983       1.10009999E-03   7.25832870E-05
  0.956049979       9.55089985E-04   7.28266605E-05
  0.958909988       8.42629990E-04   7.20734461E-05
  0.961769998       9.51830007E-04   7.27943043E-05
  0.964630008       8.32399994E-04   7.27157530E-05
  0.967490017       9.78489988E-04   7.22929399E-05
  0.970340014       7.95860018E-04   7.20472599E-05
  0.973200023       8.92159995E-04   7.22297846E-05
  0.976059973       8.91149975E-04   7.22236218E-05
  0.978919983       8.91109987E-04   7.23291378E-05
  0.981779993       9.29280010E-04   7.15751594E-05
  0.984640002       9.00249986E-04   7.18285373E-05
  0.987489998       7.53670000E-04   7.18947704E-05
  0.990350008       8.63189984E-04   7.21681790E-05
  0.993210018       7.88239995E-04   7.13256231E-05
  0.996070027       7.62320007E-04   7.12539986E-05
  0.998929977       9.02689993E-04   7.17076182E-05
   1.00179994       8.06640019E-04   7.17777075E-05
   1.00460005       8.19810026E-04   7.12570763E-05
   1.00750005       7.60459981E-04   7.11253815E-05
   1.01040006       8.62699992E-04   7.11284665E-05
   1.01320004       9.06240020E-04   7.12432156E-05
   1.01610005       8.15720006E-04   7.08350344E-05
   1.01890004       8.70630029E-04   7.09320739E-05
   1.02180004       6.84499973E-04   7.09343803E-05
   1.02460003       7.63770018E-04   7.08966472E-05
   1.02750003       8.06359982E-04   7.13279369E-05
   1.03040004       8.38390028E-04   7.02127509E-05
   1.03320003       7.79279973E-04   7.08373482E-05
   1.03610003       8.08420009E-04   7.05185012E-05
   1.03890002       8.90519994E-04   7.04545819E-05
   1.04180002       6.91990019E-04   7.02620382E-05
   1.04470003       8.61190027E-04   6.98053409E-05
   1.04750001       7.05079990E-04   7.06756109E-05
   1.05040002       7.32989982E-04   6.99832381E-05
   1.05320001       6.85699983E-04   7.01326499E-05
   1.05610001       5.90940006E-04   7.00225210E-05
   1.05890000       6.65770029E-04   7.01318859E-05
   1.06180000       7.45480007E-04   7.02682009E-05
   1.06470001       7.08490028E-04   6.96197312E-05
   1.06750000       6.43969979E-04   6.95257768E-05
   1.07040000       7.63939985E-04   6.96397474E-05
   1.07319999       5.26710006E-04   6.98946751E-05
   1.07609999       6.72560011E-04   6.95095951E-05
   1.07900000       8.01849994E-04   6.98184303E-05
   1.08179998       6.41820021E-04   6.94241098E-05
   1.08469999       7.41249998E-04   6.91422320E-05
   1.08749998       6.78739976E-04   6.96921197E-05
   1.09039998       6.72539987E-04   7.10745517E-05
   1.09319997       6.59390003E-04   7.18901501E-05
   1.09609997       5.87360002E-04   7.23129633E-05
   1.09899998       6.49120018E-04   7.29545063E-05
   1.10179996       6.75229996E-04   7.37054070E-05
   1.10469997       6.73510018E-04   7.35051653E-05
   1.10749996       6.73320028E-04   7.49106985E-05
   1.11039996       7.14059977E-04   7.49646060E-05
   1.11329997       8.05290008E-04   7.53643180E-05
   1.11609995       5.78249979E-04   7.66897574E-05
   1.11899996       6.34710013E-04   7.31655236E-05
   1.12179995       5.91119984E-04   7.37962837E-05
   1.12469995       7.48720020E-04   7.31909458E-05
   1.12750006       4.77149995E-04   7.25963837E-05
   1.13039994       6.42189989E-04   7.29375606E-05
   1.13329995       5.34180028E-04   7.19363525E-05
   1.13610005       6.09020004E-04   7.21019387E-05
   1.13900006       5.54549973E-04   7.12070178E-05
   1.14180005       5.81070024E-04   7.14727212E-05
   1.14470005       5.70909993E-04   7.12632391E-05
   1.14760005       6.43910025E-04   7.11423272E-05
   1.15040004       6.30940020E-04   7.10922614E-05
   1.15330005       6.58469973E-04   7.01857934E-05
   1.15610003       6.07380003E-04   7.08689186E-05
   1.15900004       4.22200013E-04   7.04337799E-05
   1.16180003       6.51529990E-04   7.01087774E-05
   1.16470003       6.80120022E-04   7.02458638E-05
   1.16760004       5.71280019E-04   6.92577596E-05
   1.17040002       5.62419998E-04   7.03020851E-05
   1.17330003       5.56910003E-04   6.97067589E-05
   1.17610002       5.47140022E-04   6.98515432E-05
   1.17900002       5.74310019E-04   6.98777294E-05
   1.18180001       5.55920007E-04   6.89574008E-05
   1.18470001       6.50960021E-04   6.99277953E-05
   1.18760002       5.04529977E-04   6.90036031E-05
   1.19040000       5.27349999E-04   6.86916901E-05
   1.19330001       4.36250004E-04   6.89373701E-05
   1.19610000       4.32110013E-04   6.85861814E-05
   1.19900000       5.09430014E-04   6.87340507E-05
   1.20190001       4.70180006E-04   6.77752105E-05
   1.20469999       5.21810027E-04   6.82973696E-05
   1.20760000       4.40559990E-04   6.78683937E-05
   1.21039999       4.73230000E-04   6.75041083E-05
   1.21329999       4.20199998E-04   6.78853394E-05
   1.21609998       4.25650011E-04   6.68702778E-05
   1.21899998       4.39719995E-04   6.75341435E-05
   1.22189999       4.94480017E-04   6.71336675E-05
   1.22469997       5.51269972E-04   6.71005473E-05
   1.22759998       6.09470007E-04   6.71082526E-05
   1.23039997       4.90289996E-04   6.69457513E-05
   1.23329997       5.09240024E-04   6.69187939E-05
   1.23619998       6.13429991E-04   6.66484702E-05
   1.23899996       4.37139999E-04   6.70897716E-05
   1.24189997       4.77580004E-04   6.67393469E-05
   1.24469995       4.85489989E-04   6.67639906E-05
   1.24759996       5.03349991E-04   6.67971108E-05
   1.25039995       4.00989986E-04   6.63042083E-05
   1.25329995       3.98330012E-04   6.65606785E-05
   1.25619996       5.30140009E-04   6.62549210E-05
   1.25899994       4.64999990E-04   6.64104955E-05
   1.26189995       2.91080010E-04   6.64644031E-05
   1.26470006       4.82680014E-04   6.57258279E-05
   1.26760006       3.75339994E-04   6.67732384E-05
   1.27049994       4.42549994E-04   6.60462101E-05
   1.27330005       4.28400002E-04   6.61032027E-05
   1.27620006       4.89500002E-04   6.59584111E-05
   1.27900004       4.71890002E-04   6.57666460E-05
   1.28190005       4.06450010E-04   6.61139857E-05
   1.28470004       4.46530001E-04   6.53222669E-05
   1.28760004       4.92430001E-04   6.56565098E-05
   1.29050004       3.57059995E-04   6.76542913E-05
   1.29330003       3.14139994E-04   6.87717911E-05
   1.29620004       5.15009975E-04   6.96551579E-05
   1.29900002       4.02330013E-04   6.93093534E-05
   1.30190003       3.92729999E-04   6.99878656E-05
   1.30470002       3.61279992E-04   7.03652404E-05
   1.30760002       5.21729991E-04   7.09574888E-05
   1.31050003       4.49520012E-04   7.17476723E-05
   1.31330001       4.12699999E-04   7.13279369E-05
   1.31620002       3.56139994E-04   7.23599442E-05
   1.31900001       2.92829995E-04   7.26818616E-05
   1.32190001       4.29679989E-04   7.30068714E-05
   1.32480001       3.77490011E-04   7.30761894E-05
   1.32760000       3.55889992E-04   7.37392911E-05
   1.33050001       4.07099986E-04   7.44539939E-05
   1.33329999       3.89989989E-04   7.31855471E-05
   1.33620000       4.19190008E-04   7.45625875E-05
   1.33899999       3.66919994E-04   7.43739001E-05
   1.34189999       4.26979997E-04   7.44932768E-05
   1.34480000       3.74439987E-04   7.52980850E-05
   1.34759998       4.12649999E-04   7.14018679E-05
   1.35049999       3.43399995E-04   7.09690430E-05
   1.35329998       4.24289989E-04   6.95280833E-05
   1.35619998       3.00999993E-04   6.97036739E-05
   1.35909998       5.07179997E-04   6.88172295E-05
   1.36189997       2.69450014E-04   6.79061341E-05
   1.36479998       3.68809997E-04   6.84552506E-05
   1.36759996       4.63159988E-04   6.72283932E-05
   1.37049997       3.59869999E-04   6.69819492E-05
   1.37329996       3.98250006E-04   6.64289764E-05
   1.37619996       4.35939990E-04   6.60161750E-05
   1.37909997       3.93290014E-04   6.69511428E-05
   1.38189995       4.62589989E-04   6.55325202E-05
   1.38479996       3.59569996E-04   6.61948507E-05
   1.38759995       4.38410003E-04   6.55063341E-05
   1.39049995       3.96890013E-04   6.59599536E-05
   1.39339995       4.26440005E-04   6.62664752E-05
   1.39619994       3.14000004E-04   6.50373040E-05
   1.39909995       3.44870001E-04   6.55402182E-05
   1.40190005       3.85960011E-04   6.52329254E-05
   1.40480006       4.08430002E-04   6.51004593E-05
   1.40760005       3.33889999E-04   6.50912189E-05
   1.41050005       3.17080005E-04   6.49187059E-05
   1.41340005       3.65599990E-04   6.52960807E-05
   1.41620004       3.16960010E-04   6.49063804E-05
   1.41910005       4.20369994E-04   6.48378409E-05
   1.42190003       2.40459995E-04   6.45667387E-05
   1.42480004       4.62650001E-04   6.45883047E-05
   1.42760003       4.64000012E-04   6.49317954E-05
   1.43050003       3.02550005E-04   6.41670267E-05
   1.43340003       4.29620006E-04   6.47022825E-05
   1.43620002       2.87059986E-04   6.42178566E-05
   1.43910003       3.11929994E-04   6.43495587E-05
   1.44190001       2.61679990E-04   6.44419779E-05
   1.44480002       4.20859986E-04   6.40353319E-05
   1.44770002       3.87250009E-04   6.39652499E-05
   1.45050001       4.30009997E-04   6.37203411E-05
   1.45340002       4.53079992E-04   6.42109298E-05
   1.45620000       2.81099987E-04   6.39614009E-05
   1.45910001       2.68459989E-04   6.35000761E-05
   1.46190000       3.72550014E-04   6.39660211E-05
   1.46480000       2.76639999E-04   6.35578399E-05
   1.46770000       3.06280010E-04   6.35732431E-05
   1.47049999       3.00140004E-04   6.33968739E-05
   1.47340000       2.62179994E-04   6.34392272E-05
   1.47619998       2.55079998E-04   6.38374040E-05
   1.47909999       3.60979990E-04   6.31157673E-05
   1.48199999       2.91339995E-04   6.36648911E-05
   1.48479998       2.64609989E-04   6.29702045E-05
   1.48769999       2.94089987E-04   6.31357980E-05
   1.49049997       3.11520009E-04   6.32436131E-05
   1.49339998       2.69620010E-04   6.28131020E-05
   1.49619997       1.13820002E-04   6.31873918E-05
   1.49909997       2.71989993E-04   6.27306945E-05
   1.50199997       2.95809994E-04   6.31357980E-05
   1.50479996       2.73359998E-04   6.27306945E-05
   1.50769997       3.68940004E-04   6.25666435E-05
   1.51049995       3.93280003E-04   6.31049843E-05
   1.51339996       3.19320010E-04   6.22193038E-05
   1.51629996       1.23270001E-04   6.27453264E-05
   1.51909995       3.81430000E-04   6.19936545E-05
   1.52199996       2.14130006E-04   6.23394517E-05
   1.52479994       2.32310005E-04   6.26998808E-05
   1.52769995       2.32990002E-04   6.22770676E-05
   1.53050005       2.31690006E-04   6.22801526E-05
   1.53340006       2.50109995E-04   6.20930005E-05
   1.53629994       2.59499997E-04   6.25011817E-05
   1.53910005       2.83880014E-04   6.19813291E-05
   1.54200006       2.86639988E-04   6.17595215E-05
   1.54480004       1.67890001E-04   6.22262378E-05
   1.54770005       1.45879996E-04   6.20013525E-05
   1.55060005       2.57250009E-04   6.18380800E-05
   1.55340004       2.14639993E-04   6.15939425E-05
   1.55630004       1.97069996E-04   6.15854733E-05
   1.55910003       2.26510005E-04   6.18742779E-05
   1.56200004       3.18209990E-04   6.13698285E-05
   1.56480002       3.30509996E-04   6.17133192E-05
   1.56770003       2.67489988E-04   6.14460660E-05
   1.57060003       1.94580003E-04   6.13983211E-05
   1.57340002       2.94689991E-04   6.16054895E-05
   1.57630002       1.96089997E-04   6.11703508E-05
   1.57910001       1.41099998E-04   6.15207755E-05
   1.58200002       3.25000001E-04   6.11572614E-05
   1.58480000       3.02450004E-04   6.11872965E-05
   1.58770001       3.01230000E-04   6.10332681E-05
   1.59060001       2.61070003E-04   6.08784685E-05
   1.59340000       2.47390009E-04   6.13313168E-05
   1.59630001       1.45740007E-04   6.08838563E-05
   1.59909999       3.56480014E-04   6.11487922E-05
   1.60200000       2.89640011E-04   6.06335561E-05
   1.60490000       1.56990005E-04   6.10371135E-05
   1.60769999       1.68769999E-04   6.07675647E-05
   1.61059999       1.80899995E-04   6.06381800E-05
   1.61339998       2.42819995E-04   6.06689864E-05
   1.61629999       2.71319994E-04   6.04363995E-05
   1.61909997       1.84670003E-04   6.07637157E-05
   1.62199998       2.24010000E-04   6.06528083E-05
   1.62489998       3.23819986E-04   6.03409026E-05
   1.62769997       2.01679999E-04   6.06173817E-05
   1.63059998       2.54459999E-04   6.01106185E-05
   1.63339996       2.07980003E-04   6.05850400E-05
   1.63629997       2.49729987E-04   6.00420753E-05
   1.63919997       3.15710000E-04   6.01052307E-05
   1.64199996       3.48230009E-04   6.03886510E-05
   1.64489996       2.32570004E-04   5.98949773E-05
   1.64769995       2.67099997E-04   6.03670815E-05
   1.65059996       2.83539994E-04   5.99935593E-05
   1.65339994       2.29049998E-04   5.99889390E-05
   1.65629995       2.54540006E-04   5.99866289E-05
   1.65919995       1.92530002E-04   5.98302868E-05
   1.66199994       2.71469995E-04   5.98957486E-05
   1.66489995       2.17380002E-04   5.95183737E-05
   1.66770005       1.18930002E-04   5.98826555E-05
   1.67060006       1.89319995E-04   5.97494181E-05
   1.67349994       1.26350002E-04   5.97039834E-05
   1.67630005       2.28050005E-04   5.98071783E-05
   1.67920005       2.27600001E-04   5.92827018E-05
   1.68200004       2.78769992E-04   5.95607307E-05
   1.68490005       1.45519996E-04   5.95376296E-05
   1.68770003       2.78029998E-04   5.94991216E-05
   1.69060004       1.88480000E-04   5.93866789E-05
   1.69350004       2.36489999E-04   5.90724558E-05
   1.69630003       2.06629993E-04   5.90917080E-05
   1.69920003       2.53339997E-04   5.88598887E-05
   1.70200002       2.22269999E-04   5.88375551E-05
   1.70490003       2.86739989E-04   5.89045594E-05
   1.70770001       1.70400002E-04   5.86234528E-05
   1.71060002       2.07429999E-04   5.90146919E-05
   1.71350002       2.70510005E-04   5.83623696E-05
   1.71630001       1.89850005E-04   5.87151007E-05
   1.71920002       2.15260006E-04   5.86681199E-05
   1.72200000       2.00850001E-04   5.86134411E-05
   1.72490001       2.66790012E-04   5.87666982E-05
   1.72780001       1.74850007E-04   5.79033549E-05
   1.73060000       2.29390003E-04   5.86365422E-05
   1.73350000       2.60530011E-04   5.83331021E-05
   1.73629999       2.83039990E-04   5.86003516E-05
   1.73920000       1.60979995E-04   5.87289651E-05
   1.74199998       2.42359994E-04   5.82576286E-05
   1.74489999       2.10879996E-04   5.87905743E-05
   1.74779999       2.33779996E-04   5.82329812E-05
   1.75059998       1.93219996E-04   5.84763548E-05
   1.75349998       3.05169990E-04   5.83770016E-05
   1.75629997       2.65059993E-04   5.82460780E-05
   1.75919998       1.05020001E-04   5.86165224E-05
   1.76209998       2.28999997E-04   5.77716601E-05
   1.76489997       2.50509998E-04   5.86196038E-05
   1.76779997       1.95119996E-04   5.81621316E-05
   1.77059996       1.65260004E-04   5.81089844E-05
   1.77349997       1.53899993E-04   5.82491557E-05
   1.77629995       1.57600007E-04   5.78633080E-05
   1.77919996       3.39049991E-04   5.82637913E-05
   1.78209996       2.09809994E-04   5.77924548E-05
   1.78489995       2.57320004E-04   5.81236236E-05
   1.78779995       2.72609992E-04   5.75783524E-05
   1.79059994       7.22539990E-05   5.80658598E-05
   1.79349995       1.47319995E-04   5.81536588E-05
   1.79639995       1.24979997E-04   5.74512778E-05
   1.79920006       2.11160004E-04   5.78248037E-05
   1.80209994       2.22069997E-04   5.74666774E-05
   1.80490005       1.79109993E-04   5.77477877E-05
   1.80780005       2.22739996E-04   5.77624196E-05
   1.81060004       1.76889997E-04   5.72633617E-05
   1.81350005       2.95309990E-04   5.77547180E-05
   1.81640005       1.37399998E-04   5.74874721E-05
   1.81920004       2.25600001E-04   5.76438142E-05
   1.82210004       1.94570006E-04   5.73858124E-05
   1.82490003       1.31339999E-04   5.70669690E-05
   1.82780004       2.95620004E-04   5.77901446E-05
   1.83060002       2.27400000E-04   5.72602803E-05
   1.83350003       2.00280003E-04   5.72287026E-05
   1.83640003       1.67649996E-04   5.72310091E-05
   1.83920002       5.68610012E-05   5.70939228E-05
   1.84210002       1.40599994E-04   5.72949357E-05
   1.84490001       1.95610002E-04   5.69391232E-05
   1.84780002       1.92360007E-04   5.70800621E-05
   1.85070002       2.39879999E-04   5.70500270E-05
   1.85350001       1.86880003E-04   5.69152471E-05
   1.85640001       1.00229998E-04   5.70477168E-05
   1.85920000       1.69089995E-04   5.69344993E-05
   1.86210001       2.58969987E-04   5.69337317E-05
   1.86489999       1.83630007E-04   5.70762095E-05
   1.86780000       2.49589997E-04   5.64462243E-05
   1.87070000       1.35430004E-04   5.68890609E-05
   1.87349999       1.59350006E-04   5.64385191E-05
   1.87639999       2.73920014E-04   5.67273310E-05
   1.87919998       7.35069989E-05   5.67866336E-05
   1.88209999       1.44580001E-04   5.66133458E-05
   1.88499999       1.82289994E-04   5.65540431E-05
   1.88779998       5.11959988E-05   5.66495473E-05
   1.89069998       2.11339997E-04   5.66287526E-05
   1.89349997       1.43269994E-04   5.62344285E-05
   1.89639997       1.88079997E-04   5.80496890E-05
   1.89919996       7.13089976E-05   5.86573406E-05
   1.90209997       6.03109993E-06   5.96631617E-05
   1.90499997       1.21780002E-04   5.98318220E-05
   1.90779996       1.56060007E-04   6.01914871E-05
   1.91069996       1.38639996E-04   6.08584451E-05
   1.91349995       3.88820008E-05   6.12042422E-05
   1.91639996       9.54959978E-05   6.15015233E-05
   1.91929996       1.37430005E-04   6.16208927E-05
   1.92209995       1.80150005E-06   6.17233236E-05
   1.92499995       6.36149998E-05   6.21653962E-05
   1.92780006       2.48669996E-04   6.18350023E-05
   1.93069994       1.49130006E-04   6.22793741E-05
   1.93350005       1.24769998E-04   6.19805578E-05
   1.93640006       1.02970000E-04   6.26760084E-05
   1.93929994       8.19519992E-05   6.26413530E-05
   1.94210005       1.16620002E-04   6.19235725E-05
   1.94500005       1.75740002E-04   6.26174733E-05
   1.94780004       3.65460000E-05   6.27491754E-05
   1.95070004       1.51340006E-04   6.30995928E-05
   1.95360005       1.08259999E-04   6.08530499E-05
   1.95640004       1.90999999E-04   5.97501894E-05
   1.95930004       1.86649995E-04   5.95545680E-05
   1.96210003       1.08530003E-04   5.88891562E-05
   1.96500003       2.29779995E-04   5.83777728E-05
   1.96780002       1.34960006E-04   5.81513486E-05
   1.97070003       2.46979995E-04   5.79318548E-05
   1.97360003       1.77609996E-04   5.77793653E-05
   1.97640002       1.52370005E-04   5.73526922E-05
   1.97930002       1.71089996E-04   5.74520454E-05
   1.98210001       1.52210006E-04   5.69152471E-05
   1.98500001       2.05580000E-04   5.72995559E-05
   1.98780000       1.13069997E-04   5.71586170E-05
   1.99070001       1.64760000E-04   5.68983014E-05
   1.99360001       8.24529998E-05   5.70176744E-05
   1.99640000       1.38389994E-04   5.66803501E-05
   1.99930000       3.80739984E-05   5.70931516E-05
   2.00209999       1.45069993E-04   5.65794617E-05
   2.00500011       1.88589998E-04   5.65925511E-05
   2.00790000       1.31680004E-04   5.66949857E-05
   2.01069999       1.26450002E-04   5.63514950E-05
   2.01360011       1.48430001E-04   5.66379895E-05
   2.01640010       1.03229999E-04   5.60665358E-05
   2.01929998       1.07929998E-04   5.63530375E-05
   2.02209997       8.18760018E-05   5.67750794E-05
   2.02500010       9.97719981E-05   5.57977510E-05
   2.02789998       9.95200025E-05   5.64870425E-05
   2.03069997       9.08340007E-05   5.57969834E-05
   2.03360009       1.25139995E-04   5.62898822E-05
   2.03640008       1.47529994E-04   5.61135166E-05
   2.03929996       2.91339995E-04   5.57022540E-05
   2.04220009       1.10890003E-04   5.60549852E-05
   2.04500008       1.24729995E-04   5.55074039E-05
   2.04789996       1.25620005E-04   5.60465123E-05
   2.05069995       7.32589979E-05   5.57068706E-05
   2.05360007       1.37809999E-04   5.55243460E-05
   2.05640006       6.84780025E-05   5.58755419E-05
   2.05929995       9.27000001E-05   5.56152263E-05
   2.06220007       1.61839998E-04   5.55066326E-05
   2.06500006       1.30350003E-04   5.54388607E-05
   2.06789994       9.98399992E-05   5.56190753E-05
   2.07069993       2.05949997E-04   5.54519538E-05
   2.07360005       7.49440005E-05   5.54642756E-05
   2.07649994       5.35260006E-05   5.53656973E-05
   2.07929993       9.59910030E-05   5.50145051E-05
   2.08220005       1.57849994E-04   5.53456739E-05
   2.08500004       1.70810003E-04   5.51292578E-05
   2.08789992       1.35060007E-04   5.52563361E-05
   2.09069991       9.88140018E-05   5.51092344E-05
   2.09360003       2.20660004E-04   5.49475044E-05
   2.09649992       1.55419999E-04   5.53187165E-05
   2.09929991       5.51999983E-05   5.46671654E-05
   2.10220003       9.53519993E-05   5.51539015E-05
   2.10500002       1.40189994E-04   5.49105353E-05
   2.10789990       8.78459978E-05   5.47349373E-05
   2.11069989       1.45939994E-04   5.52686579E-05
   2.11360002       1.25589999E-04   5.43367642E-05
   2.11649990       1.46949998E-04   5.48912831E-05
   2.11929989       1.43950005E-04   5.47333984E-05
   2.12220001       2.41899997E-05   5.46656229E-05
   2.12500000       8.24390008E-05   5.47965537E-05
   2.12789989       1.17809999E-04   5.41326772E-05
   2.13080001       5.16190012E-05   5.47803756E-05
   2.13360000       1.33470006E-04   5.44684663E-05
   2.13649988       9.88579995E-05   5.46047813E-05
   2.13930011       1.55989997E-04   5.46794872E-05
   2.14219999       1.14479997E-04   5.39917382E-05
   2.14499998       1.68600003E-04   5.46956580E-05
   2.14790010       1.47910003E-04   5.42589805E-05
   2.15079999       6.55900003E-05   5.40456531E-05
   2.15359998       1.32400004E-04   5.44823233E-05
   2.15650010       7.89070036E-05   5.40910842E-05
   2.15930009       3.46929992E-05   5.44322684E-05
   2.16219997       1.38429998E-04   5.39601642E-05
   2.16510010       7.23499979E-05   5.40718320E-05
   2.16790009       1.59910007E-04   5.40340952E-05
   2.17079997       8.13579973E-05   5.41473128E-05
   2.17359996       1.29530003E-04   5.40456531E-05
   2.17650008       1.79499999E-04   5.36867556E-05
   2.17930007       1.35149996E-04   5.40495021E-05
   2.18219995       3.23460008E-05   5.38199929E-05
   2.18510008       8.39519998E-05   5.39270441E-05
   2.18790007       6.84499973E-05   5.36266853E-05
   2.19079995       8.09670018E-05   5.37037013E-05
   2.19359994       1.68369996E-04   5.37114029E-05
   2.19650006       9.49469977E-05   5.31214646E-05
   2.19939995       1.63170000E-04   5.35750805E-05
   2.20219994       9.39759993E-05   5.33178536E-05
   2.20510006       1.24970000E-04   5.35088511E-05
   2.20790005       2.08889996E-05   5.35296422E-05
   2.21079993       1.65499994E-04   5.29366225E-05
   2.21359992       1.76129994E-04   5.33563616E-05
   2.21650004       9.94720031E-05   5.31699807E-05
   2.21939993      -1.75309997E-05   5.32739541E-05
   2.22219992       1.06270003E-04   5.31676706E-05
   2.22510004       1.50180000E-04   5.28988894E-05
   2.22790003      -9.47949957E-06   5.32824270E-05
   2.23079991       6.01050015E-05   5.28780911E-05
   2.23359990       4.87920006E-05   5.31823025E-05
   2.23650002       3.36140001E-05   5.29920762E-05
   2.23939991       1.64960002E-04   5.31422593E-05
   2.24219990       7.30280008E-05   5.31514997E-05
   2.24510002       1.24700004E-04   5.27071206E-05
   2.24790001      -4.71060011E-05   5.30344332E-05
   2.25079989       1.60669995E-04   5.29658901E-05
   2.25370002       1.28190004E-04   5.31514997E-05
   2.25650001       1.07100001E-04   5.30921970E-05
   2.25939989       1.01070000E-04   5.26031472E-05
   2.26220012       1.43719997E-04   5.29766730E-05
   2.26510000      -1.16550000E-05   5.29397039E-05
   2.26789999       1.61860007E-04   5.28295714E-05
   2.27080011       9.15389974E-05   5.28395831E-05
   2.27370000       2.52819991E-05   5.27602606E-05
   2.27649999       7.17310031E-05   5.30328944E-05
   2.27940011       1.76079993E-05   5.25376854E-05
   2.28220010       1.28050000E-04   5.27071206E-05
   2.28509998       9.81889971E-05   5.26039184E-05
   2.28800011       8.27920012E-05   5.26847834E-05
   2.29080009       1.10230001E-04   5.27533266E-05
   2.29369998       1.56440001E-04   5.23051021E-05
   2.29649997       3.38509999E-05   5.24706811E-05
   2.29940009       1.20199998E-04   5.23513081E-05
   2.30220008       7.84340009E-05   5.26493604E-05
   2.30509996       8.46490002E-05   5.23928975E-05
   2.30800009       2.66499992E-05   5.20971553E-05
   2.31080008       1.97999994E-04   5.26193217E-05
   2.31369996       6.15829995E-05   5.20378526E-05
   2.31649995       1.00190002E-04   5.23651725E-05
   2.31940007       9.14460034E-05   5.21826441E-05
   2.32229996       1.49800006E-04   5.21526090E-05
   2.32509995       4.96790017E-05   5.25561700E-05
   2.32800007       4.68239996E-05   5.19238711E-05
   2.33080006       1.59360003E-04   5.20232206E-05
   2.33369994       1.74290006E-04   5.18691886E-05
   2.33649993       8.13430015E-05   5.22804512E-05
   2.33940005      -2.12569994E-05   5.22442569E-05
   2.34229994       1.99799993E-04   5.17790832E-05
   2.34509993       8.99040024E-05   5.19978021E-05
   2.34800005       1.40460004E-04   5.18245215E-05
   2.35080004       1.40749995E-04   5.20509493E-05
   2.35369992       6.23779997E-05   5.18768902E-05
   2.35660005       6.78029974E-05   5.16034888E-05
   2.35940003       4.59559997E-05   5.22442569E-05
   2.36229992       2.41880007E-05   5.16373730E-05
   2.36509991       4.11850015E-05   5.19577588E-05
   2.36800003       6.81980018E-05   5.16304426E-05
   2.37080002       6.77520002E-05   5.17629123E-05
   2.37369990       1.22719997E-04   5.21803304E-05
   2.37660003       8.31810030E-05   5.13216110E-05
   2.37940001       6.01780011E-05   5.18553279E-05
   2.38229990       7.83990035E-05   5.13924606E-05
   2.38509989       1.38989999E-04   5.15857755E-05
   2.38800001       1.03749997E-04   5.15565080E-05
   2.39080000       1.67550006E-05   5.14147978E-05
   2.39369988       1.91269992E-05   5.16843538E-05
   2.39660001       1.00459998E-04   5.13408631E-05
   2.39940000       5.94330013E-05   5.14124877E-05
   2.40229988       1.49359999E-04   5.13624254E-05
   2.40510011       8.57100022E-05   5.13347004E-05
   2.40799999       4.52280001E-05   5.16196596E-05
   2.41090012       2.61980003E-05   5.12392035E-05
   2.41370010       9.91909983E-05   5.15087595E-05
   2.41659999       1.17960000E-04   5.10204773E-05
   2.41939998       4.76159985E-05   5.12199476E-05
   2.42230010       4.02730002E-05   5.13339328E-05
   2.42510009       2.57739994E-05   5.11475555E-05
   2.42799997       1.86310008E-05   5.12684710E-05
   2.43090010      -7.29000021E-05   5.09041856E-05
   2.43370008       1.20639997E-04   5.12884908E-05
   2.43659997      -8.86999999E-07   5.10851714E-05
   2.43939996       9.22909967E-05   5.09858255E-05
   2.44230008       1.47610001E-04   5.10543687E-05
   2.44519997       8.69799987E-05   5.07809600E-05
   2.44799995       7.01140016E-05   5.10689970E-05
   2.45090008       6.85220002E-05   5.07994409E-05
   2.45370007       1.65070000E-04   5.07794211E-05
   2.45659995       5.30219986E-05   5.10782374E-05
   2.45939994       3.56720011E-05   5.08456542E-05
   2.46230006       4.82260002E-05   5.09827405E-05
   2.46519995       1.20210003E-04   5.05676253E-05
   2.46799994       5.45580006E-05   5.07909754E-05
   2.47090006       9.92689966E-05   5.06407923E-05
   2.47370005       9.66869993E-05   5.07424520E-05
   2.47659993       7.16020004E-05   5.07239674E-05
   2.47950006       9.84200014E-05   5.04829113E-05
   2.48230004       2.18589994E-04   5.06600481E-05
   2.48519993       2.84769994E-05   5.05468306E-05
   2.48799992       5.01050017E-05   5.05152530E-05
   2.49090004       1.48360006E-04   5.05514545E-05
   2.49370003       2.23110001E-05   5.05360513E-05
   2.49659991       2.04730004E-05   5.06099823E-05
   2.49950004       9.54040006E-05   5.01825525E-05
   2.50230002       7.75220033E-05   5.30952784E-05
   2.50519991      -3.81459995E-06   5.40325564E-05
   2.50799990       7.36389993E-05   5.53302707E-05
   2.51090002       1.42859994E-04   5.62621572E-05
   2.51370001       1.27639996E-05   5.68420801E-05
   2.51659989       2.25549993E-05   5.81860004E-05
   2.51950002       1.26960003E-05   5.85787820E-05
   2.52230000       1.01389996E-04   5.92611395E-05
   2.52519989       5.21209986E-05   5.99511986E-05
   2.52800012       5.08850007E-06   5.98780352E-05
   2.53090000       1.04100000E-04   6.15893223E-05
   2.53379989       1.40489996E-04   6.07768052E-05
   2.53660011       6.98759977E-05   6.18904523E-05
   2.53950000      -1.23979999E-05   6.25581742E-05
   2.54229999       8.99989973E-05   6.25304529E-05
   2.54520011       1.95970002E-04   6.38897691E-05
   2.54800010       2.91380002E-05   6.30718714E-05
   2.55089998       8.44000024E-05   6.39667924E-05
   2.55380011       5.41189984E-05   6.43634194E-05
   2.55660009       6.69630026E-05   6.43095045E-05
   2.55949998       3.75980017E-05   6.51351147E-05
   2.56229997      -4.51400001E-06   6.44188694E-05
   2.56520009       9.30530005E-05   6.56819248E-05
   2.56809998       9.50449976E-06   6.52336967E-05
   2.57089996       4.25219987E-05   6.59437792E-05
   2.57380009       7.91139973E-05   6.61786762E-05
   2.57660007       2.46010004E-05   6.64867330E-05
   2.57949996       2.47410007E-05   6.68063512E-05
   2.58229995      -1.14399995E-06   6.67301065E-05
   2.58520007       4.75689994E-05   6.70196823E-05
   2.58809996       8.05299987E-06   6.72599708E-05
   2.59089994       2.77529998E-05   6.80917437E-05
   2.59380007       8.01860006E-05   6.74733092E-05
   2.59660006       1.86949997E-04   6.74648327E-05
   2.59949994      -5.27670018E-05   6.80316662E-05
   2.60240006       5.54930011E-05   6.78021606E-05
   2.60520005       9.77750024E-05   6.82727259E-05
   2.60809994      -3.91299982E-05   6.79161458E-05
   2.61089993       8.04459996E-05   6.83982653E-05
   2.61380005       9.45470019E-05   6.92408139E-05
   2.61660004       1.82320000E-04   6.82126556E-05
   2.61949992       1.83060001E-05   6.94803311E-05
   2.62240005       4.70179984E-05   6.88772998E-05
   2.62520003       6.88930013E-05   7.02281541E-05
   2.62809992       7.13150002E-05   7.01341924E-05
   2.63089991       9.11940006E-05   6.89774170E-05
   2.63380003       3.69699992E-05   7.10568420E-05
   2.63660002       2.40900008E-05   6.99570592E-05
   2.63949990       8.04110023E-05   7.13317859E-05
   2.64240003       1.39109994E-04   7.07672589E-05
   2.64520001       1.18739999E-05   7.05939747E-05
   2.64809990      -7.66980011E-05   7.22128389E-05
   2.65089989       6.32040028E-05   7.12570763E-05
   2.65380001       1.73220003E-04   7.20310854E-05
   2.65669990       5.79230000E-05   7.18208321E-05
   2.65949988      -1.42750002E-06   7.20788375E-05
   2.66240001       9.32170005E-05   7.32125045E-05
   2.66520000       2.04600001E-05   7.19532982E-05
   2.66810012      -5.30100006E-05   7.30977481E-05
   2.67090011       4.01610014E-05   7.30923566E-05
   2.67379999       3.65679989E-06   7.37731752E-05
   2.67670012       1.08239998E-04   7.36938528E-05
   2.67950010       5.20350004E-05   7.31254768E-05
   2.68239999      -1.42179997E-05   7.43346172E-05
   2.68519998       5.74139995E-05   7.44385907E-05
   2.68810010       9.43139967E-05   7.46211226E-05
   2.69099998       2.00359995E-04   7.45887737E-05
   2.69379997       1.30069995E-04   7.45302386E-05
   2.69670010      -3.53969990E-05   7.53335116E-05
   2.69950008       8.89549992E-05   7.59635004E-05
   2.70239997       1.08669999E-04   7.51802509E-05
   2.70519996       7.80999981E-05   7.54875437E-05
   2.70810008       5.24259995E-05   7.62815762E-05
   2.71099997       1.21899997E-04   7.63200806E-05
   2.71379995       4.97619985E-05   7.64856595E-05
   2.71670008      -9.54290008E-05   7.64032520E-05
   2.71950006       3.89710003E-05   7.73158972E-05
   2.72239995      -2.57129996E-05   7.73235952E-05
   2.72530007       9.99429976E-05   7.75007284E-05
   2.72810006       1.61499993E-04   7.68722821E-05
   2.73099995       7.05169987E-06   7.76778688E-05
   2.73379993       3.02009994E-05   7.78319009E-05
   2.73670006       6.12649965E-05   7.83247960E-05
   2.73950005      -1.40840002E-05   7.72927815E-05
   2.74239993       1.53920002E-04   7.81322597E-05
   2.74530005       1.47259998E-04   7.88793113E-05
   2.74810004       4.55510017E-05   7.80706469E-05
   2.75099993       1.51130007E-04   7.92489809E-05
   2.75379992       3.02949993E-05   7.83864089E-05
   2.75670004      -1.68850002E-05   7.95031301E-05
   2.75959992       1.05610001E-04   7.97264729E-05
   2.76239991      -3.17650010E-05   7.95801461E-05
   2.76530004       9.39469974E-05   8.01500646E-05
   2.76810002       1.61730000E-04   7.94492225E-05
   2.77099991       1.05170002E-04   8.15517487E-05
   2.77379990      -7.99269983E-05   7.99036134E-05
   2.77670002       9.26490029E-05   8.01500646E-05
   2.77959991       1.27730003E-04   8.23295995E-05
   2.78239989       4.02010010E-05   8.07430843E-05
   2.78530002       4.33009991E-05   8.17288819E-05
   2.78810000       8.81059968E-05   8.11666687E-05
   2.79099989       5.97840008E-05   8.23373048E-05
   2.79380012      -1.55930000E-04   8.26684700E-05
   2.79670000       5.70160009E-05   8.19753332E-05
   2.79959989      -3.16600017E-05   8.34232196E-05
   2.80240011       3.06299989E-05   8.25760580E-05
   2.80530000       1.34670001E-04   8.33308077E-05
   2.80809999      -1.44880003E-04   8.37928965E-05
   2.81100011       1.09950000E-04   8.39007189E-05
   2.81389999       1.67460006E-04   8.44706301E-05
   2.81669998       1.09829998E-04   8.26453688E-05
   2.81960011       1.29640001E-04   8.48403070E-05
   2.82240009      -4.47179991E-05   8.33385056E-05
   2.82529998       2.45180010E-04   8.44629321E-05
   2.82809997       2.12929997E-04   8.41548681E-05
   2.83100009       8.13150018E-06   8.33847153E-05
   2.83389997       1.36289993E-04   8.54102254E-05
   2.83669996      -2.79079995E-05   8.28918201E-05
   2.83960009       6.52919989E-05   8.52484955E-05
   2.84240007      -7.81370036E-05   8.40701541E-05
   2.84529996       1.06450003E-04   8.46169642E-05
   2.84820008      -2.49299992E-05   8.61726803E-05
   2.85100007      -3.88199987E-05   8.41856745E-05
   2.85389996      -8.26870018E-05   8.67194904E-05
   2.85669994      -9.46490036E-05   8.53255115E-05
   2.85960007       1.33220004E-04   8.64114263E-05
   2.86240005      -4.00889985E-05   8.66424743E-05
   2.86529994      -1.75759997E-05   8.61495719E-05
   2.86820006      -6.57299970E-05   8.79979489E-05
   2.87100005       5.75170016E-05   8.60109431E-05
   2.87389994       3.27609996E-05   8.80056468E-05
   2.87669992       1.00680001E-04   8.72585952E-05
   2.87960005       8.35280007E-05   8.76513732E-05
   2.88249993      -1.31240004E-05   8.97770078E-05
   2.88529992      -7.91889979E-05   8.70814620E-05
   2.88820004       1.22350000E-04   8.89683433E-05
   2.89100003       3.84320010E-05   8.85370537E-05
   2.89389992       3.41790001E-05   8.93457182E-05
   2.89669991       1.39350004E-05   9.01158710E-05
   2.89960003       7.73509964E-05   8.83984249E-05
   2.90249991       2.03529999E-05   9.10708623E-05
   2.90529990      -4.30580003E-05   9.03161126E-05
   2.90820003       1.55500002E-05   9.04162298E-05
   2.91100001       1.72629996E-04   9.06549831E-05
   2.91389990       6.09689996E-05   9.08706279E-05
   2.91669989       2.63820002E-05   9.19873492E-05
   2.91960001       3.46399997E-06   9.09784503E-05
   2.92249990       4.65500016E-05   9.26573848E-05
   2.92529988      -7.45150028E-05   9.14944540E-05
   2.92820001      -1.63279998E-04   9.26034772E-05
   2.93099999       9.00079976E-05   9.33351257E-05
   2.93390012       6.67040013E-06   9.20720704E-05
   2.93680000       1.88289996E-04   9.41668841E-05
   2.93959999      -8.24300005E-05   9.26573848E-05
   2.94250011      -2.92299992E-05   9.44287458E-05
   2.94530010       8.71960001E-05   9.40436585E-05
   2.94819999       8.59000011E-06   9.41360850E-05
   2.95099998       3.66149993E-06   9.57303055E-05
   2.95390010       3.21900006E-05   9.34660493E-05
   2.95679998       2.59749995E-05   9.68855384E-05
   2.95959997       5.70090015E-05   9.47599037E-05
   2.96250010       1.09859997E-04   9.60922771E-05
   2.96530008       1.17730000E-04   9.67623128E-05
   2.96819997       9.77789969E-05   9.55454670E-05
   2.97110009       1.16450001E-05   9.84335493E-05
   2.97390008       2.09950008E-06   9.59767494E-05
   2.97679996      -1.70870007E-05   9.78713360E-05
   2.97959995       2.15459993E-04   9.80253681E-05
   2.98250008       2.56939995E-04   9.72552152E-05
   2.98530006       2.00320006E-04   1.00266523E-04
   2.98819995       1.50220003E-04   9.73553324E-05
   2.99110007       6.55609983E-05   9.95194714E-05
   2.99390006      -1.16849997E-05   9.90958797E-05
   2.99679995       8.85720001E-05   9.91343913E-05
   2.99959993       3.00640004E-05   1.01598882E-04
   3.00250006       1.68860002E-04   9.87878157E-05
   3.00539994       5.87600007E-05   1.02345934E-04
   3.00819993       8.75199985E-05   1.00043173E-04
   3.01110005       1.47500003E-04   1.01483362E-04
   3.01390004      -1.16800002E-05   1.01752914E-04
   3.01679993      -3.45340013E-05   1.01853046E-04
   3.01959991       5.21410002E-05   1.04232822E-04
   3.02250004       1.20429999E-04   1.01236910E-04
   3.02539992       1.80350005E-04   1.03747625E-04
   3.02819991       6.75679985E-05   1.03401049E-04
   3.03110003       1.49789994E-04   1.03562787E-04
   3.03390002       1.37990006E-04   1.05750019E-04
   3.03679991      -3.94650015E-05   1.03008271E-04
   3.03970003       1.55989997E-04   1.06373853E-04
   3.04250002       1.27709995E-04   1.03793835E-04
   3.04539990       1.74550005E-04   1.06697313E-04
   3.04819989      -9.03000000E-06   1.05780833E-04
   3.05110002       1.00340003E-04   1.06319945E-04
   3.05390000       1.21639998E-04   1.09092500E-04
   3.05679989      -4.26970000E-05   1.05218620E-04
   3.05970001       5.69279982E-05   1.09000088E-04
   3.06250000       1.76119996E-04   1.06951469E-04
   3.06539989      -4.25489998E-05   1.09069391E-04
   3.06820011      -1.46790000E-04   1.10971676E-04
   3.07110000      -1.40499993E-04   1.06859043E-04
   3.07389998       4.26049992E-05   1.12026792E-04
   3.07680011       7.37149967E-05   1.08437867E-04
   3.07969999      -1.35039998E-04   1.11734138E-04
   3.08249998       2.68350006E-04   1.11402966E-04
   3.08540010       4.42769997E-05   1.10709829E-04
   3.08820009      -1.06790001E-04   1.13759641E-04
   3.09109998       3.10319992E-05   1.10232329E-04
   3.09400010      -3.67500002E-06   1.14468188E-04
   3.09680009       3.11579992E-04   1.11472276E-04
   3.09969997       1.77080001E-04   1.13952185E-04
   3.10249996       1.35249997E-04   1.16847965E-04
   3.10540009       2.84270009E-05   1.12396461E-04
   3.10820007       1.62280005E-04   1.16740142E-04
   3.11109996       9.14949997E-05   1.13536291E-04
   3.11400008      -6.16550024E-05   1.17525698E-04
   3.11680007       5.51769990E-05   1.16293450E-04
   3.11969995       5.19700006E-06   1.16154821E-04
   3.12249994       5.75999984E-05   1.19766853E-04
   3.12540007       1.10189998E-04   1.15107410E-04
   3.12829995       2.88320007E-04   1.19420285E-04
   3.13109994       1.19810000E-04   1.19435681E-04
   3.13400006       2.31569997E-04   1.19659031E-04
   3.13680005       5.57060011E-05   1.20991404E-04
   3.13969994       1.52540000E-04   1.17456380E-04
   3.14249992      -6.26449992E-06   1.22046506E-04
   3.14540005       2.60439992E-04   1.17571908E-04
   3.14829993       7.59929972E-05   1.21561308E-04
   3.15109992       8.60520013E-05   1.19597426E-04
   3.15400004       2.80720007E-04   1.19697535E-04
   3.15680003      -1.05799998E-04   1.22955287E-04
   3.15969992       8.16969987E-05   1.17225347E-04
   3.16260004       3.31640011E-04   1.21892488E-04
   3.16540003      -9.44779968E-05   1.19674427E-04
   3.16829991       1.47769999E-04   1.20898978E-04
   3.17109990       7.54310022E-05   1.21877078E-04
   3.17400002      -1.34880001E-05   1.19058313E-04
   3.17680001      -1.54690006E-05   1.23432794E-04
   3.17969990       2.17659996E-04   1.20598619E-04
   3.18260002      -6.00870007E-05   1.23486709E-04
   3.18540001       2.29350000E-04   1.22616431E-04
   3.18829989       1.02790000E-04   1.23802471E-04
   3.19109988       1.70340005E-04   1.27168052E-04
   3.19400001      -1.04539999E-04   1.21830868E-04
   3.19679999       4.25149992E-05   1.27345178E-04
   3.19970012       3.38290003E-04   1.24718950E-04
   3.20260000       9.86140003E-05   1.26852276E-04
   3.20539999       1.22190002E-04   1.29301377E-04
   3.20830011       6.54339965E-05   1.24718950E-04
   3.21110010       3.34820012E-04   1.30633751E-04
   3.21399999      -7.30390020E-05   1.27391395E-04
   3.21690011       1.39030002E-04   1.30464308E-04
   3.21970010      -1.14859999E-04   1.29979104E-04
   3.22259998      -4.32449997E-05   1.30287182E-04
   3.22539997       1.00350000E-04   1.35023627E-04
   3.22830009      -5.85700000E-05   1.28931701E-04
   3.23110008       7.70620027E-05   1.35231574E-04
   3.23399997       1.47330007E-04   1.31935318E-04
   3.23690009       4.65800003E-05   1.35031325E-04
   3.23970008       1.14280003E-04   1.37264782E-04
   3.24259996      -3.06420006E-05   1.33406313E-04
   3.24539995       5.80960004E-05   1.40114353E-04
   3.24830008      -2.10459999E-04   1.34084039E-04
   3.25119996       2.90930002E-05   1.39752374E-04
   3.25399995       4.16310009E-04   1.37757685E-04
   3.25690007      -1.79390001E-04   1.38658768E-04
   3.25970006      -8.78139981E-05   1.45043348E-04
   3.26259995       1.19600001E-04   1.36055634E-04
   3.26539993       7.21499964E-05   1.44381018E-04
   3.26830006       2.65879993E-04   1.39313386E-04
   3.27119994       3.60599988E-05   1.45020240E-04
   3.27399993       1.14609997E-04   1.47500148E-04
   3.27690005      -1.33149995E-04   1.41184864E-04
   3.27970004       6.75420006E-06   1.51142973E-04
   3.28259993       6.82629980E-05   1.41885714E-04
   3.28550005      -2.74880003E-05   1.50927342E-04
   3.28830004      -9.77800028E-06   1.47338418E-04
   3.29119992       9.03600012E-05   1.48901832E-04
   3.29399991      -1.77700000E-04   1.56711205E-04
   3.29690003       2.82969995E-04   1.46006045E-04
   3.29970002      -2.99670006E-04   1.55648391E-04
   3.30259991      -8.28339980E-05   1.49232990E-04
   3.30550003      -1.44750002E-05   1.56195194E-04
   3.30830002      -3.40760016E-05   1.57034665E-04
   3.31119990      -1.77080001E-04   1.53468849E-04
   3.31399989       1.15830000E-04   1.62171607E-04
   3.31690001      -1.28639993E-04   1.53499655E-04
   3.31970000       1.71570005E-04   1.61748030E-04
   3.32259989       3.83139995E-04   1.59452946E-04
   3.32550001       1.64929996E-04   1.62418044E-04
   3.32830000       5.20350004E-04   1.70289044E-04
   3.33119988       2.12500004E-06   1.56333830E-04
   3.33400011       9.64330029E-05   1.71274834E-04
   3.33690000       3.99229990E-04   1.61547767E-04
   3.33979988       5.37220003E-05   1.69788444E-04
   3.34260011      -2.30539998E-04   1.71559805E-04
   3.34549999       1.75349996E-04   1.65729725E-04
   3.34829998       1.17130003E-04   1.79754250E-04
   3.35120010       4.80780000E-04   1.66807935E-04
   3.35400009       1.28419997E-04   1.79122726E-04
   3.35689998       1.01710000E-04   1.73577602E-04
   3.35980010       2.74480000E-04   1.78044502E-04
   3.36260009       1.49319996E-04   1.89404280E-04
   3.36549997       4.38739989E-05   1.70042593E-04
   3.36829996       2.47429998E-04   1.90159044E-04
   3.37120008      -1.20550003E-05   1.77335969E-04
   3.37409997      -1.28920001E-04   1.89019222E-04
   3.37689996      -1.69899995E-05   1.89758575E-04
   3.37980008      -7.81229974E-05   1.84490709E-04
   3.38260007      -1.08089997E-04   2.01634364E-04
   3.38549995      -3.88610002E-04   1.83589626E-04
   3.38829994      -3.23179993E-05   2.00818002E-04
   3.39120007       4.68290003E-04   1.94756882E-04
   3.39409995      -8.80000016E-07   1.96112349E-04
   3.39689994      -8.62879970E-05   2.18493064E-04
   3.39980006      -2.65379989E-04   1.87047612E-04
   3.40260005      -1.34649999E-05   2.20094982E-04
   3.40549994       8.59010033E-05   1.95588640E-04
   3.40840006       6.65400003E-05   2.19971756E-04
   3.41120005      -4.78959992E-05   2.12878629E-04
   3.41409993       1.59179996E-04   2.11931343E-04
   3.41689992       1.06799998E-05   2.31739730E-04
   3.41980004       2.93140009E-04   2.06370809E-04
   3.42260003       4.34810005E-04   2.32902661E-04
   3.42549992      -2.06990007E-05   2.21458162E-04
   3.42840004       2.05329998E-04   2.28204721E-04
   3.43120003      -8.10350029E-05   2.60135363E-04
   3.43409991       1.59470001E-04   2.13918334E-04
   3.43689990      -2.28110002E-04   2.56977713E-04
   3.43980002       1.85539993E-05   2.30338061E-04
   3.44269991       1.56630005E-04   2.51078338E-04
   3.44549990      -1.37170005E-04   2.59796507E-04
   3.44840002      -3.82399994E-05   2.42568116E-04
   3.45120001       1.79209994E-04   3.03402689E-04
   3.45409989      -2.52580008E-04   2.33464874E-04
   3.45689988       2.95030011E-04   3.01184627E-04
   3.45980000       9.21800020E-05   2.59041728E-04
   3.46269989      -2.60249999E-05   2.84695619E-04
   3.46550012      -1.57310002E-04   3.42796149E-04
   3.46840000      -2.43489994E-04   2.47805176E-04
   3.47119999       2.34939998E-05   3.60347971E-04
   3.47410011       1.46990002E-04   2.59180379E-04
   3.47690010       1.71149994E-04   3.76428827E-04
   3.47979999      -1.08729997E-04   3.04527115E-04
   3.48270011       4.83699987E-05   3.37328005E-04
   3.48550010       7.26210012E-04   4.06333944E-04
   3.48839998       2.72350007E-04   2.96740851E-04
   3.49119997      -4.31680004E-04   4.35977214E-04
   3.49410009       2.50279991E-04   3.18982929E-04
   3.49699998      -5.03149990E-04   4.70826752E-04
