 # q,I,sigma
 # errors rescaled with constant factor:    1.53489578    
 # factor also written to scale_factor.d
   5.69790006E-02   3.72600007E-05   2.61423447E-05
   5.99780008E-02   3.32499985E-05   2.15990531E-05
   6.29770011E-02   3.52110001E-05   1.70665062E-05
   6.59760013E-02   3.15549987E-05   1.46057619E-05
   6.89750016E-02   2.72230009E-05   1.17700411E-05
   7.19740018E-02   3.41859995E-05   9.96131985E-06
   7.49730021E-02   3.25500005E-05   8.59664397E-06
   7.79709965E-02   3.72909999E-05   7.07510208E-06
   8.09699968E-02   3.38930004E-05   5.96291648E-06
   8.39689970E-02   3.15910002E-05   4.95449012E-06
   8.69679973E-02   3.21599982E-05   4.28281965E-06
   8.99669975E-02   3.45180015E-05   3.88896524E-06
   9.29659978E-02   3.44910004E-05   3.33563571E-06
   9.59649980E-02   3.75769996E-05   3.04216337E-06
   9.89639983E-02   3.50219998E-05   2.73533760E-06
  0.101960003       3.44069995E-05   2.45138199E-06
  0.104960002       3.41669984E-05   2.35821381E-06
  0.107960001       3.74679985E-05   2.08945357E-06
  0.110959999       3.52600000E-05   1.97157351E-06
  0.113959998       3.39639992E-05   1.77295806E-06
  0.116959997       3.53649993E-05   1.65876190E-06
  0.119960003       3.37160018E-05   1.53237852E-06
  0.122950003       3.52419993E-05   1.38191274E-06
  0.125949994       3.26199988E-05   1.32215916E-06
  0.128950000       3.31730007E-05   1.22372637E-06
  0.131950006       3.51739982E-05   1.13207773E-06
  0.134949997       3.44850014E-05   1.03580908E-06
  0.137950003       3.21580010E-05   9.94136599E-07
  0.140949994       3.42450003E-05   9.58220085E-07
  0.143950000       3.40139995E-05   8.93232652E-07
  0.146950006       3.19700011E-05   8.58666795E-07
  0.149939999       3.42130006E-05   8.33740103E-07
  0.152940005       3.41790001E-05   7.90839692E-07
  0.155939996       3.32599993E-05   7.80678704E-07
  0.158940002       3.28630013E-05   7.69903750E-07
  0.161939994       3.35149998E-05   7.49765888E-07
  0.164940000       3.30440016E-05   7.37241180E-07
  0.167940006       3.29989998E-05   6.99283191E-07
  0.170939997       3.18150014E-05   7.02721309E-07
  0.173940003       3.19870014E-05   6.83335600E-07
  0.176929995       3.17320009E-05   6.61632157E-07
  0.179930001       3.26400004E-05   6.61386593E-07
  0.182929993       3.16520018E-05   6.31640319E-07
  0.185929999       3.19579995E-05   6.35968718E-07
  0.188930005       3.17570011E-05   6.14510839E-07
  0.191929996       3.16609985E-05   6.21678851E-07
  0.194930002       3.03180004E-05   5.95647009E-07
  0.197929993       3.24749999E-05   5.83060853E-07
  0.200929999       3.07219998E-05   5.82539030E-07
  0.203920007       3.01500004E-05   5.76691036E-07
  0.206919998       2.94599995E-05   5.51595519E-07
  0.209920004       2.99109997E-05   5.27819964E-07
  0.212919995       3.04419991E-05   5.14696580E-07
  0.215920001       3.04879995E-05   5.01220256E-07
  0.218920007       2.96310009E-05   4.91719220E-07
  0.221919999       2.93310004E-05   4.87574994E-07
  0.224920005       2.97660008E-05   4.74313509E-07
  0.227919996       2.93930007E-05   4.72272063E-07
  0.230910003       2.92900004E-05   4.68419501E-07
  0.233909994       3.03910001E-05   4.72747928E-07
  0.236910000       3.11770018E-05   4.65932970E-07
  0.239910007       2.74230006E-05   4.64060378E-07
  0.242909998       2.81459997E-05   4.61896178E-07
  0.245910004       2.96359995E-05   4.52564024E-07
  0.248909995       2.77159997E-05   4.49877945E-07
  0.251910001       2.91630004E-05   4.51428207E-07
  0.254909992       2.80330005E-05   4.45534198E-07
  0.257900000       2.83970003E-05   4.45503503E-07
  0.260899991       2.71360004E-05   4.38182070E-07
  0.263900012       2.69680004E-05   4.41681607E-07
  0.266900003       2.70460005E-05   4.36386216E-07
  0.269899994       2.63090005E-05   4.27007990E-07
  0.272899985       2.64430000E-05   4.21129357E-07
  0.275900006       2.69779994E-05   4.20438653E-07
  0.278899997       2.65569997E-05   4.17936775E-07
  0.281890005       2.71520003E-05   4.06547855E-07
  0.284889996       2.62049998E-05   4.03677603E-07
  0.287889987       2.63990005E-05   4.02418976E-07
  0.290890008       2.62939993E-05   3.90753740E-07
  0.293889999       2.58620003E-05   3.91275620E-07
  0.296889991       2.50320008E-05   3.83846753E-07
  0.299890012       2.53720009E-05   3.84030926E-07
  0.302890003       2.48950000E-05   3.74790858E-07
  0.305889994       2.50320008E-05   3.77783920E-07
  0.308880001       2.51059992E-05   3.69234556E-07
  0.311879992       2.51570000E-05   3.65428008E-07
  0.314880013       2.48569995E-05   3.62388903E-07
  0.317880005       2.44490002E-05   3.60424224E-07
  0.320879996       2.40230002E-05   3.51414400E-07
  0.323879987       2.35789994E-05   3.51276242E-07
  0.326880008       2.39580004E-05   3.52504173E-07
  0.329879999       2.38659995E-05   3.53240921E-07
  0.332870007       2.35530006E-05   3.46180400E-07
  0.335869998       2.32149996E-05   3.40255696E-07
  0.338869989       2.31569993E-05   3.44983164E-07
  0.341870010       2.19680005E-05   3.42327809E-07
  0.344870001       2.24409996E-05   3.42174303E-07
  0.347869992       2.27460005E-05   3.36188208E-07
  0.350870013       2.30520000E-05   3.35420793E-07
  0.353870004       2.24830001E-05   3.39350123E-07
  0.356860012       2.28009994E-05   3.30723992E-07
  0.359860003       2.25139993E-05   3.31859809E-07
  0.362859994       2.20160000E-05   3.29050948E-07
  0.365859985       2.22279996E-05   7.03596243E-07
  0.368860006       2.18349996E-05   3.26871401E-07
  0.371859998       2.19520007E-05   3.21760211E-07
  0.374859989       2.15000000E-05   3.21161593E-07
  0.377860010       2.09549999E-05   3.24200670E-07
  0.380849987       2.11299994E-05   3.20133211E-07
  0.383850008       2.09600003E-05   3.19166247E-07
  0.386849999       2.04709995E-05   3.23218359E-07
  0.389849991       2.07630001E-05   3.15850855E-07
  0.392850012       1.94789991E-05   3.17032715E-07
  0.395850003       2.00329996E-05   3.20117863E-07
  0.398849994       1.92930002E-05   3.12489448E-07
  0.401849985       1.95810007E-05   3.14945282E-07
  0.404850006       1.94349996E-05   3.12934560E-07
  0.407840014       2.01149996E-05   3.07685184E-07
  0.410840005       1.83770007E-05   3.07132638E-07
  0.413839996       1.95590001E-05   3.08790334E-07
  0.416839987       1.93110009E-05   3.06349847E-07
  0.419840008       1.98229991E-05   3.04784265E-07
  0.422839999       1.85289991E-05   3.04646107E-07
  0.425839990       1.86069992E-05   3.01714465E-07
  0.428840011       1.87070000E-05   2.99887944E-07
  0.431829989       1.75229998E-05   3.11415022E-07
  0.434830010       1.80269999E-05   3.10386611E-07
  0.437830001       1.79670005E-05   3.20701105E-07
  0.440829992       1.77889997E-05   3.17922968E-07
  0.443830013       1.67849994E-05   3.22343453E-07
  0.446830004       1.76089998E-05   3.25060228E-07
  0.449829996       1.68740007E-05   3.18859264E-07
  0.452820003       1.73019998E-05   3.26150001E-07
  0.455819994       1.61789994E-05   3.21023464E-07
  0.458819985       1.75820005E-05   3.25505368E-07
  0.461820006       1.62630004E-05   3.25843018E-07
  0.464819998       1.64129997E-05   3.25628150E-07
  0.467819989       1.62270007E-05   3.27500715E-07
  0.470820010       1.54259997E-05   3.31215148E-07
  0.473820001       1.54549998E-05   3.25612774E-07
  0.476810008       1.61640000E-05   3.24615115E-07
  0.479809999       1.57769991E-05   3.34361687E-07
  0.482809991       1.57340000E-05   3.31215148E-07
  0.485810012       1.49890002E-05   3.29127715E-07
  0.488810003       1.54259997E-05   3.28268158E-07
  0.491809994       1.54179997E-05   3.28682574E-07
  0.494809985       1.48720001E-05   3.25044880E-07
  0.497810006       1.48540003E-05   3.18322037E-07
  0.500800014       1.43469997E-05   3.13134080E-07
  0.503799975       1.40780003E-05   3.16817818E-07
  0.506799996       1.55369999E-05   3.19089480E-07
  0.509800017       1.39450003E-05   3.23003491E-07
  0.512799978       1.43030002E-05   3.19642055E-07
  0.515799999       1.32880004E-05   3.18843888E-07
  0.518800020       1.38510004E-05   3.26242116E-07
  0.521790028       1.36190001E-05   3.21361142E-07
  0.524789989       1.32920004E-05   3.22865333E-07
  0.527790010       1.32369996E-05   3.19227610E-07
  0.530789971       1.29880000E-05   3.21576010E-07
  0.533789992       1.38449996E-05   3.24783940E-07
  0.536790013       1.34450001E-05   3.20378803E-07
  0.539789975       1.26699997E-05   3.22757899E-07
  0.542789996       1.24819999E-05   3.25014184E-07
  0.545780003       1.32400000E-05   3.20639742E-07
  0.548780024       1.29440004E-05   3.23939730E-07
  0.551779985       1.26810000E-05   3.19964357E-07
  0.554780006       1.19260003E-05   3.19856952E-07
  0.557780027       1.17099999E-05   3.23694167E-07
  0.560779989       1.23740001E-05   3.16695036E-07
  0.563780010       1.18790003E-05   3.18920655E-07
  0.566770017       1.12360003E-05   3.12351290E-07
  0.569769979       1.15579996E-05   3.22005775E-07
  0.572770000       1.20719997E-05   3.20348107E-07
  0.575770020       1.16339997E-05   3.14868515E-07
  0.578769982       1.09109997E-05   3.16326663E-07
  0.581770003       1.22720003E-05   3.11768019E-07
  0.584770024       1.15040002E-05   3.17416436E-07
  0.587759972       1.11930003E-05   3.13548497E-07
  0.590759993       1.08189997E-05   3.14454098E-07
  0.593760014       1.13369997E-05   3.10217786E-07
  0.596759975       1.07309997E-05   3.14945282E-07
  0.599759996       1.07039996E-05   3.14684343E-07
  0.602760017       1.09539997E-05   3.09220098E-07
  0.605759978       1.07189999E-05   3.14254578E-07
  0.608749986       1.01980004E-05   3.14039681E-07
  0.611750007       9.59770023E-06   3.14239202E-07
  0.614750028       1.04820001E-05   3.10048932E-07
  0.617749989       1.02550002E-05   3.09711254E-07
  0.620750010       9.95729988E-06   3.11461065E-07
  0.623749971       1.02670001E-05   3.08114977E-07
  0.626749992       9.57159955E-06   3.09527081E-07
  0.629740000       1.01400001E-05   3.06518672E-07
  0.632740021       9.35959997E-06   3.07132638E-07
  0.635739982       8.90819956E-06   3.14254578E-07
  0.638740003       8.82699987E-06   3.06273108E-07
  0.641740024       8.68319967E-06   3.07623822E-07
  0.644739985       8.95769972E-06   3.08329845E-07
  0.647740006       8.23659957E-06   3.03709811E-07
  0.650730014       8.66390019E-06   3.09158708E-07
  0.653729975       8.75099977E-06   3.04600064E-07
  0.656729996       8.84230030E-06   3.05751229E-07
  0.659730017       8.65780021E-06   3.08283802E-07
  0.662729979       8.31640045E-06   3.07961500E-07
  0.665730000       9.38030007E-06   3.03801926E-07
  0.668720007       7.93670006E-06   3.02604718E-07
  0.671720028       8.90790034E-06   3.07040551E-07
  0.674719989       8.58929980E-06   3.07316839E-07
  0.677720010       8.50630022E-06   3.02067491E-07
  0.680719972       7.90890044E-06   3.00578648E-07
  0.683719993       8.07830020E-06   2.99381441E-07
  0.686720014       7.89679962E-06   3.00102812E-07
  0.689710021       7.61510000E-06   2.94162788E-07
  0.692709982       7.78800040E-06   2.95636283E-07
  0.695710003       7.95689994E-06   2.96664666E-07
  0.698710024       8.16569991E-06   2.98706055E-07
  0.701709986       7.46559999E-06   2.98537230E-07
  0.704710007       7.58639999E-06   2.93901849E-07
  0.707700014       7.67779966E-06   3.00839588E-07
  0.710699975       7.35620006E-06   3.01867942E-07
  0.713699996       7.57799990E-06   3.00010726E-07
  0.716700017       6.23200003E-06   3.00425143E-07
  0.719699979       7.02470015E-06   2.95053013E-07
  0.722700000       7.10650011E-06   2.99151168E-07
  0.725700021       6.49799995E-06   2.96526508E-07
  0.728690028       6.97030009E-06   2.94792073E-07
  0.731689990       6.81849997E-06   2.92106023E-07
  0.734690011       7.12890005E-06   2.97401414E-07
  0.737689972       6.85729992E-06   2.97508848E-07
  0.740689993       6.50250013E-06   2.94285570E-07
  0.743690014       6.65329981E-06   2.95835804E-07
  0.746680021       5.96780001E-06   2.95344648E-07
  0.749679983       6.08870005E-06   2.92888814E-07
  0.752680004       5.93389996E-06   2.97063735E-07
  0.755680025       5.66539984E-06   2.89419944E-07
  0.758679986       5.61280012E-06   2.95897223E-07
  0.761680007       6.32030014E-06   2.90939482E-07
  0.764670014       5.91050002E-06   2.95897223E-07
  0.767669976       6.23179994E-06   2.88790631E-07
  0.770669997       6.32860019E-06   2.90095301E-07
  0.773670018       5.90040008E-06   2.90908787E-07
  0.776669979       5.67750021E-06   2.90264126E-07
  0.779670000       5.31980004E-06   2.94577177E-07
  0.782660007       5.41589998E-06   2.88483648E-07
  0.785660028       5.76059983E-06   2.90432979E-07
  0.788659990       5.42020007E-06   3.01330743E-07
  0.791660011       5.80730011E-06   2.99933987E-07
  0.794659972       5.35949994E-06   3.06902393E-07
  0.797659993       5.03469983E-06   3.14315940E-07
  0.800650001       5.51650010E-06   3.19150871E-07
  0.803650022       5.29199997E-06   3.19058785E-07
  0.806649983       5.30009993E-06   3.13625236E-07
  0.809650004       5.33020011E-06   3.25628150E-07
  0.812650025       5.64430002E-06   3.27255123E-07
  0.815649986       5.67039979E-06   3.36126817E-07
  0.818639994       4.57970009E-06   3.30938889E-07
  0.821640015       4.73779983E-06   3.30263532E-07
  0.824639976       5.25550013E-06   3.28037913E-07
  0.827639997       4.73789987E-06   3.29803044E-07
  0.830640018       4.46459990E-06   3.30324923E-07
  0.833639979       5.35390018E-06   3.28958862E-07
  0.836629987       5.36459993E-06   3.33394723E-07
  0.839630008       5.08889980E-06   3.38076148E-07
  0.842630029       4.97969995E-06   3.11936873E-07
  0.845629990       4.68989992E-06   3.09112664E-07
  0.848630011       4.59610010E-06   3.05751229E-07
  0.851629972       4.66919983E-06   3.01990724E-07
  0.854619980       4.22679977E-06   3.04108880E-07
  0.857620001       4.61829995E-06   2.99949335E-07
  0.860620022       4.63329980E-06   2.96848839E-07
  0.863619983       4.02580008E-06   2.93871153E-07
  0.866620004       4.57639999E-06   2.84692476E-07
  0.869610012       4.09340009E-06   2.88729240E-07
  0.872609973       4.32260003E-06   2.87992492E-07
  0.875609994       4.17259980E-06   2.94162788E-07
  0.878610015       4.09099994E-06   2.90294849E-07
  0.881609976       4.04279990E-06   2.85275746E-07
  0.884609997       4.39089990E-06   2.83541283E-07
  0.887600005       3.92740003E-06   2.89542754E-07
  0.890600026       3.91249978E-06   2.86979457E-07
  0.893599987       4.13430007E-06   2.84938068E-07
  0.896600008       3.89780007E-06   2.84278030E-07
  0.899600029       3.79840003E-06   2.83142214E-07
  0.902589977       3.92430002E-06   2.86933414E-07
  0.905589998       3.53790006E-06   2.83004084E-07
  0.908590019       3.55089992E-06   2.86227362E-07
  0.911589980       3.54329995E-06   2.85337137E-07
  0.914590001       3.91989988E-06   2.81760805E-07
  0.917590022       3.67799998E-06   2.80456163E-07
  0.920580029       3.82530015E-06   2.77340320E-07
  0.923579991       4.10490020E-06   2.80087761E-07
  0.926580012       3.30259991E-06   2.81146868E-07
  0.929579973       3.44000000E-06   2.80133804E-07
  0.932579994       3.59539990E-06   2.80993362E-07
  0.935570002       3.69310010E-06   2.76419371E-07
  0.938570023       3.39489998E-06   2.80778465E-07
  0.941569984       2.92970003E-06   2.81622675E-07
  0.944570005       3.70699991E-06   2.76695658E-07
  0.947570026       3.10800010E-06   2.84308726E-07
  0.950559974       3.41350005E-06   2.76941250E-07
  0.953559995       2.95919995E-06   2.80532902E-07
  0.956560016       3.52939992E-06   2.77079380E-07
  0.959559977       3.46249999E-06   2.76987294E-07
  0.962559998       3.26610007E-06   2.79381737E-07
  0.965560019       3.94580002E-06   2.75912868E-07
  0.968550026       2.76900005E-06   2.80133804E-07
  0.971549988       3.44239993E-06   2.74147737E-07
  0.974550009       2.84110001E-06   2.76496138E-07
  0.977550030       3.02209992E-06   2.79872893E-07
  0.980549991       2.85610008E-06   2.75268206E-07
  0.983539999       2.91569995E-06   2.76250546E-07
  0.986540020       3.20830009E-06   2.72351912E-07
  0.989539981       3.14740009E-06   2.75820753E-07
  0.992540002       2.56149997E-06   2.74930528E-07
  0.995540023       2.98250006E-06   2.72658895E-07
  0.998529971       3.20010008E-06   2.72689590E-07
   1.00150001       2.75310003E-06   2.71338877E-07
   1.00450003       2.54010001E-06   2.74193781E-07
   1.00750005       2.77119989E-06   2.74746327E-07
   1.01049995       3.07040000E-06   2.68775608E-07
   1.01349998       2.19889989E-06   2.73073312E-07
   1.01650000       2.83879990E-06   2.70448652E-07
   1.01950002       2.72460011E-06   2.71876104E-07
   1.02250004       2.66880011E-06   2.68545364E-07
   1.02550006       2.53589997E-06   2.68929085E-07
   1.02849996       2.37380004E-06   2.67900731E-07
   1.03149998       2.99130011E-06   2.70525391E-07
   1.03450000       2.54309998E-06   2.71031894E-07
   1.03750002       2.85140004E-06   2.65920704E-07
   1.04050004       2.35199991E-06   2.71799337E-07
   1.04349995       2.63640004E-06   2.69435589E-07
   1.04649997       1.90499998E-06   2.66289049E-07
   1.04949999       2.27310011E-06   2.62682079E-07
   1.05250001       2.81520011E-06   2.59335991E-07
   1.05550003       2.78580001E-06   2.64017416E-07
   1.05850005       2.71310000E-06   2.62912295E-07
   1.06149995       2.62920003E-06   2.64508600E-07
   1.06449997       2.24830001E-06   2.63127191E-07
   1.06750000       2.75820003E-06   2.62758789E-07
   1.07050002       1.73529997E-06   2.66918391E-07
   1.07350004       1.96569999E-06   2.61116469E-07
   1.07650006       2.32420007E-06   2.64462557E-07
   1.07949996       2.10829990E-06   2.65751851E-07
   1.08249998       2.08289998E-06   2.65429520E-07
   1.08550000       2.66650000E-06   2.66718843E-07
   1.08850002       2.03230002E-06   2.60778791E-07
   1.09150004       2.66350003E-06   2.63817896E-07
   1.09449995       2.39809992E-06   2.61438799E-07
   1.09749997       2.19939989E-06   2.64523919E-07
   1.10049999       1.86880004E-06   2.60870905E-07
   1.10350001       1.91580011E-06   2.57478774E-07
   1.10650003       1.92509992E-06   2.61254598E-07
   1.10950005       2.21110008E-06   2.59919261E-07
   1.11249995       2.03359991E-06   2.57954582E-07
   1.11549997       2.14259990E-06   2.61254598E-07
   1.11839998       1.96049996E-06   2.60287635E-07
   1.12140000       1.95100006E-06   2.64723468E-07
   1.12440002       2.33530000E-06   2.59949957E-07
   1.12740004       1.97260010E-06   2.62467182E-07
   1.13039994       1.87679996E-06   2.59243905E-07
   1.13339996       1.75519995E-06   2.55544791E-07
   1.13639998       1.90890000E-06   2.55115026E-07
   1.13940001       1.98260000E-06   2.56542478E-07
   1.14240003       1.62829997E-06   2.58015973E-07
   1.14540005       1.39570000E-06   2.55959236E-07
   1.14839995       1.77350000E-06   2.53273129E-07
   1.15139997       1.84830003E-06   2.57049010E-07
   1.15439999       1.45479999E-06   2.55452704E-07
   1.15740001       2.16379999E-06   2.54731304E-07
   1.16040003       1.58060004E-06   2.57831800E-07
   1.16340005       2.30849992E-06   2.53564792E-07
   1.16639996       2.01329999E-06   2.56573173E-07
   1.16939998       1.97679992E-06   2.57095053E-07
   1.17240000       2.25980011E-06   2.54194106E-07
   1.17540002       1.42360000E-06   2.56266219E-07
   1.17840004       1.99059991E-06   2.54930853E-07
   1.18139994       1.55860005E-06   2.55329923E-07
   1.18439996       1.42179999E-06   2.56972243E-07
   1.18739998       1.99729993E-06   2.52475019E-07
   1.19040000       1.85720000E-06   2.54869434E-07
   1.19340003       1.40949999E-06   2.58599243E-07
   1.19640005       1.76369997E-06   2.54362931E-07
   1.19939995       1.34729999E-06   2.53042913E-07
   1.20239997       1.43420004E-06   2.50234052E-07
   1.20539999       1.37469999E-06   2.55744339E-07
   1.20840001       1.38120004E-06   2.55391313E-07
   1.21140003       1.56149997E-06   2.54715957E-07
   1.21440005       1.57679995E-06   2.53871747E-07
   1.21739995       1.47480000E-06   2.50955480E-07
   1.22039998       1.61519995E-06   2.53257809E-07
   1.22340000       2.17389993E-06   2.53303853E-07
   1.22640002       1.77159995E-06   2.47102861E-07
   1.22940004       1.38179996E-06   2.59167138E-07
   1.23239994       1.30970000E-06   2.60962992E-07
   1.23539996       1.55160001E-06   2.67854659E-07
   1.23839998       1.37120003E-06   2.66703495E-07
   1.24140000       1.49829998E-06   2.68944433E-07
   1.24430001       1.56759995E-06   2.73564467E-07
   1.24730003       1.60959996E-06   2.69435589E-07
   1.25030005       1.44629996E-06   2.73426338E-07
   1.25329995       1.78829998E-06   2.60962992E-07
   1.25629997       1.27220005E-06   2.60640633E-07
   1.25929999       1.33940000E-06   2.63556956E-07
   1.26230001       1.19000003E-06   2.55130374E-07
   1.26530004       1.45369995E-06   2.61223931E-07
   1.26830006       1.87280000E-06   2.58737373E-07
   1.27129996       1.43039995E-06   2.57355964E-07
   1.27429998       1.53379995E-06   2.58215522E-07
   1.27730000       1.27709995E-06   2.52075949E-07
   1.28030002       1.46039997E-06   2.56711303E-07
   1.28330004       1.13030001E-06   2.57586208E-07
   1.28629994       1.79940002E-06   2.52475019E-07
   1.28929996       1.52459995E-06   2.53534068E-07
   1.29229999       1.10459996E-06   2.53211766E-07
   1.29530001       1.62799995E-06   2.55867121E-07
   1.29830003       1.10650001E-06   2.54194106E-07
   1.30130005       1.44039996E-06   2.49896374E-07
   1.30429995       1.63269999E-06   2.49927098E-07
   1.30729997       1.13119995E-06   2.53656879E-07
   1.31029999       1.10179997E-06   2.52198731E-07
   1.31330001       1.09940004E-06   2.47133585E-07
   1.31630003       1.23150005E-06   2.46274027E-07
   1.31930006       8.50099980E-07   2.48514965E-07
   1.32229996       1.37330005E-06   2.47363801E-07
   1.32529998       1.44089995E-06   2.45122834E-07
   1.32830000       9.65449999E-07   2.46059130E-07
   1.33130002       1.32219998E-06   2.46550314E-07
   1.33430004       1.73629996E-06   2.47885652E-07
   1.33729994       1.19909998E-06   2.48898715E-07
   1.34029996       9.01679982E-07   2.45890305E-07
   1.34329998       1.02240006E-06   2.45153558E-07
   1.34630001       1.39509996E-06   2.46627053E-07
   1.34930003       1.13069996E-06   2.45660090E-07
   1.35230005       1.08879999E-06   2.45798219E-07
   1.35529995       1.33629999E-06   2.42498174E-07
   1.35819995       1.62280003E-06   2.45890305E-07
   1.36119998       1.16659999E-06   2.43342384E-07
   1.36420000       1.15420005E-06   2.42498174E-07
   1.36720002       1.26899999E-06   2.42390740E-07
   1.37020004       1.01440003E-06   2.43050749E-07
   1.37320006       1.13919998E-06   2.43219574E-07
   1.37619996       1.39240001E-06   2.42697723E-07
   1.37919998       1.37330005E-06   2.43741454E-07
   1.38220000       1.27160001E-06   2.42728419E-07
   1.38520002       1.29889997E-06   2.41653993E-07
   1.38820004       1.49259995E-06   2.42160525E-07
   1.39119995       1.25839995E-06   2.38584221E-07
   1.39419997       9.26710015E-07   2.39766081E-07
   1.39719999       1.62480001E-06   2.40410714E-07
   1.40020001       1.51600000E-06   2.39720009E-07
   1.40320003       1.02349998E-06   2.38507454E-07
   1.40620005       1.10580004E-06   2.41899585E-07
   1.40919995       1.24489998E-06   2.41040055E-07
   1.41219997       8.90179990E-07   2.39443750E-07
   1.41520000       1.11860004E-06   2.38967942E-07
   1.41820002       1.36189999E-06   2.39336288E-07
   1.42120004       1.31399997E-06   2.36297197E-07
   1.42420006       9.95809955E-07   2.47348453E-07
   1.42719996       1.11340000E-06   2.48806600E-07
   1.43019998       9.59060003E-07   2.50387529E-07
   1.43320000       9.66399966E-07   2.49942417E-07
   1.43620002       8.95289986E-07   2.51400593E-07
   1.43920004       1.21829999E-06   2.55514095E-07
   1.44219995       8.89740022E-07   2.57279225E-07
   1.44519997       8.49790013E-07   2.60226244E-07
   1.44819999       1.29939997E-06   2.60855529E-07
   1.45120001       1.21690005E-06   2.60471808E-07
   1.45420003       1.17599996E-06   2.61546234E-07
   1.45720005       1.27220005E-06   2.58077392E-07
   1.46010005       7.16940008E-07   2.60702052E-07
   1.46309996       1.70049998E-06   2.59689017E-07
   1.46609998       8.25669986E-07   2.62098808E-07
   1.46910000       1.08400002E-06   2.60748095E-07
   1.47210002       1.03189996E-06   2.59397382E-07
   1.47510004       9.73629994E-07   2.65920704E-07
   1.47809994       1.20630000E-06   2.48300097E-07
   1.48109996       4.37640011E-07   2.49190350E-07
   1.48409998       4.29339991E-07   2.43864235E-07
   1.48710001       6.31740022E-07   2.46166593E-07
   1.49010003       8.88659997E-07   2.42958663E-07
   1.49310005       7.23450000E-07   2.39505141E-07
   1.49609995       9.22669983E-07   2.40687001E-07
   1.49909997       8.41580004E-07   2.42743766E-07
   1.50209999       1.02679996E-06   2.41761427E-07
   1.50510001       8.72779992E-07   2.42651680E-07
   1.50810003       1.01379999E-06   2.39827472E-07
   1.51110005       1.11359998E-06   2.42958663E-07
   1.51409996       9.51410016E-07   2.39075376E-07
   1.51709998       8.38959977E-07   2.40103759E-07
   1.52010000       8.40570010E-07   2.38000922E-07
   1.52310002       6.64179993E-07   2.37970241E-07
   1.52610004       1.15060004E-06   2.42360045E-07
   1.52909994       4.72469992E-07   2.37356289E-07
   1.53209996       5.23279994E-07   2.37555824E-07
   1.53509998       6.31529986E-07   2.36466050E-07
   1.53810000       1.08380004E-06   2.35529768E-07
   1.54110003       6.60140017E-07   2.39535836E-07
   1.54410005       6.21779975E-07   2.33964172E-07
   1.54709995       1.15210003E-06   2.36665585E-07
   1.55009997       6.65589994E-07   2.35483711E-07
   1.55309999       1.38240000E-06   2.35069280E-07
   1.55599999       9.51999994E-07   2.35637202E-07
   1.55900002       1.07539995E-06   2.34685558E-07
   1.56200004       5.61740023E-07   2.37233493E-07
   1.56500006       1.03900004E-06   2.33503698E-07
   1.56799996       9.83809969E-07   2.32429272E-07
   1.57099998       9.37889979E-07   2.33503698E-07
   1.57400000       6.31639978E-07   2.33196715E-07
   1.57700002       7.12610017E-07   2.35376262E-07
   1.58000004       6.89089973E-07   2.31508338E-07
   1.58299994       7.96209974E-07   2.32751589E-07
   1.58599997       9.01090004E-07   2.31600424E-07
   1.58899999       6.60110004E-07   2.32183680E-07
   1.59200001       8.69610005E-07   2.33135324E-07
   1.59500003       6.58169995E-07   2.29651121E-07
   1.59800005       9.43330008E-07   2.31446933E-07
   1.60099995       7.14240002E-07   2.30848329E-07
   1.60399997       9.14700024E-07   2.30219015E-07
   1.60699999       6.53909979E-07   2.30403202E-07
   1.61000001       3.93509993E-07   2.30510651E-07
   1.61300004       8.39119991E-07   2.29635759E-07
   1.61600006       5.41049985E-07   2.27824586E-07
   1.61899996       9.43689997E-07   2.26151542E-07
   1.62199998       9.47930005E-07   2.26458539E-07
   1.62500000       3.90730008E-07   2.29574354E-07
   1.62800002       7.11129985E-07   2.29543673E-07
   1.63100004       8.55960025E-07   2.29620412E-07
   1.63399994       6.16870011E-07   2.28561333E-07
   1.63699996       9.15340024E-07   2.27717138E-07
   1.63999999       1.01199998E-06   2.28668782E-07
   1.64289999       6.45379998E-07   2.28377132E-07
   1.64590001       7.31660009E-07   2.25353403E-07
   1.64890003       5.38970028E-07   2.26658045E-07
   1.65190005       9.00970008E-07   2.24892915E-07
   1.65489995       1.13290000E-07   2.29528311E-07
   1.65789998       5.04939976E-07   2.23511535E-07
   1.66090000       7.51530024E-07   2.27763181E-07
   1.66390002       1.09339999E-06   2.27195287E-07
   1.66690004       8.16219995E-07   2.26243642E-07
   1.66989994       8.90159981E-07   2.25921298E-07
   1.67289996       7.96339975E-07   2.23664998E-07
   1.67589998       7.34610012E-07   2.27425517E-07
   1.67890000       1.02460001E-06   2.27517603E-07
   1.68190002       4.27539987E-07   2.22882207E-07
   1.68490005       8.74409977E-07   2.25199912E-07
   1.68789995       8.01499993E-07   2.24678047E-07
   1.69089997       5.39690006E-07   2.26596669E-07
   1.69389999       5.94059998E-07   2.24033386E-07
   1.69690001       1.23580003E-06   2.22836164E-07
   1.69990003       6.22120012E-07   2.25921298E-07
   1.70290005       6.16439991E-07   2.25645024E-07
   1.70589995       8.00339990E-07   2.25215260E-07
   1.70889997       4.02770013E-07   2.23726403E-07
   1.71190000       4.74589996E-07   2.23864546E-07
   1.71490002       4.10880006E-07   2.23910590E-07
   1.71790004       7.91359980E-07   2.22222212E-07
   1.72090006       5.25250016E-07   2.23741765E-07
   1.72379994       6.46379988E-07   2.24202211E-07
   1.72679996       9.13260010E-07   2.22344994E-07
   1.72979999       5.70060024E-07   2.23097103E-07
   1.73280001       8.70349993E-07   2.21209177E-07
   1.73580003       9.21879973E-07   2.21654290E-07
   1.73880005       4.66670002E-07   2.21316611E-07
   1.74179995       5.48050025E-07   2.22851526E-07
   1.74479997       8.49209982E-07   2.22022678E-07
   1.74779999       1.22999995E-06   2.19566843E-07
   1.75080001       5.12220026E-07   2.19551495E-07
   1.75380003       3.22099993E-07   2.19996608E-07
   1.75680006       3.90540009E-07   2.21393378E-07
   1.75979996       8.69809980E-07   2.20441734E-07
   1.76279998       3.49150014E-07   2.20196142E-07
   1.76580000       5.00629994E-07   2.18784052E-07
   1.76880002       3.48490005E-07   2.16343551E-07
   1.77180004       7.65239974E-07   2.14992852E-07
   1.77479994       9.25079974E-07   2.15975192E-07
   1.77779996       6.32740011E-07   2.17970538E-07
   1.78079998       6.48250023E-07   2.17525425E-07
   1.78380001       5.64099992E-07   2.19014282E-07
   1.78680003       4.38020010E-07   2.18661242E-07
   1.78980005       4.42219999E-07   2.17325876E-07
   1.79279995       4.08380004E-07   2.19198455E-07
   1.79579997       1.79780002E-07   2.16788663E-07
   1.79879999       6.39000007E-07   2.14071918E-07
   1.80170000       6.21549987E-07   2.15376573E-07
   1.80470002       5.22200025E-07   2.16711939E-07
   1.80770004       8.77180014E-07   2.15898453E-07
   1.81070006       3.46060006E-07   2.15269125E-07
   1.81369996       8.26279972E-07   2.15545413E-07
   1.81669998       9.47859974E-07   2.16481709E-07
   1.81970000       6.31440003E-07   2.15453326E-07
   1.82270002       1.83230000E-07   2.15391921E-07
   1.82570004       3.77610007E-07   2.13795630E-07
   1.82869995       5.17519993E-07   2.15315168E-07
   1.83169997       5.59950024E-07   2.14701217E-07
   1.83469999       5.76099978E-07   2.13949122E-07
   1.83770001       1.96319991E-08   2.15698918E-07
   1.84070003       7.15859983E-07   2.15177039E-07
   1.84370005       1.80840004E-07   2.14854708E-07
   1.84669995       9.13290023E-07   2.12383526E-07
   1.84969997       5.75530009E-07   2.14685869E-07
   1.85270000       9.54820052E-07   2.13058868E-07
   1.85570002       4.30410012E-07   2.13120273E-07
   1.85870004       8.05329989E-07   2.14102613E-07
   1.86170006       1.51419997E-07   2.14179366E-07
   1.86469996       6.71429973E-07   2.13519357E-07
   1.86769998       5.29919987E-07   2.14332843E-07
   1.87070000       4.21929997E-07   2.13519357E-07
   1.87360001       6.99739985E-07   2.13473299E-07
   1.87660003       4.14850007E-07   2.11969123E-07
   1.87960005       2.79859989E-07   2.11140247E-07
   1.88259995       2.97100001E-07   2.14471001E-07
   1.88559997       6.98930023E-07   2.11477953E-07
   1.88859999       4.43440001E-07   2.13903078E-07
   1.89160001       6.29400006E-07   2.12091891E-07
   1.89460003       4.84150007E-07   2.13411909E-07
   1.89760005       4.55750012E-07   2.11431910E-07
   1.90059996       6.10730012E-07   2.10833292E-07
   1.90359998       6.41850022E-07   2.11324462E-07
   1.90660000       4.48529988E-07   2.11938399E-07
   1.90960002       8.89370028E-07   2.10296079E-07
   1.91260004       6.83719975E-07   2.11324462E-07
   1.91559994       2.07460005E-07   2.11631416E-07
   1.91859996       4.28670006E-07   2.10065835E-07
   1.92159998       4.22270006E-07   2.09896996E-07
   1.92460001       5.67070003E-07   2.08438834E-07
   1.92760003       4.99339990E-07   2.10664439E-07
   1.93060005       4.54739990E-07   2.12091891E-07
   1.93359995       2.98380002E-07   2.10035140E-07
   1.93659997       2.18899999E-07   2.10234674E-07
   1.93949997       4.08289992E-07   2.09497927E-07
   1.94250000       3.66699993E-07   2.10587700E-07
   1.94550002       5.05079981E-07   2.09006757E-07
   1.94850004       3.55420013E-07   2.08530949E-07
   1.95150006       5.02549995E-07   2.10250036E-07
   1.95449996       3.71759995E-07   2.08515587E-07
   1.95749998       4.54029987E-07   2.11447244E-07
   1.96050000       9.67989990E-08   2.09390478E-07
   1.96350002       4.79349978E-07   2.08377458E-07
   1.96650004       6.09340020E-07   2.11339795E-07
   1.96949995       6.29140004E-07   2.09114205E-07
   1.97249997       1.69390006E-07   2.08807222E-07
   1.97549999       6.12049973E-07   2.09820243E-07
   1.97850001       4.61740001E-07   2.05890913E-07
   1.98150003       2.41209989E-07   2.07379770E-07
   1.98450005       3.94519986E-07   2.06520241E-07
   1.98749995       3.19760005E-07   2.05860218E-07
   1.99049997       4.85739974E-07   2.07594667E-07
   1.99349999       8.02369982E-07   2.05768131E-07
   1.99650002       3.22029990E-07   2.07226279E-07
   1.99950004       4.03130002E-07   2.05092789E-07
   2.00250006       4.31300009E-07   2.07118831E-07
   2.00539994       3.71260001E-07   2.05384410E-07
   2.00839996       5.58229999E-07   2.08576992E-07
   2.01139998       5.17259991E-07   2.06136491E-07
   2.01440001       1.89480005E-07   2.04739749E-07
   2.01740003       2.24039994E-07   2.06980687E-07
   2.02040005       2.44120002E-07   2.05323005E-07
   2.02340007       4.63119989E-07   2.04033697E-07
   2.02640009       6.22179982E-07   2.04494171E-07
   2.02940011       1.59500004E-07   2.06397431E-07
   2.03239989       5.28460021E-07   2.04755082E-07
   2.03539991       2.51249986E-07   2.08223966E-07
   2.03839993       5.06660001E-07   2.04969979E-07
   2.04139996       5.72360022E-07   2.05169513E-07
   2.04439998       2.60469989E-07   2.05062065E-07
   2.04740000       4.35470014E-07   2.05906261E-07
   2.05040002       3.61470001E-07   2.05384410E-07
   2.05340004      -6.94460027E-08   2.04064406E-07
   2.05640006       5.03010028E-07   2.05184875E-07
   2.05940008       4.29180005E-07   2.10203993E-07
   2.06240010       2.69959997E-07   2.14931447E-07
   2.06529999       7.93779975E-08   2.15683556E-07
   2.06830001       3.05449987E-07   2.15514703E-07
   2.07130003       2.12589995E-07   2.19091035E-07
   2.07430005       6.04090019E-07   2.20027303E-07
   2.07730007       4.09309990E-07   2.17985900E-07
   2.08030009       5.39470022E-07   2.18231477E-07
   2.08330011       3.84029988E-07   2.21500798E-07
   2.08629990       3.81400014E-07   2.19843116E-07
   2.08929992       1.72900002E-07   2.22114764E-07
   2.09229994       4.10599995E-07   2.21945925E-07
   2.09529996       3.43659991E-07   2.25936660E-07
   2.09829998       3.38209986E-07   2.25338042E-07
   2.10130000       6.18849967E-08   2.23557578E-07
   2.10430002       3.73929993E-07   2.22928250E-07
   2.10730004       2.65519986E-07   2.24171529E-07
   2.11030006       5.49729975E-07   2.27594342E-07
   2.11330009       2.89519988E-07   2.16573795E-07
   2.11630011       2.34460003E-07   2.12107253E-07
   2.11929989       5.01730000E-08   2.12076543E-07
   2.12229991       2.40490010E-07   2.10833292E-07
   2.12520003       5.75660010E-07   2.10649091E-07
   2.12820005       3.43580012E-07   2.07794201E-07
   2.13120008       4.60990009E-07   2.07763492E-07
   2.13420010       2.68430000E-07   2.08883961E-07
   2.13720012       3.11560001E-07   2.08285371E-07
   2.14019990       2.65219995E-07   2.08592326E-07
   2.14319992       1.11400000E-08   2.07118831E-07
   2.14619994       6.38329993E-07   2.07671391E-07
   2.14919996       4.46700000E-07   2.07164874E-07
   2.15219998       5.68199994E-08   2.05491830E-07
   2.15520000       5.32329977E-07   2.08055113E-07
   2.15820003       2.37839998E-07   2.05875580E-07
   2.16120005       5.59270006E-07   2.04893240E-07
   2.16420007       4.99400016E-07   2.01577862E-07
   2.16720009       2.91699990E-07   2.00749014E-07
   2.17020011       2.28960005E-07   2.05399743E-07
   2.17319989       3.38349992E-07   2.02406696E-07
   2.17619991       2.03290000E-07   2.03174167E-07
   2.17919993       3.16630008E-07   2.00165758E-07
   2.18210006       1.17570004E-07   2.70678868E-07
   2.18510008       1.42250002E-07   2.04033697E-07
   2.18810010       7.13909998E-08   2.03588570E-07
   2.19109988       2.60809998E-07   2.02191828E-07
   2.19409990       5.05900005E-07   2.00733666E-07
   2.19709992       3.82239989E-07   2.00365292E-07
   2.20009995       3.76629998E-07   2.02897866E-07
   2.20309997       4.90920002E-07   2.02590897E-07
   2.20609999       4.92049992E-07   2.02606245E-07
   2.20910001       5.54509995E-07   2.01562500E-07
   2.21210003       4.66969993E-07   2.02345319E-07
   2.21510005       1.80190000E-07   2.00319249E-07
   2.21810007       5.63880008E-07   2.00917867E-07
   2.22110009      -1.00250004E-08   2.02836489E-07
   2.22410011       2.31119998E-07   2.01823440E-07
   2.22709990       1.51159995E-07   2.01025287E-07
   2.23009992       1.86650002E-08   2.02544840E-07
   2.23309994       8.27060020E-08   2.01700658E-07
   2.23600006       2.96920007E-07   2.01854149E-07
   2.23900008       3.25170006E-08   2.01915526E-07
   2.24200010       2.54700012E-07   2.00334583E-07
   2.24499989       1.81410002E-07   2.00196453E-07
   2.24799991       9.22590004E-08   2.00549479E-07
   2.25099993       5.57130022E-07   2.00227163E-07
   2.25399995       2.39479988E-07   1.99321562E-07
   2.25699997       1.10770003E-07   2.02959271E-07
   2.25999999       1.49369995E-07   1.99413648E-07
   2.26300001       2.07140005E-07   2.00979244E-07
   2.26600003       1.37740003E-07   1.98400627E-07
   2.26900005       2.04070005E-07   1.97571794E-07
   2.27200007       5.44629984E-07   1.99904818E-07
   2.27500010       2.21430000E-07   2.00426697E-07
   2.27800012       3.18360009E-07   2.00089005E-07
   2.28099990      -7.61300001E-08   1.97924820E-07
   2.28399992       1.64780005E-07   1.97679242E-07
   2.28690004       1.71040000E-07   1.99490415E-07
   2.28990006       8.12700023E-08   1.97679242E-07
   2.29290009       1.42380003E-07   1.98293179E-07
   2.29590011       3.92999993E-07   1.97310854E-07
   2.29889989       2.70139992E-07   1.99674588E-07
   2.30189991       2.77809988E-07   1.97387607E-07
   2.30489993       6.30499983E-07   1.96712236E-07
   2.30789995       1.67189995E-07   1.99244823E-07
   2.31089997       5.35689992E-07   1.95422942E-07
   2.31389999       3.79889997E-07   1.99413648E-07
   2.31690001      -2.11859998E-07   1.98032239E-07
   2.31990004       3.71290014E-07   1.97802024E-07
   2.32290006       3.78900012E-07   1.97786662E-07
   2.32590008       9.50030028E-08   1.96819684E-07
   2.32890010       9.65110019E-08   1.95821997E-07
   2.33189988       1.94579997E-07   1.96973176E-07
   2.33489990       3.55610013E-07   1.97633184E-07
   2.33780003       4.71879993E-08   1.95069916E-07
   2.34080005       4.77780020E-07   1.95806663E-07
   2.34380007       1.29089997E-07   1.94210358E-07
   2.34680009       2.19949996E-07   1.93212685E-07
   2.34980011       3.30739994E-07   1.92475937E-07
   2.35279989       4.31779995E-07   1.94563384E-07
   2.35579991       1.38459995E-07   1.93212685E-07
   2.35879993       2.76320009E-07   1.94486660E-07
   2.36179996       9.25019989E-08   1.93535016E-07
   2.36479998       2.41060008E-07   1.96159689E-07
   2.36780000       4.34899988E-07   1.91570336E-07
   2.37080002       2.36579993E-07   1.93749898E-07
   2.37380004       2.85509998E-07   1.94179663E-07
   2.37680006       1.52219997E-07   1.94348502E-07
   2.37980008       4.44499989E-07   1.94287111E-07
   2.38280010       3.92419992E-07   1.92844311E-07
   2.38569999       3.93910000E-07   1.93535016E-07
   2.38870001       1.84539999E-07   1.93642450E-07
   2.39170003      -2.65349996E-07   1.93749898E-07
   2.39470005       1.95720006E-07   1.94026171E-07
   2.39770007      -3.04379988E-08   1.92736863E-07
   2.40070009       5.24009991E-08   1.92706167E-07
   2.40370011       1.42499999E-07   1.89375442E-07
   2.40669990       1.68029999E-07   1.88439159E-07
   2.40969992       2.84650014E-07   1.91294063E-07
   2.41269994       3.95689995E-07   1.89927988E-07
   2.41569996       5.15849990E-07   1.92199650E-07
   2.41869998       9.93870017E-08   1.90004755E-07
   2.42170000       4.60559988E-07   1.91662437E-07
   2.42470002       3.05129987E-07   1.90848951E-07
   2.42770004       3.70500004E-07   1.90956371E-07
   2.43070006       1.91759995E-07   1.91570336E-07
   2.43359995       5.04910020E-07   1.89206602E-07
   2.43659997       4.46759998E-07   1.90357781E-07
   2.43959999       5.00749991E-07   1.89513585E-07
   2.44260001       1.48639998E-07   1.91570336E-07
   2.44560003       2.94810008E-07   1.90741503E-07
   2.44860005      -2.48390002E-08   1.89927988E-07
   2.45160007       1.64469995E-07   1.91969420E-07
   2.45460010       2.50710002E-07   1.90342419E-07
   2.45760012       1.69639996E-10   1.93228018E-07
   2.46059990       1.44469993E-07   1.90925689E-07
   2.46359992       2.81250010E-07   1.89927988E-07
   2.46659994       1.39790004E-07   1.90941037E-07
   2.46959996       1.87509997E-07   1.90112203E-07
   2.47259998       3.14029990E-07   1.91140572E-07
   2.47560000       4.62049996E-07   1.89482876E-07
   2.47849989       2.92340001E-08   1.91079181E-07
   2.48149991       2.58799986E-07   1.91355454E-07
   2.48449993       2.12380002E-07   1.89114516E-07
   2.48749995       2.64340002E-07   1.89651715E-07
   2.49049997      -8.29359958E-09   1.88899620E-07
   2.49349999       5.86700004E-08   1.89636367E-07
   2.49650002       6.78490011E-08   1.88991706E-07
   2.49950004       1.45749993E-07   1.89759163E-07
   2.50250006       4.47989983E-08   1.90342419E-07
   2.50550008       3.51009987E-07   1.88654028E-07
   2.50850010       5.80989990E-07   1.88132177E-07
   2.51149988       2.67160004E-07   1.89129864E-07
   2.51449990       1.02670001E-07   1.88546608E-07
   2.51749992       5.79260018E-07   1.89099154E-07
   2.52049994       1.79340006E-07   1.87625659E-07
   2.52340007       3.20369992E-07   1.87272619E-07
   2.52640009       5.37229994E-07   1.87779150E-07
   2.52940011       2.18630007E-07   1.86029368E-07
   2.53239989       8.39999998E-08   1.85323316E-07
   2.53539991      -2.19330005E-07   1.87211242E-07
   2.53839993       2.12649994E-07   1.86121468E-07
   2.54139996       3.11229996E-07   1.85476807E-07
   2.54439998       1.17570004E-07   1.86842854E-07
   2.54740000       2.85280009E-07   1.85937282E-07
   2.55040002       3.03900009E-07   1.87625659E-07
   2.55340004       1.09029997E-07   1.87042403E-07
   2.55640006       1.10460000E-07   1.87027041E-07
   2.55940008       9.79909984E-08   1.85967977E-07
   2.56240010       4.44699992E-07   1.84862856E-07
   2.56529999       1.99230001E-07   1.87334024E-07
   2.56830001       1.13410003E-07   1.87287981E-07
   2.57130003       1.56399995E-08   1.85630299E-07
   2.57430005       2.17210001E-07   1.87165199E-07
   2.57730007       1.70749999E-07   1.85967977E-07
   2.58030009       4.47730002E-07   1.86382408E-07
   2.58330011       1.60819997E-08   1.86505190E-07
   2.58629990       1.88559994E-07   1.85492155E-07
   2.58929992       2.73859996E-07   1.86597276E-07
   2.59229994       1.46420007E-07   1.86674029E-07
   2.59529996       2.05530000E-07   1.87441472E-07
   2.59829998       2.60270014E-07   1.84862856E-07
   2.60130000       5.63179981E-07   1.85139129E-07
   2.60430002       3.26569989E-07   1.86443785E-07
   2.60719991       4.56450010E-07   1.84387019E-07
   2.61019993       1.14469998E-08   1.85860529E-07
   2.61319995      -2.29889991E-08   1.86367046E-07
   2.61619997       2.22989996E-07   1.85845195E-07
   2.61919999       1.02279998E-07   1.86965664E-07
   2.62220001       7.71970008E-08   1.84356338E-07
   2.62520003       2.26509997E-07   1.84847508E-07
   2.62820005       1.76019995E-07   1.83742372E-07
   2.63120008       2.24039994E-07   1.84893551E-07
   2.63420010      -3.65700004E-08   1.83481447E-07
   2.63720012       2.76240002E-07   1.84878189E-07
   2.64019990       4.59159992E-07   1.85123781E-07
   2.64319992       6.23110026E-08   1.84954942E-07
   2.64619994       2.76200012E-07   1.84801451E-07
   2.64910007      -1.44200003E-08   1.83604229E-07
   2.65210009       2.90869991E-07   1.85568894E-07
   2.65510011       8.64669971E-08   1.83773082E-07
   2.65809989       2.05879999E-07   1.82990277E-07
   2.66109991       3.47559990E-07   1.84080037E-07
   2.66409993       1.62579994E-07   1.84433077E-07
   2.66709995       5.02999988E-08   1.83742372E-07
   2.67009997       3.02399997E-07   1.83220507E-07
   2.67309999       2.78659996E-07   1.83650272E-07
   2.67610002       2.07550002E-07   1.84172151E-07
   2.67910004       2.96290011E-07   1.83143769E-07
   2.68210006       2.30550000E-07   1.84294933E-07
   2.68510008       2.31629997E-07   1.82192124E-07
   2.68799996      -4.12180015E-08   1.82944220E-07
   2.69099998       4.16129993E-08   1.84095398E-07
   2.69400001       5.61629996E-08   1.81885142E-07
   2.69700003       2.31949997E-07   1.86121468E-07
   2.70000005       4.61279986E-10   1.89375442E-07
   2.70300007       7.31130001E-08   1.92736863E-07
   2.70600009       2.58689994E-07   1.93519654E-07
   2.70900011       8.68010019E-08   1.89851264E-07
   2.71199989       1.52150008E-08   1.97356897E-07
   2.71499991       3.33499997E-07   2.01731353E-07
   2.71799994       3.20970003E-07   2.03327659E-07
   2.72099996       1.74660002E-07   2.07640710E-07
   2.72399998       2.50749991E-07   2.08715136E-07
   2.72690010       4.46249999E-07   2.10127226E-07
   2.72989988       3.17739989E-07   2.10971422E-07
   2.73289990       2.40529999E-07   2.15284487E-07
   2.73589993       1.54079999E-07   2.13120273E-07
   2.73889995       1.28700002E-08   2.18845443E-07
   2.74189997       1.82489998E-07   2.19413351E-07
   2.74489999       4.27850011E-07   2.21746376E-07
   2.74790001       5.58949978E-07   2.22882207E-07
   2.75090003       8.71529977E-08   2.21777100E-07
   2.75390005      -2.97139991E-07   2.25445490E-07
   2.75690007       1.91840002E-08   2.25598981E-07
   2.75990009       1.95919995E-07   2.27885963E-07
   2.76279998       2.17259995E-07   2.30157625E-07
   2.76580000       1.71199996E-08   2.27440864E-07
   2.76880002       2.25590000E-07   2.31354846E-07
   2.77180004       3.50850001E-07   2.29804584E-07
   2.77480006       7.73899984E-08   2.32030189E-07
   2.77780008       1.03740000E-07   2.35483711E-07
   2.78080010      -3.46249998E-08   2.31155312E-07
   2.78379989       3.75130014E-07   2.34977193E-07
   2.78679991      -3.10459995E-08   2.33396250E-07
   2.78979993       3.06299995E-07   2.36343240E-07
   2.79279995       1.10889999E-07   2.35084642E-07
   2.79579997       3.19999998E-07   2.37908836E-07
   2.79870009      -1.42939996E-07   2.38185137E-07
   2.80170012       1.67620001E-07   2.35437668E-07
   2.80469990       5.59870017E-09   2.40287932E-07
   2.80769992       2.79980004E-08   2.40809783E-07
   2.81069994       1.58380004E-07   2.43142836E-07
   2.81369996       1.92719995E-07   2.42237235E-07
   2.81669998       1.72810005E-07   2.41638645E-07
   2.81970000      -2.54310009E-07   2.42851229E-07
   2.82270002      -1.55759992E-08   2.41991671E-07
   2.82570004       4.29459988E-08   2.44217262E-07
   2.82870007       2.29289995E-07   2.48023809E-07
   2.83170009       3.24139990E-07   2.44938661E-07
   2.83459997       5.47189984E-07   2.46964731E-07
   2.83759999       2.29349993E-07   2.42636332E-07
   2.84060001       1.06389997E-07   2.48069853E-07
   2.84360003       1.95230001E-07   2.45138210E-07
   2.84660006       6.13020006E-07   2.49021497E-07
   2.84960008       7.11849992E-08   2.51968487E-07
   2.85260010      -1.16830002E-07   2.47854985E-07
   2.85560012       3.68070005E-07   2.55038287E-07
   2.85859990       4.28800007E-07   2.47993114E-07
   2.86159992       2.11759996E-07   2.55652253E-07
   2.86459994       4.23509988E-07   2.51768938E-07
   2.86759996      -1.06660003E-07   2.52659191E-07
   2.87050009       8.35979996E-09   2.55836426E-07
   2.87350011       2.45730007E-07   2.53227086E-07
   2.87649989       3.27500004E-07   2.56542478E-07
   2.87949991      -1.37789996E-07   2.57739714E-07
   2.88249993       3.02090015E-08   2.58046668E-07
   2.88549995      -2.86379986E-07   2.61929955E-07
   2.88849998       1.09829998E-07   2.51016843E-07
   2.89150000       1.54369992E-08   2.63065772E-07
   2.89450002       2.61850005E-07   2.59781103E-07
   2.89750004       2.89190012E-07   2.58860183E-07
   2.90050006       3.19669994E-07   2.61883912E-07
   2.90350008       1.77819999E-07   2.57570861E-07
   2.90639997       3.39460001E-07   2.65951371E-07
   2.90939999      -5.14230010E-08   2.62497878E-07
   2.91240001       2.60270014E-07   2.63495565E-07
   2.91540003       5.32219985E-07   2.68668146E-07
   2.91840005      -9.29279977E-08   2.67593720E-07
   2.92140007       3.53389993E-07   2.69650485E-07
   2.92440009      -2.09670006E-07   2.67225346E-07
   2.92740011       4.83120004E-07   2.63725809E-07
   2.93039989      -4.81130016E-08   2.71753294E-07
   2.93339992       3.10860003E-07   2.70402609E-07
   2.93639994       3.58020003E-07   2.76143112E-07
   2.93930006      -5.99669988E-07   2.69865382E-07
   2.94230008       2.67350003E-07   2.71615164E-07
   2.94530010      -1.80620006E-07   2.78230544E-07
   2.94829988       1.65329993E-07   2.71047242E-07
   2.95129991       3.08779988E-08   2.72075624E-07
   2.95429993       1.34829996E-08   2.74792399E-07
   2.95729995       4.68090008E-07   2.77570564E-07
   2.96029997       3.26290007E-07   2.77954285E-07
   2.96329999       4.68280007E-07   2.75344945E-07
   2.96630001       4.27920014E-07   2.97616282E-07
   2.96930003       1.27990006E-07   2.77417058E-07
   2.97219992       1.84650006E-07   2.80701755E-07
   2.97519994       1.85229993E-07   2.79673372E-07
   2.97819996       2.32250002E-07   2.75621233E-07
   2.98119998       2.10140001E-07   2.80410120E-07
   2.98420000       5.46059994E-07   2.80563597E-07
   2.98720002       1.28829996E-07   2.83249676E-07
   2.99020004       7.91879984E-08   2.80425468E-07
   2.99320006      -1.67319996E-07   2.88821354E-07
   2.99620008      -3.93439990E-07   2.83710136E-07
   2.99920011       9.33110034E-09   2.86994805E-07
   3.00219989       1.08510001E-07   2.81607328E-07
   3.00510001      -1.69760000E-07   2.90064605E-07
   3.00810003       9.35420019E-07   2.85383180E-07
   3.01110005       1.93150001E-07   2.85782221E-07
   3.01410007       8.14549992E-08   2.90187387E-07
   3.01710010       1.63389998E-07   2.86964109E-07
   3.02010012       3.32819994E-08   2.91446014E-07
   3.02309990      -1.73160004E-07   2.92520440E-07
   3.02609992      -2.69899999E-07   2.87931101E-07
   3.02909994       5.16320000E-08   2.90448327E-07
   3.03209996       6.34629984E-08   2.89573421E-07
   3.03500009       5.14589999E-07   2.98537230E-07
   3.03800011      -1.33849994E-07   2.91645534E-07
   3.04099989      -3.54940006E-08   2.94362309E-07
   3.04399991       2.65539995E-07   3.02220997E-07
   3.04699993      -1.73570001E-07   2.93963240E-07
   3.04999995       1.89890002E-07   3.02481908E-07
   3.05299997       3.33349988E-07   3.00348404E-07
   3.05599999      -2.29139999E-07   2.99289326E-07
   3.05900002      -2.53650001E-07   3.09726630E-07
   3.06200004      -4.00270004E-08   2.93410665E-07
   3.06500006       5.37949987E-08   3.01330743E-07
   3.06789994       1.47750001E-07   2.99412108E-07
   3.07089996      -1.85410002E-07   3.04799585E-07
   3.07389998       3.88860002E-07   3.03494943E-07
   3.07690001       3.63049999E-08   2.95452111E-07
   3.07990003       2.00990002E-07   3.01837275E-07
   3.08290005       2.23179995E-07   3.00916298E-07
   3.08590007       6.13359987E-07   3.01560959E-07
   3.08890009       1.04320002E-07   3.06472629E-07
   3.09190011      -1.91910004E-07   3.06319151E-07
   3.09489989       2.77229987E-07   3.05398203E-07
   3.09780002       2.71380003E-07   3.05060524E-07
   3.10080004      -5.55869974E-07   3.09603820E-07
   3.10380006       1.84190000E-07   3.07255419E-07
   3.10680008       2.60310003E-07   3.08851725E-07
   3.10980010      -3.99230004E-07   3.14745733E-07
   3.11279988       3.75150009E-08   3.08375888E-07
   3.11579990       2.79879998E-07   3.12443404E-07
   3.11879992      -2.49250007E-07   3.08621480E-07
   3.12179995       8.10689968E-08   3.16510864E-07
   3.12479997      -4.05979989E-07   3.15006645E-07
   3.12770009      -8.11160021E-07   8.93293986E-07
   3.13070011       6.27980000E-07   3.16633646E-07
   3.13369989       3.24940004E-07   3.12688968E-07
   3.13669991       1.98709998E-07   3.18598325E-07
   3.13969994       4.53609999E-07   3.19335072E-07
   3.14269996       2.91220005E-07   3.23095577E-07
   3.14569998       2.36640005E-07   3.21115550E-07
   3.14870000       4.42769988E-07   3.12811750E-07
   3.15170002       1.51260000E-08   3.28114652E-07
   3.15470004      -5.05989988E-07   3.22343453E-07
   3.15759993       6.52830010E-07   3.28206767E-07
   3.16059995       6.20669994E-07   3.23786281E-07
   3.16359997       1.00830000E-07   3.19289029E-07
   3.16659999      -2.15170004E-07   3.31706332E-07
   3.16960001      -2.78719995E-07   3.23648123E-07
   3.17260003       2.05429998E-07   3.30739340E-07
   3.17560005      -2.44580008E-07   3.30831426E-07
   3.17860007      -9.67240013E-08   3.30447705E-07
   3.18160009       2.11260005E-08   3.39104531E-07
   3.18460011       9.46900016E-08   3.27224427E-07
   3.18750000       1.56349998E-07   3.41007791E-07
   3.19050002       7.12159988E-07   3.32090053E-07
   3.19350004       7.19600024E-08   3.30984932E-07
   3.19650006       8.05679974E-07   3.43478973E-07
   3.19950008       2.72689988E-07   3.31783070E-07
   3.20250010      -7.24930018E-08   3.45796650E-07
   3.20549989      -1.01970002E-07   3.39104531E-07
   3.20849991      -3.05550003E-07   3.37431487E-07
   3.21149993      -5.04380004E-08   3.40977095E-07
   3.21440005      -7.13549966E-08   3.44154330E-07
   3.21740007      -2.36489996E-07   3.46656208E-07
   3.22040009       6.08369987E-07   3.39150574E-07
   3.22340012      -3.84949999E-07   3.44645514E-07
   3.22639990       3.67250017E-08   3.46088285E-07
   3.22939992       3.94289998E-07   3.40808270E-07
   3.23239994      -1.79300002E-07   3.52918590E-07
   3.23539996      -1.09200002E-07   3.40854314E-07
   3.23839998       1.51110001E-07   3.49864166E-07
   3.24140000       6.04029992E-07   3.50815782E-07
   3.24429989      -2.29070007E-08   3.54054407E-07
   3.24729991      -3.75579987E-07   3.59994459E-07
   3.25029993       4.96970017E-07   3.51982294E-07
   3.25329995       2.67889988E-07   3.62695857E-07
   3.25629997      -4.08350012E-08   3.54346042E-07
   3.25929999      -9.47689998E-08   3.59794910E-07
   3.26230001       3.35320010E-07   3.60669816E-07
   3.26530004       3.84289990E-07   3.67300544E-07
   3.26830006       2.00860001E-07   3.66272189E-07
   3.27119994      -8.14079968E-08   3.61959110E-07
   3.27419996       4.12379990E-07   3.71828492E-07
   3.27719998      -1.34689998E-07   3.64829390E-07
   3.28020000       1.60119995E-07   3.67469426E-07
   3.28320003       3.64659996E-07   3.73240624E-07
   3.28620005      -2.11290001E-07   3.67484745E-07
   3.28920007       4.55769992E-07   3.74069430E-07
   3.29220009       4.12199995E-07   3.67208457E-07
   3.29520011       3.54070011E-07   3.78489943E-07
   3.29809999      -4.52850003E-07   3.68160073E-07
   3.30110002       5.40429994E-08   3.83923492E-07
   3.30410004       4.29909988E-07   3.82772328E-07
   3.30710006      -3.40599996E-07   3.78474567E-07
   3.31010008       4.19910009E-07   3.82695532E-07
   3.31310010       8.44629966E-08   3.74422484E-07
   3.31609988       3.62529988E-07   3.85765333E-07
   3.31909990       1.04580003E-07   3.89403056E-07
   3.32209992       5.22519997E-07   3.72012664E-07
   3.32500005       4.43530013E-07   3.91597979E-07
   3.32800007      -2.19970005E-07   3.87361638E-07
   3.33100009       2.39060000E-07   3.90999361E-07
   3.33400011      -6.36670023E-08   3.94974705E-07
   3.33699989      -1.66619998E-07   3.89050030E-07
   3.33999991       2.06820005E-07   4.05319923E-07
   3.34299994       3.00890008E-07   3.92687753E-07
   3.34599996       2.05660001E-07   4.04828768E-07
   3.34899998      -2.40079999E-07   4.04383655E-07
   3.35190010      -1.86540007E-07   3.95619395E-07
   3.35489988      -7.90879966E-08   4.06317611E-07
   3.35789990       2.68160001E-08   3.96770560E-07
   3.36089993       3.23280005E-07   4.08512534E-07
   3.36389995       2.46180008E-07   3.96478924E-07
   3.36689997      -2.02140001E-07   4.09694394E-07
   3.36989999      -3.11380006E-07   4.23800088E-07
   3.37290001       1.68439996E-07   4.01881749E-07
   3.37590003       1.11529999E-07   4.21006547E-07
   3.37879992       5.18419995E-07   4.05319923E-07
   3.38179994       5.19970001E-07   4.17982818E-07
   3.38479996       3.44799993E-08   4.17660459E-07
   3.38779998      -1.86440005E-07   4.18182339E-07
   3.39080000       7.79970009E-08   4.39425321E-07
   3.39380002      -4.71899995E-07   4.15695808E-07
   3.39680004      -4.80869993E-08   4.35066198E-07
   3.39980006       2.24480004E-07   4.20714912E-07
   3.40280008      -6.67260025E-08   4.33546660E-07
   3.40569997       3.95980010E-07   4.34206669E-07
   3.40869999       4.16700008E-09   4.15127886E-07
   3.41170001       7.87549993E-07   4.38780631E-07
   3.41470003      -7.74560021E-07   4.23953537E-07
   3.41770005       2.20839993E-07   4.37215050E-07
   3.42070007       3.97390011E-07   4.30998739E-07
   3.42370009       2.82229990E-07   4.21635860E-07
   3.42670012       2.78490006E-07   4.43554200E-07
   3.42960000       2.11889997E-07   4.19026577E-07
   3.43260002       3.62999998E-07   4.37153659E-07
   3.43560004       5.63020023E-07   4.21374949E-07
   3.43860006       2.73770013E-07   4.30676408E-07
   3.44160008       8.26830018E-08   4.55741258E-07
   3.44460011      -4.16910012E-07   4.18734942E-07
   3.44759989       5.02460011E-07   4.50077465E-07
   3.45059991       8.82419968E-08   4.37568104E-07
   3.45359993       4.73400007E-07   4.40453675E-07
   3.45650005      -8.42090003E-07   4.61082664E-07
   3.45950007      -5.24620020E-07   4.28466137E-07
   3.46250010       5.92150002E-07   4.55096597E-07
   3.46550012      -1.59379994E-08   4.46224902E-07
   3.46849990      -7.87669990E-07   4.67759463E-07
   3.47149992      -6.52879976E-07   4.51013790E-07
   3.47449994      -4.68809986E-08   4.54283111E-07
   3.47749996       3.44530008E-07   4.68695788E-07
   3.48040009       5.94000028E-07   4.53346814E-07
   3.48340011      -8.73819985E-08   4.59962223E-07
   3.48639989       3.71390001E-07   4.58181745E-07
   3.48939991      -4.25020005E-07   4.60038962E-07
   3.49239993       3.94519986E-07   4.80637254E-07
   3.49539995       3.40889983E-08   4.56600787E-07
   3.49839997       4.58259990E-08   4.82202836E-07
   3.50139999       1.22619994E-07   4.71873022E-07
   3.50430012      -4.19210011E-07   4.86746160E-07
   3.50729990       1.92390004E-07   4.84628004E-07
   3.51029992       4.45060010E-07   4.93714595E-07
   3.51329994       3.76219987E-07   4.92901052E-07
   3.51629996       6.59490013E-07   4.66362764E-07
   3.51929998       4.16349991E-07   5.02494174E-07
   3.52230000      -2.45410007E-07   4.89539673E-07
   3.52530003      -3.41700002E-07   4.92686240E-07
   3.52819991       4.82939981E-07   5.16799389E-07
   3.53119993      -5.41100007E-07   4.92195056E-07
   3.53419995      -7.04369995E-07   5.25287419E-07
   3.53719997      -4.94630001E-07   4.99547184E-07
   3.54020000      -3.37880010E-07   5.16446391E-07
   3.54320002      -4.08489996E-07   5.08572384E-07
   3.54620004       1.09589996E-06   5.07897028E-07
   3.54920006      -5.99689969E-08   5.26300425E-07
   3.55209994      -6.51170012E-07   5.15985903E-07
   3.55509996       7.87169995E-07   5.20759443E-07
   3.55809999       3.40100001E-07   5.19301295E-07
   3.56110001      -9.58719966E-08   5.32977197E-07
   3.56410003      -1.24920007E-07   5.31380920E-07
   3.56710005       1.97269998E-07   5.20759443E-07
   3.57010007       3.37430009E-07   5.47052196E-07
   3.57310009       2.53480010E-07   5.33545119E-07
   3.57599998      -1.67409996E-06   5.50260097E-07
   3.57900000      -2.60610005E-08   5.69784049E-07
   3.58200002      -1.58000006E-07   5.25057146E-07
   3.58500004      -4.39990004E-07   5.82416192E-07
   3.58800006      -6.24550012E-07   5.40160499E-07
   3.59100008      -1.33599997E-06   5.84856707E-07
   3.59400010       1.55999999E-07   5.65762605E-07
   3.59699988      -9.75930021E-08   5.61188585E-07
   3.59990001      -5.67809991E-07   6.17120236E-07
   3.60290003      -8.83960013E-07   5.58088118E-07
   3.60590005       9.94120001E-07   5.93421419E-07
   3.60890007      -2.77390001E-07   5.87281818E-07
   3.61190009       1.05510003E-06   5.89998592E-07
   3.61490011      -1.78009998E-07   6.30504474E-07
   3.61789989       1.07819994E-06   5.60190927E-07
   3.62089992       4.16919988E-07   6.30443083E-07
   3.62380004      -3.21700000E-09   5.91840490E-07
   3.62680006      -1.04310004E-06   6.25239807E-07
   3.62980008      -7.03329988E-07   6.22492337E-07
   3.63280010      -5.39499979E-07   6.21218362E-07
   3.63579988       6.95850019E-07   6.51317634E-07
   3.63879991      -5.56220003E-09   5.96798202E-07
   3.64179993       2.38899986E-07   6.72560645E-07
   3.64470005      -3.81029992E-07   6.44594820E-07
   3.64770007       7.09410017E-07   6.55876306E-07
   3.65070009       1.32029996E-07   6.85438408E-07
   3.65370011      -1.62190005E-07   6.16552256E-07
   3.65669990      -1.18999999E-07   6.82829125E-07
   3.65969992       1.37599997E-07   6.42737632E-07
   3.66269994       6.00679982E-07   6.92115179E-07
   3.66569996      -6.54150028E-07   7.03749720E-07
   3.66860008      -8.81489996E-07   6.80296466E-07
   3.67160010       9.56610052E-07   7.38745314E-07
   3.67459989      -5.28119983E-07   6.65438733E-07
   3.67759991      -3.46250005E-07   7.26711789E-07
   3.68059993       6.72249996E-07   7.19697255E-07
   3.68359995       2.48880013E-07   7.37056951E-07
   3.68659997       6.42360021E-07   8.00663031E-07
   3.68950009      -1.10719998E-06   7.06512481E-07
   3.69250011      -8.74269972E-07   8.06664445E-07
   3.69549990      -3.71039988E-07   7.49013793E-07
   3.69849992      -8.61830003E-08   7.84009444E-07
   3.70149994      -1.16440003E-06   8.82703205E-07
   3.70449996      -1.10719998E-06   7.54923178E-07
   3.70749998      -2.36380004E-07   8.43885687E-07
   3.71050000      -1.40970002E-07   8.01906310E-07
   3.71339989      -5.00999988E-07   8.33755337E-07
   3.71639991       7.58069973E-07   8.63117918E-07
   3.71939993       1.61759999E-06   8.14937550E-07
   3.72239995       5.49290007E-07   9.50346077E-07
   3.72539997       1.20000004E-06   8.00187195E-07
   3.72839999       6.72989984E-07   9.42057625E-07
   3.73140001       5.69249980E-09   8.84545102E-07
   3.73429990       5.08279982E-07   9.33646390E-07
   3.73729992       1.61610001E-06   1.04715195E-06
   3.74029994       1.06519997E-06   8.49395974E-07
   3.74329996      -1.22359995E-06   1.10515566E-06
   3.74629998       4.16159992E-07   8.99924771E-07
   3.74930000       6.79899983E-07   1.08062807E-06
   3.75230002       4.27749995E-07   1.11718930E-06
   3.75519991       7.77470007E-07   9.88012403E-07
