#SASDB SASDER2
#Sample description: Merged from concentrations 1.00 and 5.00 mg/ml
#Sample: Merged from con  c= 0.000 mg/ml  Code: tmp
#Parent(s): C:/Users/vives/AppData/Local/Temp/qt_temp.JF2596 C:/Users/vives/AppDa
 2.754300e-002  5.557406e+003  1.848441e+003
 3.017410e-002  2.022271e+003  1.107360e+003
 3.280520e-002  7.679106e+002  8.576956e+002
 3.543630e-002  8.803633e+002  6.692051e+002
 3.806740e-002  1.019598e+003  5.772290e+002
 4.069850e-002  6.639591e+002  4.950234e+002
 4.332960e-002  1.192566e+003  4.023376e+002
 4.596080e-002  1.698788e+003  3.749767e+002
 4.859190e-002  1.327976e+003  3.036224e+002
 5.122300e-002  1.400769e+003  2.729443e+002
 5.385410e-002  1.182535e+003  2.440275e+002
 5.648520e-002  1.186031e+003  2.124111e+002
 5.911630e-002  1.018523e+003  1.992729e+002
 6.174740e-002  1.464306e+003  1.836386e+002
 6.437850e-002  1.391029e+003  1.690887e+002
 6.700960e-002  1.283001e+003  1.580003e+002
 6.964070e-002  1.334841e+003  1.432015e+002
 7.227180e-002  1.306607e+003  1.398707e+002
 7.490290e-002  1.016132e+003  1.230706e+002
 7.753400e-002  1.210634e+003  1.214952e+002
 8.016510e-002  1.294310e+003  1.171991e+002
 8.279630e-002  1.102229e+003  1.081876e+002
 8.542740e-002  1.115009e+003  1.076763e+002
 8.805850e-002  1.136127e+003  9.819813e+001
 9.068960e-002  1.177297e+003  9.923223e+001
 9.332070e-002  1.128662e+003  9.346580e+001
 9.595180e-002  1.304215e+003  9.330140e+001
 9.858290e-002  1.148143e+003  8.936110e+001
 1.012140e-001  1.050756e+003  8.283634e+001
 1.038450e-001  1.303886e+003  8.682554e+001
 1.064760e-001  1.229631e+003  8.218045e+001
 1.091070e-001  1.197291e+003  7.962300e+001
 1.117380e-001  1.036726e+003  7.748549e+001
 1.143700e-001  1.219222e+003  7.498266e+001
 1.170010e-001  1.114303e+003  7.528775e+001
 1.196320e-001  1.067100e+003  7.118024e+001
 1.222630e-001  1.214555e+003  7.427361e+001
 1.248940e-001  1.158222e+003  7.175644e+001
 1.275250e-001  1.014495e+003  6.723655e+001
 1.301560e-001  1.018930e+003  6.759132e+001
 1.327870e-001  1.169503e+003  6.662907e+001
 1.354180e-001  1.133900e+003  6.685312e+001
 1.380500e-001  1.148869e+003  6.578165e+001
 1.406810e-001  1.092720e+003  6.346802e+001
 1.433120e-001  1.165949e+003  6.627808e+001
 1.459430e-001  1.115174e+003  6.333091e+001
 1.485740e-001  1.130376e+003  6.609421e+001
 1.512050e-001  9.931937e+002  6.306697e+001
 1.538360e-001  1.081934e+003  6.356426e+001
 1.564670e-001  9.618136e+002  6.305002e+001
 1.590980e-001  1.031362e+003  6.180272e+001
 1.617290e-001  9.872002e+002  6.299009e+001
 1.643610e-001  9.392572e+002  6.075256e+001
 1.669920e-001  9.679494e+002  6.141426e+001
 1.696230e-001  9.861255e+002  6.048251e+001
 1.722540e-001  1.047784e+003  6.163570e+001
 1.748850e-001  9.829109e+002  6.081569e+001
 1.775160e-001  1.000359e+003  5.853875e+001
 1.801470e-001  9.765979e+002  5.940494e+001
 1.827780e-001  9.704785e+002  5.837356e+001
 1.854090e-001  1.060962e+003  6.016763e+001
 1.880410e-001  1.127277e+003  6.124365e+001
 1.906720e-001  9.926321e+002  5.757156e+001
 1.933030e-001  1.073791e+003  5.972844e+001
 1.959340e-001  9.621148e+002  5.651529e+001
 1.985650e-001  1.013149e+003  5.737384e+001
 2.011960e-001  9.794445e+002  5.769269e+001
 2.038270e-001  1.053099e+003  5.677691e+001
 2.064580e-001  9.434178e+002  5.594703e+001
 2.090890e-001  1.060894e+003  5.674148e+001
 2.117210e-001  9.345302e+002  5.513079e+001
 2.143520e-001  1.091374e+003  5.667612e+001
 2.169830e-001  1.055171e+003  5.647540e+001
 2.196140e-001  9.160202e+002  5.460164e+001
 2.222450e-001  1.016548e+003  5.482047e+001
 2.248760e-001  9.106716e+002  5.345204e+001
 2.275070e-001  9.787764e+002  5.422538e+001
 2.301380e-001  9.982092e+002  5.385037e+001
 2.327690e-001  9.711660e+002  5.433760e+001
 2.354000e-001  9.686872e+002  5.254488e+001
 2.380320e-001  9.544152e+002  5.315130e+001
 2.406630e-001  8.860838e+002  5.176708e+001
 2.432940e-001  8.391168e+002  5.078421e+001
 2.459250e-001  9.378533e+002  5.170395e+001
 2.485560e-001  8.977260e+002  5.113210e+001
 2.511870e-001  8.594307e+002  5.130300e+001
 2.538180e-001  9.038144e+002  5.038917e+001
 2.564490e-001  8.896615e+002  5.077530e+001
 2.590800e-001  9.343947e+002  5.012367e+001
 2.617120e-001  8.972090e+002  4.977423e+001
 2.643430e-001  8.201265e+002  4.924857e+001
 2.669740e-001  8.331572e+002  4.845150e+001
 2.696050e-001  9.704398e+002  5.031839e+001
 2.722360e-001  9.530626e+002  4.971962e+001
 2.748670e-001  8.712666e+002  4.908667e+001
 2.774980e-001  9.024346e+002  4.946971e+001
 2.801290e-001  9.105089e+002  4.850572e+001
 2.827600e-001  8.235154e+002  4.747250e+001
 2.853920e-001  8.187235e+002  4.654521e+001
 2.880230e-001  8.618078e+002  4.763749e+001
 2.906540e-001  8.596553e+002  4.701471e+001
 2.932850e-001  8.620779e+002  4.667718e+001
 2.959160e-001  8.204518e+002  4.734401e+001
 2.985470e-001  8.134911e+002  4.611627e+001
 3.011780e-001  8.595246e+002  4.686008e+001
 3.038090e-001  8.687714e+002  4.597462e+001
 3.064400e-001  8.740804e+002  4.648518e+001
 3.090710e-001  7.928992e+002  4.509651e+001
 3.117030e-001  8.580761e+002  4.545108e+001
 3.143340e-001  7.864294e+002  4.425655e+001
 3.169650e-001  8.049278e+002  4.446105e+001
 3.195960e-001  6.788121e+002  4.366388e+001
 3.222270e-001  7.424475e+002  4.346578e+001
 3.248580e-001  8.474263e+002  4.474804e+001
 3.274890e-001  8.148640e+002  4.471647e+001
 3.301200e-001  7.280796e+002  4.305611e+001
 3.327510e-001  7.552885e+002  4.388406e+001
 3.353830e-001  7.029419e+002  4.246984e+001
 3.380140e-001  7.584092e+002  4.287408e+001
 3.406450e-001  6.977589e+002  4.244321e+001
 3.432760e-001  7.192318e+002  4.233631e+001
 3.459070e-001  7.846197e+002  4.334630e+001
 3.485380e-001  7.391574e+002  4.117470e+001
 3.511690e-001  7.583917e+002  4.253074e+001
 3.538000e-001  7.929176e+002  4.286014e+001
 3.564310e-001  7.949287e+002  4.206191e+001
 3.590630e-001  7.514639e+002  4.210268e+001
 3.616940e-001  7.589185e+002  4.172060e+001
 3.643250e-001  7.502817e+002  4.208166e+001
 3.669560e-001  7.255544e+002  4.097999e+001
 3.695870e-001  8.213474e+002  4.169020e+001
 3.722180e-001  7.591363e+002  4.265022e+001
 3.748490e-001  8.032043e+002  4.294970e+001
 3.774800e-001  6.807534e+002  4.307519e+001
 3.801110e-001  5.911795e+002  4.120549e+001
 3.827420e-001  7.381659e+002  4.317337e+001
 3.853740e-001  7.721109e+002  4.464143e+001
 3.880050e-001  7.013114e+002  4.329043e+001
 3.906360e-001  6.793437e+002  4.365924e+001
 3.932670e-001  7.614572e+002  4.394526e+001
 3.958980e-001  6.725814e+002  4.342821e+001
 3.985290e-001  6.926126e+002  4.381561e+001
 4.011600e-001  7.097671e+002  4.401458e+001
 4.037910e-001  5.938509e+002  4.346626e+001
 4.064220e-001  7.183313e+002  4.404499e+001
 4.090540e-001  7.378454e+002  4.526624e+001
 4.116850e-001  7.000401e+002  4.487381e+001
 4.143160e-001  6.370776e+002  4.358952e+001
 4.169470e-001  6.803565e+002  4.460057e+001
 4.195780e-001  6.853013e+002  4.360695e+001
 4.222090e-001  5.255708e+002  4.300005e+001
 4.248400e-001  6.963065e+002  4.450965e+001
 4.274710e-001  6.372044e+002  4.318479e+001
 4.301020e-001  6.006219e+002  4.174684e+001
 4.327340e-001  5.953479e+002  4.102830e+001
 4.353650e-001  5.653321e+002  4.068399e+001
 4.379960e-001  6.132131e+002  3.971787e+001
 4.406270e-001  5.521890e+002  3.979785e+001
 4.432580e-001  6.351653e+002  2.062217e+001
 4.458890e-001  6.354073e+002  2.026736e+001
 4.485200e-001  6.394378e+002  2.040589e+001
 4.511510e-001  6.705380e+002  2.029293e+001
 4.537820e-001  6.335448e+002  2.006484e+001
 4.564130e-001  6.171865e+002  1.964515e+001
 4.590450e-001  5.971400e+002  1.951366e+001
 4.616760e-001  5.982194e+002  1.957780e+001
 4.643070e-001  5.886663e+002  1.933422e+001
 4.669380e-001  5.833072e+002  1.924883e+001
 4.695690e-001  5.901272e+002  1.937085e+001
 4.722000e-001  6.000633e+002  1.915870e+001
 4.748310e-001  5.844243e+002  1.925760e+001
 4.774620e-001  5.424541e+002  1.851941e+001
 4.800930e-001  5.535676e+002  1.894083e+001
 4.827250e-001  5.778683e+002  1.858176e+001
 4.853560e-001  5.712152e+002  1.874276e+001
 4.879870e-001  5.619454e+002  1.856261e+001
 4.906180e-001  5.700043e+002  1.865304e+001
 4.932490e-001  5.777234e+002  1.879191e+001
 4.958800e-001  5.529105e+002  1.840754e+001
 4.985110e-001  5.832345e+002  1.866285e+001
 5.011420e-001  5.673192e+002  1.833409e+001
 5.037730e-001  5.263404e+002  1.815747e+001
 5.064050e-001  5.428001e+002  1.822078e+001
 5.090360e-001  5.476332e+002  1.851489e+001
 5.116670e-001  5.532191e+002  1.859586e+001
 5.142980e-001  5.023205e+002  1.809090e+001
 5.169290e-001  4.916055e+002  1.830534e+001
 5.195600e-001  5.355659e+002  1.884234e+001
 5.221910e-001  5.459648e+002  1.912360e+001
 5.248220e-001  5.185763e+002  1.875451e+001
 5.274530e-001  5.102680e+002  1.871236e+001
 5.300840e-001  5.321505e+002  1.913901e+001
 5.327160e-001  5.019161e+002  1.858311e+001
 5.353470e-001  5.052810e+002  1.866172e+001
 5.379780e-001  4.858703e+002  1.841415e+001
 5.406090e-001  4.847550e+002  1.807838e+001
 5.432400e-001  4.804433e+002  1.798366e+001
 5.458710e-001  4.720448e+002  1.750413e+001
 5.485020e-001  4.778541e+002  1.742303e+001
 5.511330e-001  4.846390e+002  1.739480e+001
 5.537640e-001  4.762243e+002  1.731365e+001
 5.563960e-001  4.893758e+002  1.709660e+001
 5.590270e-001  4.881334e+002  1.737284e+001
 5.616580e-001  4.565986e+002  1.681044e+001
 5.642890e-001  4.722963e+002  1.700721e+001
 5.669200e-001  4.778559e+002  1.708446e+001
 5.695510e-001  4.624287e+002  1.669710e+001
 5.721820e-001  4.252639e+002  1.650620e+001
 5.748130e-001  4.672909e+002  1.670797e+001
 5.774440e-001  4.737469e+002  1.687824e+001
 5.800760e-001  4.400420e+002  1.613432e+001
 5.827070e-001  4.520938e+002  1.644554e+001
 5.853380e-001  4.573768e+002  1.659117e+001
 5.879690e-001  4.559890e+002  1.640656e+001
 5.906000e-001  4.642026e+002  1.656727e+001
 5.932310e-001  4.049035e+002  1.609527e+001
 5.958620e-001  4.367986e+002  1.613932e+001
 5.984930e-001  4.292785e+002  1.613338e+001
 6.011240e-001  4.316441e+002  1.612855e+001
 6.037550e-001  4.098780e+002  1.589182e+001
 6.063870e-001  4.566971e+002  1.622137e+001
 6.090180e-001  4.155978e+002  1.592578e+001
 6.116490e-001  4.252848e+002  1.599666e+001
 6.142800e-001  4.067970e+002  1.556748e+001
 6.169110e-001  4.234340e+002  1.572642e+001
 6.195420e-001  4.207625e+002  1.589103e+001
 6.221730e-001  4.035410e+002  6.514860e+000
 6.248040e-001  3.853050e+002  6.457520e+000
 6.274350e-001  4.039980e+002  6.458140e+000
 6.300670e-001  3.914230e+002  6.413650e+000
 6.326980e-001  3.871690e+002  6.443580e+000
 6.353290e-001  3.961180e+002  6.312350e+000
 6.379600e-001  3.859020e+002  6.348050e+000
 6.405910e-001  3.693570e+002  6.180920e+000
 6.432220e-001  3.801880e+002  6.219740e+000
 6.458530e-001  3.689840e+002  6.237800e+000
 6.484840e-001  3.701790e+002  6.087740e+000
 6.511150e-001  3.764650e+002  6.208650e+000
 6.537470e-001  3.688600e+002  6.122380e+000
 6.563780e-001  3.759760e+002  6.139150e+000
 6.590090e-001  3.623030e+002  6.087970e+000
 6.616400e-001  3.571460e+002  5.978590e+000
 6.642710e-001  3.581690e+002  6.114370e+000
 6.669020e-001  3.618470e+002  6.008160e+000
 6.695330e-001  3.538760e+002  6.009210e+000
 6.721640e-001  3.628690e+002  6.008490e+000
 6.747950e-001  3.370540e+002  5.900350e+000
 6.774270e-001  3.583630e+002  6.010400e+000
 6.800580e-001  3.589980e+002  5.965240e+000
 6.826890e-001  3.495960e+002  5.933770e+000
 6.853200e-001  3.383380e+002  5.880860e+000
 6.879510e-001  3.381310e+002  5.897530e+000
 6.905820e-001  3.337040e+002  5.834730e+000
 6.932130e-001  3.396970e+002  5.814470e+000
 6.958440e-001  3.348280e+002  5.807040e+000
 6.984750e-001  3.283340e+002  5.766280e+000
 7.011060e-001  3.232540e+002  5.780750e+000
 7.037380e-001  3.264950e+002  5.776460e+000
 7.063690e-001  3.296250e+002  5.734310e+000
 7.090000e-001  3.215800e+002  5.729780e+000
 7.116310e-001  3.130490e+002  5.557460e+000
 7.142620e-001  3.236240e+002  5.665000e+000
 7.168930e-001  3.175500e+002  5.601830e+000
 7.195240e-001  3.144990e+002  5.629860e+000
 7.221550e-001  3.206080e+002  5.626910e+000
 7.247860e-001  3.099200e+002  5.566100e+000
 7.274180e-001  3.085060e+002  5.552910e+000
 7.300490e-001  3.077270e+002  5.528430e+000
 7.326800e-001  3.038210e+002  5.509730e+000
 7.353110e-001  3.045590e+002  5.478890e+000
 7.379420e-001  3.055090e+002  5.463390e+000
 7.405730e-001  2.949070e+002  5.425220e+000
 7.432040e-001  2.937000e+002  5.412840e+000
 7.458350e-001  2.968420e+002  5.414920e+000
 7.484660e-001  2.904590e+002  5.358580e+000
 7.510980e-001  2.973490e+002  5.376470e+000
 7.537290e-001  2.801540e+002  5.314370e+000
 7.563600e-001  2.906610e+002  5.302820e+000
 7.589910e-001  2.856240e+002  5.295440e+000
 7.616220e-001  2.805030e+002  5.275190e+000
 7.642530e-001  2.818930e+002  5.288220e+000
 7.668840e-001  2.791910e+002  5.245220e+000
 7.695150e-001  2.791990e+002  5.214290e+000
 7.721460e-001  2.661860e+002  5.199090e+000
 7.747770e-001  2.801350e+002  5.154300e+000
 7.774090e-001  2.808020e+002  5.346860e+000
 7.800400e-001  2.679150e+002  5.283740e+000
 7.826710e-001  2.641710e+002  5.331010e+000
 7.853020e-001  2.659570e+002  5.411250e+000
 7.879330e-001  2.667910e+002  5.424970e+000
 7.905640e-001  2.662170e+002  5.493340e+000
 7.931950e-001  2.499360e+002  5.292210e+000
 7.958260e-001  2.632900e+002  5.399810e+000
 7.984570e-001  2.680090e+002  5.472940e+000
 8.010890e-001  2.589710e+002  5.374890e+000
 8.037200e-001  2.537390e+002  5.376110e+000
 8.063510e-001  2.519870e+002  5.181650e+000
 8.089820e-001  2.551400e+002  5.229920e+000
 8.116130e-001  2.615550e+002  5.175930e+000
 8.142440e-001  2.533810e+002  5.066720e+000
 8.168750e-001  2.488960e+002  5.073130e+000
 8.195060e-001  2.507730e+002  4.967510e+000
 8.221370e-001  2.494580e+002  5.027590e+000
 8.247690e-001  2.497890e+002  4.997210e+000
 8.274000e-001  2.440470e+002  4.928020e+000
 8.300310e-001  2.445140e+002  4.963120e+000
 8.326620e-001  2.437420e+002  4.937040e+000
 8.352930e-001  2.404060e+002  4.914890e+000
 8.379240e-001  2.403910e+002  4.836030e+000
 8.405550e-001  2.303610e+002  4.810680e+000
 8.431860e-001  2.348210e+002  4.874290e+000
 8.458170e-001  2.398950e+002  4.825250e+000
 8.484480e-001  2.388310e+002  4.874120e+000
 8.510800e-001  2.253910e+002  4.727900e+000
 8.537110e-001  2.356450e+002  4.816800e+000
 8.563420e-001  2.258610e+002  4.767670e+000
 8.589730e-001  2.252530e+002  4.741700e+000
 8.616040e-001  2.246440e+002  4.736140e+000
 8.642350e-001  2.293730e+002  4.693460e+000
 8.668660e-001  2.273120e+002  4.706500e+000
 8.694970e-001  2.220130e+002  4.636880e+000
 8.721280e-001  2.144420e+002  4.587830e+000
 8.747600e-001  2.220130e+002  4.657930e+000
 8.773910e-001  2.155810e+002  4.597970e+000
 8.800220e-001  2.123590e+002  4.605440e+000
 8.826530e-001  2.147940e+002  4.510230e+000
 8.852840e-001  2.113860e+002  4.543350e+000
 8.879150e-001  2.137790e+002  4.552810e+000
 8.905460e-001  2.211890e+002  4.553900e+000
 8.931770e-001  2.099670e+002  4.573260e+000
 8.958080e-001  2.189990e+002  4.513350e+000
 8.984400e-001  2.038040e+002  4.529920e+000
 9.010710e-001  2.014350e+002  4.452080e+000
 9.037020e-001  2.094850e+002  4.482110e+000
 9.063330e-001  2.063180e+002  4.520360e+000
 9.089640e-001  2.055450e+002  4.475800e+000
 9.115950e-001  2.083490e+002  4.524720e+000
 9.142260e-001  1.984570e+002  4.422300e+000
 9.168570e-001  1.998410e+002  4.454910e+000
 9.194880e-001  2.009390e+002  4.435020e+000
 9.221190e-001  1.886660e+002  4.384270e+000
 9.247510e-001  1.964340e+002  4.429220e+000
 9.273820e-001  1.999340e+002  4.373910e+000
 9.300130e-001  2.021510e+002  4.507640e+000
 9.326440e-001  1.993210e+002  4.551100e+000
 9.352750e-001  1.930970e+002  4.531110e+000
 9.379060e-001  1.934080e+002  4.537240e+000
 9.405370e-001  1.987120e+002  4.612370e+000
 9.431680e-001  1.944000e+002  4.632550e+000
 9.457990e-001  1.888340e+002  4.584210e+000
 9.484310e-001  1.897320e+002  4.634040e+000
 9.510620e-001  1.819170e+002  4.599520e+000
 9.536930e-001  1.905520e+002  4.647900e+000
 9.563240e-001  1.933080e+002  4.710080e+000
 9.589550e-001  1.855410e+002  4.630770e+000
 9.615860e-001  1.929900e+002  4.673670e+000
 9.642170e-001  1.791900e+002  4.671440e+000
 9.668480e-001  1.871030e+002  4.687730e+000
 9.694790e-001  1.839290e+002  4.706780e+000
 9.721110e-001  1.813740e+002  4.649750e+000
 9.747420e-001  1.833870e+002  4.734880e+000
 9.773730e-001  1.770330e+002  4.673700e+000
 9.800040e-001  1.825790e+002  4.730580e+000
 9.826350e-001  1.727700e+002  4.685880e+000
 9.852660e-001  1.773230e+002  4.599650e+000
 9.878970e-001  1.776540e+002  4.578620e+000
 9.905280e-001  1.774460e+002  4.489520e+000
 9.931590e-001  1.753150e+002  4.446390e+000
 9.957900e-001  1.724000e+002  4.440650e+000
 9.984220e-001  1.731640e+002  4.393420e+000
 1.001050e+000  1.761980e+002  4.416200e+000
 1.003680e+000  1.752530e+002  4.340900e+000
 1.006310e+000  1.723970e+002  4.318810e+000
 1.008950e+000  1.698480e+002  4.291880e+000
 1.011580e+000  1.675130e+002  4.307660e+000
 1.014210e+000  1.674800e+002  4.290200e+000
 1.016840e+000  1.642480e+002  4.228490e+000
 1.019470e+000  1.703610e+002  4.282900e+000
 1.022100e+000  1.656230e+002  4.220720e+000
 1.024730e+000  1.672800e+002  4.245900e+000
 1.027360e+000  1.666530e+002  4.204090e+000
 1.029990e+000  1.612450e+002  4.153740e+000
 1.032630e+000  1.588840e+002  4.200910e+000
 1.035260e+000  1.626070e+002  4.138400e+000
 1.037890e+000  1.563910e+002  4.149690e+000
 1.040520e+000  1.614500e+002  4.117000e+000
 1.043150e+000  1.534340e+002  4.094710e+000
 1.045780e+000  1.600670e+002  4.126690e+000
 1.048410e+000  1.598630e+002  4.117720e+000
 1.051040e+000  1.530270e+002  4.085670e+000
 1.053670e+000  1.552340e+002  4.047040e+000
 1.056310e+000  1.556290e+002  4.092780e+000
 1.058940e+000  1.516310e+002  4.009830e+000
 1.061570e+000  1.587440e+002  4.019070e+000
 1.064200e+000  1.466560e+002  4.026590e+000
 1.066830e+000  1.511330e+002  3.959950e+000
 1.069460e+000  1.524640e+002  4.014340e+000
 1.072090e+000  1.550960e+002  3.983380e+000
 1.074720e+000  1.467690e+002  3.948810e+000
 1.077350e+000  1.524790e+002  3.991380e+000
 1.079990e+000  1.501160e+002  3.907830e+000
 1.082620e+000  1.511200e+002  3.964560e+000
 1.085250e+000  1.473300e+002  3.891510e+000
 1.087880e+000  1.432070e+002  3.899450e+000
 1.090510e+000  1.438280e+002  3.910990e+000
 1.093140e+000  1.401970e+002  3.846900e+000
 1.095770e+000  1.441010e+002  3.877890e+000
 1.098400e+000  1.460210e+002  3.859260e+000
 1.101030e+000  1.382070e+002  3.841860e+000
 1.103670e+000  1.372170e+002  3.839990e+000
 1.106300e+000  1.442530e+002  3.810590e+000
 1.108930e+000  1.439250e+002  3.882740e+000
 1.111560e+000  1.388870e+002  3.814780e+000
 1.114190e+000  1.449690e+002  3.839780e+000
 1.116820e+000  1.406420e+002  3.799670e+000
 1.119450e+000  1.362690e+002  3.785310e+000
 1.122080e+000  1.463930e+002  3.840190e+000
 1.124710e+000  1.365750e+002  3.792490e+000
 1.127350e+000  1.360310e+002  3.798030e+000
 1.129980e+000  1.321100e+002  3.748880e+000
 1.132610e+000  1.304610e+002  3.760600e+000
 1.135240e+000  1.329210e+002  3.753460e+000
 1.137870e+000  1.290170e+002  3.716820e+000
 1.140500e+000  1.389260e+002  3.724520e+000
 1.143130e+000  1.252010e+002  3.677350e+000
 1.145760e+000  1.352080e+002  3.735540e+000
 1.148390e+000  1.340360e+002  3.727290e+000
 1.151030e+000  1.356730e+002  3.702010e+000
 1.153660e+000  1.269010e+002  3.680390e+000
 1.156290e+000  1.269620e+002  3.670990e+000
 1.158920e+000  1.275190e+002  3.693500e+000
 1.161550e+000  1.208240e+002  3.632770e+000
 1.164180e+000  1.303500e+002  3.650040e+000
 1.166810e+000  1.205130e+002  3.618430e+000
 1.169440e+000  1.279040e+002  3.653630e+000
 1.172070e+000  1.302470e+002  3.673870e+000
 1.174710e+000  1.233260e+002  3.605960e+000
 1.177340e+000  1.233500e+002  3.636100e+000
 1.179970e+000  1.323360e+002  3.661140e+000
 1.182600e+000  1.272170e+002  3.614520e+000
 1.185230e+000  1.191260e+002  3.608960e+000
 1.187860e+000  1.207880e+002  3.567900e+000
 1.190490e+000  1.210070e+002  3.602530e+000
 1.193120e+000  1.210530e+002  3.558550e+000
 1.195750e+000  1.198340e+002  3.539320e+000
 1.198390e+000  1.163030e+002  3.554890e+000
 1.201020e+000  1.255090e+002  3.553240e+000
 1.203650e+000  1.189600e+002  3.542980e+000
 1.206280e+000  1.189550e+002  3.515460e+000
 1.208910e+000  1.242450e+002  3.553380e+000
 1.211540e+000  1.131920e+002  3.504590e+000
 1.214170e+000  1.094500e+002  3.497330e+000
 1.216800e+000  1.154880e+002  3.497680e+000
 1.219430e+000  1.206820e+002  3.484380e+000
 1.222070e+000  1.193830e+002  3.527780e+000
 1.224700e+000  1.110770e+002  3.467960e+000
 1.227330e+000  1.159950e+002  3.420750e+000
 1.229960e+000  1.164540e+002  3.472390e+000
 1.232590e+000  1.148060e+002  3.438150e+000
 1.235220e+000  1.078700e+002  3.446370e+000
 1.237850e+000  1.104840e+002  3.431540e+000
 1.240480e+000  1.108970e+002  3.437350e+000
 1.243110e+000  1.065100e+002  3.408850e+000
 1.245750e+000  1.112230e+002  3.431540e+000
 1.248380e+000  1.084450e+002  3.426460e+000
 1.251010e+000  1.147430e+002  3.384050e+000
 1.253640e+000  1.118970e+002  3.420840e+000
 1.256270e+000  1.170370e+002  3.448030e+000
 1.258900e+000  1.097490e+002  3.410320e+000
 1.261530e+000  1.097530e+002  3.421510e+000
 1.264160e+000  1.114180e+002  3.381770e+000
 1.266790e+000  1.126250e+002  3.435740e+000
 1.269430e+000  1.095050e+002  3.403170e+000
 1.272060e+000  1.103560e+002  3.388670e+000
 1.274690e+000  1.096000e+002  3.389120e+000
 1.277320e+000  1.109050e+002  3.360900e+000
 1.279950e+000  1.036880e+002  3.369340e+000
 1.282580e+000  1.105240e+002  3.364910e+000
 1.285210e+000  1.060700e+002  3.357540e+000
 1.287840e+000  1.086890e+002  3.352040e+000
 1.290470e+000  1.065810e+002  3.322410e+000
 1.293110e+000  1.024230e+002  3.333600e+000
 1.295740e+000  1.015260e+002  3.280470e+000
 1.298370e+000  1.056600e+002  3.341860e+000
 1.301000e+000  9.756830e+001  3.301130e+000
 1.303630e+000  1.024850e+002  3.299340e+000
 1.306260e+000  9.450500e+001  3.249770e+000
 1.308890e+000  1.066230e+002  3.318450e+000
 1.311520e+000  9.819290e+001  3.309150e+000
 1.314150e+000  1.023550e+002  3.287040e+000
 1.316790e+000  1.039810e+002  3.287000e+000
 1.319420e+000  1.015250e+002  3.258600e+000
 1.322050e+000  9.795110e+001  3.259530e+000
 1.324680e+000  1.055090e+002  3.290440e+000
 1.327310e+000  9.895050e+001  3.261290e+000
 1.329940e+000  9.830220e+001  3.235950e+000
 1.332570e+000  9.061530e+001  3.208240e+000
 1.335200e+000  9.234120e+001  3.225010e+000
 1.337830e+000  9.538920e+001  3.229250e+000
 1.340470e+000  1.031660e+002  3.251890e+000
 1.343100e+000  9.696210e+001  3.229870e+000
 1.345730e+000  9.783690e+001  3.250870e+000
 1.348360e+000  9.683860e+001  3.185440e+000
 1.350990e+000  9.456120e+001  3.203670e+000
 1.353620e+000  9.402500e+001  3.178110e+000
 1.356250e+000  9.546740e+001  3.190610e+000
 1.358880e+000  9.180850e+001  3.175750e+000
 1.361510e+000  9.472560e+001  3.183200e+000
 1.364150e+000  9.233910e+001  3.189090e+000
 1.366780e+000  9.565660e+001  3.175020e+000
 1.369410e+000  9.215460e+001  3.159640e+000
 1.372040e+000  9.942390e+001  3.176940e+000
 1.374670e+000  9.157900e+001  3.148670e+000
 1.377300e+000  9.267150e+001  3.140710e+000
 1.379930e+000  9.002450e+001  3.125040e+000
 1.382560e+000  9.137640e+001  3.159880e+000
 1.385190e+000  8.863410e+001  3.138420e+000
 1.387830e+000  9.068490e+001  3.144320e+000
 1.390460e+000  9.088850e+001  3.133710e+000
 1.393090e+000  8.834050e+001  3.120240e+000
 1.395720e+000  9.295170e+001  3.113720e+000
 1.398350e+000  8.933710e+001  3.101630e+000
 1.400980e+000  8.696910e+001  3.102810e+000
 1.403610e+000  8.821960e+001  3.083820e+000
 1.406240e+000  8.825150e+001  3.097040e+000
 1.408870e+000  8.737070e+001  3.100540e+000
 1.411510e+000  8.541530e+001  3.098330e+000
 1.414140e+000  8.969030e+001  3.094140e+000
 1.416770e+000  8.561360e+001  3.057840e+000
 1.419400e+000  8.694510e+001  3.090330e+000
 1.422030e+000  8.567900e+001  3.081330e+000
 1.424660e+000  9.003550e+001  3.090040e+000
 1.427290e+000  8.642750e+001  3.066870e+000
 1.429920e+000  8.926140e+001  3.060840e+000
 1.432550e+000  8.492860e+001  3.073610e+000
 1.435190e+000  8.129900e+001  3.012960e+000
 1.437820e+000  8.276790e+001  3.039190e+000
 1.440450e+000  8.620120e+001  3.058130e+000
 1.443080e+000  8.236490e+001  3.009610e+000
 1.445710e+000  8.218130e+001  3.065170e+000
 1.448340e+000  8.367230e+001  3.034560e+000
 1.450970e+000  8.348010e+001  3.025560e+000
 1.453600e+000  7.911810e+001  3.009570e+000
 1.456230e+000  8.496470e+001  3.017800e+000
 1.458870e+000  7.907230e+001  3.014300e+000
 1.461500e+000  8.092560e+001  2.994330e+000
 1.464130e+000  7.728340e+001  3.012660e+000
 1.466760e+000  8.270840e+001  3.008400e+000
 1.469390e+000  8.032090e+001  2.998800e+000
 1.472020e+000  8.492140e+001  3.009140e+000
 1.474650e+000  8.106410e+001  2.969250e+000
 1.477280e+000  8.115400e+001  3.009470e+000
 1.479910e+000  8.030350e+001  2.965990e+000
 1.482550e+000  8.160570e+001  3.010550e+000
 1.485180e+000  7.698220e+001  2.948740e+000
 1.487810e+000  8.164070e+001  3.022280e+000
 1.490440e+000  8.241050e+001  3.081400e+000
 1.493070e+000  7.871740e+001  3.070570e+000
 1.495700e+000  7.993790e+001  3.084170e+000
 1.498330e+000  7.798150e+001  3.086850e+000
 1.500960e+000  8.068870e+001  3.112210e+000
 1.503590e+000  8.402550e+001  3.132970e+000
 1.506230e+000  7.780310e+001  3.124340e+000
 1.508860e+000  7.933210e+001  3.145320e+000
 1.511490e+000  7.927400e+001  3.151880e+000
 1.514120e+000  7.551050e+001  3.171940e+000
 1.516750e+000  7.405350e+001  3.149470e+000
 1.519380e+000  7.236330e+001  3.133610e+000
 1.522010e+000  7.569760e+001  3.193910e+000
 1.524640e+000  7.595200e+001  3.160170e+000
 1.527270e+000  7.630240e+001  3.201800e+000
 1.529910e+000  7.343470e+001  3.175100e+000
 1.532540e+000  7.336410e+001  3.199790e+000
 1.535170e+000  7.475130e+001  3.213880e+000
 1.537800e+000  7.071900e+001  3.157290e+000
 1.540430e+000  7.343920e+001  3.222730e+000
 1.543060e+000  7.464250e+001  3.120820e+000
 1.545690e+000  7.350530e+001  3.140680e+000
 1.548320e+000  6.962440e+001  3.135720e+000
 1.550950e+000  6.658720e+001  3.037570e+000
 1.553590e+000  6.534110e+001  3.060210e+000
 1.556220e+000  7.069150e+001  3.036210e+000
 1.558850e+000  6.835610e+001  3.072410e+000
 1.561480e+000  7.627260e+001  3.060980e+000
 1.564110e+000  7.618020e+001  3.029580e+000
 1.566740e+000  7.377820e+001  3.030930e+000
 1.569370e+000  6.582510e+001  2.989800e+000
 1.572000e+000  7.236990e+001  3.025700e+000
 1.574630e+000  7.593300e+001  2.978800e+000
 1.577270e+000  6.820080e+001  2.987550e+000
 1.579900e+000  6.807070e+001  2.999170e+000
 1.582530e+000  7.376710e+001  2.986290e+000
 1.585160e+000  7.227760e+001  2.985980e+000
 1.587790e+000  6.909740e+001  2.925010e+000
 1.590420e+000  6.772720e+001  2.961330e+000
 1.593050e+000  6.893250e+001  2.950620e+000
 1.595680e+000  6.662750e+001  2.924470e+000
 1.598310e+000  6.926470e+001  2.954250e+000
 1.600950e+000  7.193100e+001  2.924720e+000
 1.603580e+000  6.483650e+001  2.921020e+000
 1.606210e+000  6.999650e+001  2.945970e+000
 1.608840e+000  6.533210e+001  2.918830e+000
 1.611470e+000  6.929040e+001  2.932990e+000
 1.614100e+000  7.073630e+001  2.910650e+000
 1.616730e+000  6.930420e+001  2.920370e+000
 1.619360e+000  6.845130e+001  2.903980e+000
 1.621990e+000  6.832360e+001  2.912160e+000
 1.624630e+000  6.496280e+001  2.896590e+000
 1.627260e+000  7.173420e+001  2.921190e+000
 1.629890e+000  7.027800e+001  2.908960e+000
 1.632520e+000  6.631830e+001  2.882480e+000
 1.635150e+000  6.892190e+001  2.914070e+000
 1.637780e+000  6.571580e+001  2.905240e+000
 1.640410e+000  6.260020e+001  2.841950e+000
 1.643040e+000  6.492540e+001  2.879870e+000
 1.645670e+000  6.876860e+001  2.895520e+000
 1.648310e+000  6.664700e+001  2.893900e+000
 1.650940e+000  6.763010e+001  2.875890e+000
 1.653570e+000  6.841090e+001  2.873840e+000
 1.656200e+000  6.593560e+001  2.885860e+000
 1.658830e+000  6.933080e+001  2.901480e+000
 1.661460e+000  6.341770e+001  2.883730e+000
 1.664090e+000  6.771100e+001  2.871040e+000
 1.666720e+000  6.689010e+001  2.839780e+000
 1.669350e+000  6.070510e+001  2.864080e+000
 1.671990e+000  6.329870e+001  2.848500e+000
 1.674620e+000  6.470280e+001  2.860920e+000
 1.677250e+000  6.086180e+001  2.827500e+000
 1.679880e+000  6.134300e+001  2.839500e+000
 1.682510e+000  5.651470e+001  2.794810e+000
 1.685140e+000  5.859800e+001  2.822490e+000
 1.687770e+000  6.251690e+001  2.828280e+000
 1.690400e+000  5.735530e+001  2.781860e+000
 1.693030e+000  5.884430e+001  2.808510e+000
 1.695670e+000  5.868110e+001  2.791850e+000
 1.698300e+000  6.578670e+001  2.817910e+000
 1.700930e+000  6.462040e+001  2.822900e+000
 1.703560e+000  6.516840e+001  2.806410e+000
 1.706190e+000  5.781280e+001  2.818240e+000
 1.708820e+000  6.253210e+001  2.773100e+000
 1.711450e+000  5.979940e+001  2.818540e+000
 1.714080e+000  6.231150e+001  2.782380e+000
 1.716710e+000  6.150520e+001  2.795980e+000
 1.719340e+000  5.955550e+001  2.796450e+000
 1.721980e+000  5.971340e+001  2.769080e+000
 1.724610e+000  6.504810e+001  2.828390e+000
 1.727240e+000  5.528520e+001  2.766870e+000
 1.729870e+000  6.218800e+001  2.789160e+000
 1.732500e+000  5.780270e+001  2.763900e+000
 1.735130e+000  6.398350e+001  2.796260e+000
 1.737760e+000  6.139290e+001  2.792730e+000
 1.740390e+000  6.147870e+001  2.783860e+000
 1.743020e+000  6.176060e+001  2.791950e+000
 1.745660e+000  5.842010e+001  2.766170e+000
 1.748290e+000  5.802160e+001  2.745400e+000
 1.750920e+000  5.444450e+001  2.777250e+000
 1.753550e+000  5.913630e+001  2.742740e+000
 1.756180e+000  5.750450e+001  2.762720e+000
 1.758810e+000  5.778350e+001  2.772740e+000
 1.761440e+000  5.714580e+001  2.765990e+000
 1.764070e+000  5.574810e+001  2.730200e+000
 1.766700e+000  5.863570e+001  2.747270e+000
 1.769340e+000  5.353540e+001  2.741240e+000
 1.771970e+000  5.818440e+001  2.729180e+000
 1.774600e+000  5.670870e+001  2.741780e+000
 1.777230e+000  6.155170e+001  2.751700e+000
 1.779860e+000  5.899290e+001  2.717530e+000
 1.782490e+000  5.535790e+001  2.746120e+000
 1.785120e+000  5.505710e+001  2.716660e+000
 1.787750e+000  5.681870e+001  2.753590e+000
 1.790380e+000  5.289960e+001  2.712590e+000
 1.793020e+000  5.280120e+001  2.710510e+000
 1.795650e+000  5.370850e+001  2.726050e+000
 1.798280e+000  5.560560e+001  2.709490e+000
 1.800910e+000  5.727510e+001  2.763750e+000
 1.803540e+000  5.693910e+001  2.703900e+000
 1.806170e+000  5.053730e+001  2.735440e+000
 1.808800e+000  5.832760e+001  2.710480e+000
 1.811430e+000  5.065850e+001  2.684710e+000
 1.814060e+000  5.513050e+001  2.728190e+000
 1.816700e+000  5.692860e+001  2.682200e+000
 1.819330e+000  5.293230e+001  2.697100e+000
 1.821960e+000  5.924170e+001  2.710460e+000
 1.824590e+000  5.412230e+001  2.693410e+000
 1.827220e+000  5.317280e+001  2.696680e+000
 1.829850e+000  5.858050e+001  2.691300e+000
 1.832480e+000  4.940570e+001  2.714140e+000
 1.835110e+000  5.425580e+001  2.701330e+000
 1.837740e+000  5.350010e+001  2.702830e+000
 1.840380e+000  5.401030e+001  2.732830e+000
 1.843010e+000  5.045980e+001  2.670980e+000
 1.845640e+000  5.348880e+001  2.720210e+000
 1.848270e+000  4.913000e+001  2.683940e+000
 1.850900e+000  5.507550e+001  2.702640e+000
 1.853530e+000  5.017280e+001  2.699440e+000
 1.856160e+000  4.775550e+001  2.682560e+000
 1.858790e+000  5.505890e+001  2.726600e+000
 1.861420e+000  5.108160e+001  2.677510e+000
 1.864060e+000  5.147840e+001  2.712210e+000
 1.866690e+000  5.071920e+001  2.694280e+000
 1.869320e+000  5.171210e+001  2.704690e+000
 1.871950e+000  4.499500e+001  2.677470e+000
 1.874580e+000  5.000650e+001  2.679210e+000
 1.877210e+000  5.388540e+001  2.713250e+000
 1.879840e+000  5.426140e+001  2.707620e+000
 1.882470e+000  5.265660e+001  2.716130e+000
 1.885100e+000  5.664080e+001  2.721250e+000
 1.887740e+000  4.706770e+001  2.670820e+000
 1.890370e+000  5.083110e+001  2.709920e+000
 1.893000e+000  5.421770e+001  2.707090e+000
 1.895630e+000  5.137010e+001  2.694990e+000
 1.898260e+000  4.721870e+001  2.671990e+000
 1.900890e+000  4.837120e+001  2.705080e+000
 1.903520e+000  4.953620e+001  2.706570e+000
 1.906150e+000  4.924400e+001  2.687620e+000
 1.908780e+000  4.429040e+001  2.695380e+000
 1.911420e+000  5.108250e+001  2.694860e+000
 1.914050e+000  4.980710e+001  2.703990e+000
 1.916680e+000  4.909680e+001  2.698780e+000
 1.919310e+000  5.207320e+001  2.703760e+000
 1.921940e+000  5.241400e+001  2.719460e+000
 1.924570e+000  4.720160e+001  2.683720e+000
 1.927200e+000  4.744980e+001  2.678680e+000
 1.929830e+000  5.100890e+001  2.715590e+000
 1.932460e+000  5.011120e+001  2.681320e+000
 1.935100e+000  5.010270e+001  2.713170e+000
 1.937730e+000  4.994970e+001  2.717320e+000
 1.940360e+000  5.209160e+001  2.705740e+000
 1.942990e+000  4.421980e+001  2.666470e+000
 1.945620e+000  4.725320e+001  2.683120e+000
 1.948250e+000  4.874120e+001  2.701250e+000
 1.950880e+000  4.943020e+001  2.692050e+000
 1.953510e+000  4.684800e+001  2.702980e+000
 1.956140e+000  5.223400e+001  2.698920e+000
 1.958780e+000  4.632930e+001  2.686320e+000
 1.961410e+000  4.226420e+001  2.672830e+000
 1.964040e+000  4.873340e+001  2.689920e+000
 1.966670e+000  4.256740e+001  2.693740e+000
 1.969300e+000  4.949410e+001  2.686760e+000
 1.971930e+000  4.870820e+001  2.717410e+000
 1.974560e+000  4.841240e+001  2.691170e+000
 1.977190e+000  4.375760e+001  2.683800e+000
 1.979820e+000  4.209620e+001  2.681270e+000
 1.982460e+000  4.488450e+001  2.670310e+000
 1.985090e+000  4.409900e+001  2.714420e+000
 1.987720e+000  4.311660e+001  2.639130e+000
 1.990350e+000  4.171080e+001  2.664080e+000
 1.992980e+000  4.731530e+001  2.681680e+000
 1.995610e+000  4.648870e+001  2.691560e+000
 1.998240e+000  4.414850e+001  2.677830e+000
 2.000870e+000  4.705010e+001  2.691010e+000
 2.003500e+000  4.431600e+001  2.677990e+000
 2.006140e+000  4.825830e+001  2.682660e+000
 2.008770e+000  4.417650e+001  2.662300e+000
 2.011400e+000  4.777060e+001  2.686070e+000
 2.014030e+000  4.215100e+001  2.670590e+000
 2.016660e+000  4.585550e+001  2.694070e+000
 2.019290e+000  4.625200e+001  2.665850e+000
 2.021920e+000  4.657920e+001  2.679410e+000
 2.024550e+000  4.431320e+001  2.674490e+000
 2.027180e+000  4.498330e+001  2.670800e+000
 2.029820e+000  4.451810e+001  2.698330e+000
 2.032450e+000  4.426920e+001  2.657340e+000
 2.035080e+000  4.351610e+001  2.677520e+000
 2.037710e+000  4.125250e+001  2.651170e+000
 2.040340e+000  4.392630e+001  2.640580e+000
 2.042970e+000  4.445360e+001  2.652320e+000
 2.045600e+000  4.040940e+001  2.673510e+000
 2.048230e+000  4.261150e+001  2.751030e+000
 2.050860e+000  4.383130e+001  2.746800e+000
 2.053500e+000  4.379740e+001  2.756800e+000
 2.056130e+000  4.337360e+001  2.774880e+000
 2.058760e+000  3.831850e+001  2.772130e+000
 2.061390e+000  4.278840e+001  2.840430e+000
 2.064020e+000  4.309480e+001  2.798450e+000
 2.066650e+000  4.223160e+001  2.838560e+000
 2.069280e+000  4.060440e+001  2.859400e+000
 2.071910e+000  4.607950e+001  2.842710e+000
 2.074540e+000  4.065890e+001  2.882670e+000
 2.077180e+000  4.932230e+001  2.882120e+000
 2.079810e+000  3.608010e+001  2.870220e+000
 2.082440e+000  4.468600e+001  2.908650e+000
 2.085070e+000  4.136040e+001  2.897950e+000
 2.087700e+000  4.153050e+001  2.908890e+000
 2.090330e+000  4.439210e+001  2.911630e+000
 2.092960e+000  4.128290e+001  2.949090e+000
 2.095590e+000  4.388940e+001  2.946210e+000
 2.098220e+000  4.229650e+001  2.965660e+000
 2.100860e+000  4.393470e+001  2.913210e+000
 2.103490e+000  4.427090e+001  2.870260e+000
 2.106120e+000  3.675730e+001  2.843160e+000
 2.108750e+000  4.081640e+001  2.808710e+000
 2.111380e+000  4.082920e+001  2.790650e+000
 2.114010e+000  3.910350e+001  2.809620e+000
 2.116640e+000  4.077390e+001  2.786930e+000
 2.119270e+000  4.102620e+001  2.791690e+000
 2.121900e+000  4.163010e+001  2.796870e+000
 2.124540e+000  3.939170e+001  2.781210e+000
 2.127170e+000  4.395680e+001  2.798510e+000
 2.129800e+000  4.216960e+001  2.762060e+000
 2.132430e+000  3.491190e+001  2.768150e+000
 2.135060e+000  4.465330e+001  2.770610e+000
 2.137690e+000  4.064470e+001  2.761940e+000
 2.140320e+000  4.740870e+001  2.801800e+000
 2.142950e+000  3.801650e+001  2.748070e+000
 2.145580e+000  3.657140e+001  2.754520e+000
 2.148220e+000  4.572630e+001  2.789070e+000
 2.150850e+000  3.738820e+001  2.757930e+000
 2.153480e+000  3.976920e+001  2.769730e+000
 2.156110e+000  3.929430e+001  2.759090e+000
 2.158740e+000  4.284160e+001  2.800300e+000
 2.161370e+000  4.398950e+001  2.796170e+000
 2.164000e+000  4.151210e+001  2.774500e+000
 2.166630e+000  3.924880e+001  2.785040e+000
 2.169260e+000  4.061830e+001  2.790150e+000
 2.171900e+000  3.647690e+001  2.759810e+000
 2.174530e+000  3.713170e+001  2.780300e+000
 2.177160e+000  4.061230e+001  2.784410e+000
 2.179790e+000  3.831190e+001  2.796580e+000
 2.182420e+000  3.948080e+001  2.796370e+000
 2.185050e+000  3.694560e+001  2.782940e+000
 2.187680e+000  3.897690e+001  2.771310e+000
 2.190310e+000  4.337310e+001  2.787970e+000
 2.192940e+000  3.881990e+001  2.786580e+000
 2.195580e+000  3.738760e+001  2.761600e+000
 2.198210e+000  4.279500e+001  2.770940e+000
 2.200840e+000  4.028210e+001  2.804820e+000
 2.203470e+000  3.598280e+001  2.763010e+000
 2.206100e+000  3.447080e+001  2.743420e+000
 2.208730e+000  4.192580e+001  2.776490e+000
 2.211360e+000  3.686930e+001  2.790520e+000
 2.213990e+000  3.952600e+001  2.802550e+000
 2.216620e+000  3.789490e+001  2.757320e+000
 2.219260e+000  3.881560e+001  2.799220e+000
 2.221890e+000  4.178950e+001  2.761370e+000
 2.224520e+000  3.587920e+001  2.755190e+000
 2.227150e+000  3.964680e+001  2.781230e+000
 2.229780e+000  3.966110e+001  2.767340e+000
 2.232410e+000  4.126270e+001  2.808560e+000
 2.235040e+000  4.102210e+001  2.769810e+000
 2.237670e+000  4.399030e+001  2.794530e+000
 2.240300e+000  4.393820e+001  2.814590e+000
 2.242940e+000  3.760070e+001  2.764550e+000
 2.245570e+000  3.867950e+001  2.825130e+000
 2.248200e+000  4.075260e+001  2.788520e+000
 2.250830e+000  3.944440e+001  2.787750e+000
 2.253460e+000  3.611270e+001  2.781090e+000
 2.256090e+000  3.579130e+001  2.777440e+000
 2.258720e+000  3.758770e+001  2.820060e+000
 2.261350e+000  3.747450e+001  2.761240e+000
 2.263980e+000  3.643950e+001  2.804000e+000
 2.266620e+000  3.599340e+001  2.774060e+000
 2.269250e+000  3.691090e+001  2.810520e+000
 2.271880e+000  3.808210e+001  2.815570e+000
 2.274510e+000  4.280290e+001  2.799880e+000
 2.277140e+000  3.985250e+001  2.824350e+000
 2.279770e+000  3.661790e+001  2.766510e+000
 2.282400e+000  4.024550e+001  2.796690e+000
 2.285030e+000  3.638740e+001  2.761980e+000
 2.287660e+000  4.421550e+001  2.782300e+000
 2.290300e+000  3.622990e+001  2.804750e+000
 2.292930e+000  3.348760e+001  2.762580e+000
 2.295560e+000  3.684550e+001  2.758300e+000
 2.298190e+000  3.646570e+001  2.787220e+000
 2.300820e+000  3.874300e+001  2.781750e+000
 2.303450e+000  3.834670e+001  2.801030e+000
 2.306080e+000  3.646870e+001  2.764500e+000
 2.308710e+000  4.306710e+001  2.804050e+000
 2.311340e+000  3.315540e+001  2.776770e+000
 2.313980e+000  3.254490e+001  2.762070e+000
 2.316610e+000  3.930150e+001  2.772430e+000
 2.319240e+000  3.661740e+001  2.770590e+000
 2.321870e+000  3.362670e+001  2.783550e+000
 2.324500e+000  3.577780e+001  2.778470e+000
 2.327130e+000  3.330070e+001  2.761040e+000
 2.329760e+000  3.563370e+001  2.782530e+000
 2.332390e+000  3.547670e+001  2.763680e+000
 2.335020e+000  4.525580e+001  2.820950e+000
 2.337660e+000  3.618390e+001  2.763520e+000
 2.340290e+000  3.258240e+001  2.791780e+000
 2.342920e+000  3.978600e+001  2.788620e+000
 2.345550e+000  3.883230e+001  2.778200e+000
 2.348180e+000  3.401350e+001  2.787790e+000
 2.350810e+000  3.323180e+001  2.776000e+000
 2.353440e+000  3.549520e+001  2.788490e+000
 2.356070e+000  3.581300e+001  2.769140e+000
 2.358700e+000  3.303300e+001  2.787410e+000
 2.361340e+000  3.410550e+001  2.764390e+000
 2.363970e+000  3.736540e+001  2.748040e+000
 2.366600e+000  3.331900e+001  2.790370e+000
 2.369230e+000  3.489740e+001  2.729120e+000
 2.371860e+000  3.157730e+001  2.752680e+000
 2.374490e+000  3.244740e+001  2.754740e+000
 2.377120e+000  3.399780e+001  2.761820e+000
 2.379750e+000  3.449630e+001  2.779230e+000
 2.382380e+000  3.571220e+001  2.728670e+000
 2.385020e+000  3.499250e+001  2.764490e+000
 2.387650e+000  3.270770e+001  2.742840e+000
 2.390280e+000  3.482710e+001  2.773790e+000
 2.392910e+000  3.033330e+001  2.760990e+000
 2.395540e+000  3.555390e+001  2.771720e+000
 2.398170e+000  3.956570e+001  2.797500e+000
 2.400800e+000  3.351530e+001  2.733940e+000
 2.403430e+000  3.503200e+001  2.777690e+000
 2.406060e+000  3.384430e+001  2.768520e+000
 2.408700e+000  3.321840e+001  2.743640e+000
 2.411330e+000  3.312010e+001  2.768390e+000
 2.413960e+000  3.926270e+001  2.755520e+000
 2.416590e+000  3.159760e+001  2.757940e+000
 2.419220e+000  3.557820e+001  2.743490e+000
 2.421850e+000  3.585190e+001  2.776250e+000
 2.424480e+000  3.532830e+001  2.765300e+000
 2.427110e+000  3.065310e+001  2.752790e+000
 2.429740e+000  3.093160e+001  2.740010e+000
 2.432380e+000  3.444480e+001  2.725470e+000
 2.435010e+000  3.110510e+001  2.797920e+000
 2.437640e+000  3.108260e+001  2.748350e+000
 2.440270e+000  4.004890e+001  2.754010e+000
 2.442900e+000  3.496120e+001  2.786740e+000
 2.445530e+000  2.946660e+001  2.742940e+000
 2.448160e+000  3.182950e+001  2.766580e+000
 2.450790e+000  3.627270e+001  2.763580e+000
 2.453420e+000  2.943320e+001  2.748570e+000
 2.456060e+000  3.407410e+001  2.765710e+000
 2.458690e+000  2.966170e+001  2.726110e+000
 2.461320e+000  3.589810e+001  2.787390e+000
 2.463950e+000  3.316120e+001  2.740930e+000
 2.466580e+000  3.489070e+001  2.760870e+000
 2.469210e+000  3.405070e+001  2.757720e+000
 2.471840e+000  3.294640e+001  2.765090e+000
 2.474470e+000  3.458200e+001  2.809550e+000
 2.477100e+000  2.837050e+001  2.738770e+000
 2.479730e+000  3.051790e+001  2.770780e+000
 2.482370e+000  3.342860e+001  2.788040e+000
 2.485000e+000  3.074460e+001  2.762580e+000
 2.487630e+000  3.211910e+001  2.770480e+000
 2.490260e+000  3.440470e+001  2.748750e+000
 2.492890e+000  3.042190e+001  2.784120e+000
 2.495520e+000  3.644590e+001  2.779010e+000
 2.498150e+000  3.174910e+001  2.749830e+000
 2.500780e+000  3.296150e+001  2.774240e+000
 2.503410e+000  2.562270e+001  2.740050e+000
 2.506050e+000  2.888470e+001  2.805110e+000
 2.508680e+000  3.321730e+001  2.762480e+000
 2.511310e+000  3.462010e+001  2.790090e+000
 2.513940e+000  3.078290e+001  2.756600e+000
 2.516570e+000  2.874400e+001  2.738680e+000
 2.519200e+000  3.415270e+001  2.800360e+000
 2.521830e+000  3.118330e+001  2.742170e+000
 2.524460e+000  3.166700e+001  2.788720e+000
 2.527090e+000  3.179260e+001  2.748720e+000
 2.529730e+000  3.428180e+001  2.777600e+000
 2.532360e+000  2.836910e+001  2.771610e+000
 2.534990e+000  3.231480e+001  2.749420e+000
 2.537620e+000  3.130580e+001  2.779600e+000
 2.540250e+000  2.950800e+001  2.764420e+000
 2.542880e+000  3.144330e+001  2.768290e+000
 2.545510e+000  2.943860e+001  2.772670e+000
 2.548140e+000  3.000890e+001  2.778040e+000
 2.550770e+000  3.072860e+001  2.795010e+000
 2.553410e+000  3.166920e+001  2.734450e+000
 2.556040e+000  3.176200e+001  2.749790e+000
 2.558670e+000  2.655940e+001  2.759680e+000
 2.561300e+000  3.059460e+001  2.770940e+000
 2.563930e+000  3.075650e+001  2.770500e+000
 2.566560e+000  2.841970e+001  2.731870e+000
 2.569190e+000  2.891470e+001  2.764700e+000
 2.571820e+000  3.010630e+001  2.743080e+000
 2.574450e+000  2.942340e+001  2.729320e+000
 2.577090e+000  2.998780e+001  2.730180e+000
 2.579720e+000  2.980660e+001  2.731320e+000
 2.582350e+000  2.888330e+001  2.756310e+000
 2.584980e+000  2.485530e+001  2.729860e+000
 2.587610e+000  3.452560e+001  2.758890e+000
 2.590240e+000  2.894870e+001  2.736260e+000
 2.592870e+000  3.049070e+001  2.737950e+000
 2.595500e+000  3.325980e+001  2.799510e+000
 2.598130e+000  3.144120e+001  2.744680e+000
 2.600770e+000  3.759840e+001  2.773240e+000
 2.603400e+000  3.091600e+001  2.790100e+000
 2.606030e+000  2.969740e+001  2.858450e+000
 2.608660e+000  3.107780e+001  2.867000e+000
 2.611290e+000  2.776260e+001  2.896920e+000
 2.613920e+000  2.774730e+001  2.924130e+000
 2.616550e+000  3.087290e+001  2.972020e+000
 2.619180e+000  2.982040e+001  2.978170e+000
 2.621810e+000  3.499500e+001  3.004100e+000
 2.624450e+000  3.154580e+001  2.988800e+000
 2.627080e+000  2.588640e+001  3.024250e+000
 2.629710e+000  3.622630e+001  3.055320e+000
 2.632340e+000  2.821520e+001  3.069600e+000
 2.634970e+000  3.116370e+001  3.059080e+000
 2.637600e+000  2.842970e+001  3.084550e+000
 2.640230e+000  2.829640e+001  3.123140e+000
 2.642860e+000  3.101300e+001  3.112320e+000
 2.645490e+000  2.744060e+001  3.142530e+000
 2.648130e+000  3.128150e+001  3.144610e+000
 2.650760e+000  3.072880e+001  3.173560e+000
 2.653390e+000  2.470100e+001  3.149170e+000
 2.656020e+000  3.419150e+001  3.176180e+000
 2.658650e+000  3.217530e+001  3.139870e+000
 2.661280e+000  3.148680e+001  3.092950e+000
 2.663910e+000  2.454900e+001  3.054440e+000
 2.666540e+000  2.803480e+001  3.022570e+000
 2.669170e+000  2.937680e+001  2.998090e+000
 2.671810e+000  3.614180e+001  3.007550e+000
 2.674440e+000  2.978060e+001  2.964610e+000
 2.677070e+000  3.027700e+001  2.957530e+000
 2.679700e+000  2.502680e+001  2.925040e+000
 2.682330e+000  2.304730e+001  2.954210e+000
 2.684960e+000  2.742630e+001  2.955980e+000
 2.687590e+000  2.906570e+001  2.927660e+000
 2.690220e+000  3.137380e+001  2.966750e+000
 2.692850e+000  3.068450e+001  2.925020e+000
 2.695490e+000  3.264870e+001  2.952680e+000
 2.698120e+000  2.545180e+001  2.908430e+000
 2.700750e+000  3.156950e+001  2.928860e+000
 2.703380e+000  2.772710e+001  2.907540e+000
 2.706010e+000  2.845790e+001  2.912800e+000
 2.708640e+000  2.972530e+001  2.924570e+000
 2.711270e+000  2.997790e+001  2.920630e+000
 2.713900e+000  2.856120e+001  2.925020e+000
 2.716530e+000  2.716430e+001  2.906120e+000
 2.719170e+000  2.589520e+001  2.872190e+000
 2.721800e+000  2.659920e+001  2.909680e+000
 2.724430e+000  2.621510e+001  2.867450e+000
 2.727060e+000  3.025290e+001  2.922600e+000
 2.729690e+000  2.840760e+001  2.895260e+000
 2.732320e+000  2.843250e+001  2.892250e+000
 2.734950e+000  3.032030e+001  2.895980e+000
 2.737580e+000  2.897100e+001  2.868990e+000
 2.740210e+000  2.596710e+001  2.884360e+000
 2.742850e+000  2.977210e+001  2.865300e+000
 2.745480e+000  2.745790e+001  2.856700e+000
 2.748110e+000  2.318660e+001  2.884810e+000
 2.750740e+000  3.109120e+001  2.838410e+000
 2.753370e+000  2.911660e+001  2.883020e+000
 2.756000e+000  3.125230e+001  2.840760e+000
 2.758630e+000  2.553720e+001  2.834990e+000
 2.761260e+000  1.950750e+001  2.845260e+000
 2.763890e+000  2.946630e+001  2.850840e+000
 2.766530e+000  2.943620e+001  2.837400e+000
 2.769160e+000  2.403700e+001  2.826830e+000
 2.771790e+000  2.743380e+001  2.847620e+000
 2.774420e+000  2.735820e+001  2.850640e+000
 2.777050e+000  3.251960e+001  2.855160e+000
 2.779680e+000  3.144420e+001  2.859620e+000
 2.782310e+000  3.321580e+001  2.848660e+000
 2.784940e+000  2.525490e+001  2.851980e+000
 2.787570e+000  2.735180e+001  2.816240e+000
 2.790210e+000  2.854780e+001  2.851260e+000
 2.792840e+000  2.326960e+001  2.839360e+000
 2.795470e+000  3.092220e+001  2.857850e+000
 2.798100e+000  2.480200e+001  2.829460e+000
 2.800730e+000  2.607880e+001  2.820850e+000
 2.803360e+000  2.233770e+001  2.836400e+000
 2.805990e+000  3.039690e+001  2.841210e+000
 2.808620e+000  3.240570e+001  2.854150e+000
 2.811250e+000  2.170390e+001  2.801940e+000
 2.813890e+000  2.518530e+001  2.807210e+000
 2.816520e+000  2.830070e+001  2.837440e+000
 2.819150e+000  2.711410e+001  2.816970e+000
 2.821780e+000  2.316790e+001  2.811330e+000
 2.824410e+000  2.583650e+001  2.831440e+000
 2.827040e+000  3.274310e+001  2.836870e+000
 2.829670e+000  2.238220e+001  2.815010e+000
 2.832300e+000  2.445160e+001  2.814490e+000
 2.834930e+000  2.658430e+001  2.828680e+000
 2.837570e+000  2.059230e+001  2.782670e+000
 2.840200e+000  2.547810e+001  2.847170e+000
 2.842830e+000  2.619630e+001  2.825600e+000
 2.845460e+000  2.169350e+001  2.789870e+000
 2.848090e+000  2.844850e+001  2.843680e+000
 2.850720e+000  2.668230e+001  2.797360e+000
 2.853350e+000  2.973190e+001  2.833630e+000
 2.855980e+000  2.849380e+001  2.820700e+000
 2.858610e+000  2.413660e+001  2.819400e+000
 2.861250e+000  2.477690e+001  2.838640e+000
 2.863880e+000  1.965750e+001  2.803900e+000
 2.866510e+000  2.458620e+001  2.833180e+000
 2.869140e+000  2.239560e+001  2.790020e+000
 2.871770e+000  2.704400e+001  2.853970e+000
 2.874400e+000  2.550910e+001  2.834470e+000
 2.877030e+000  2.750870e+001  2.809850e+000
 2.879660e+000  2.709240e+001  2.835790e+000
 2.882290e+000  2.273520e+001  2.813020e+000
 2.884930e+000  2.100570e+001  2.789750e+000
 2.887560e+000  2.931730e+001  2.845800e+000
 2.890190e+000  2.766330e+001  2.808750e+000
 2.892820e+000  2.649050e+001  2.825840e+000
 2.895450e+000  2.620720e+001  2.817200e+000
 2.898080e+000  2.055820e+001  2.804400e+000
 2.900710e+000  3.207500e+001  2.829680e+000
 2.903340e+000  2.452960e+001  2.799720e+000
 2.905970e+000  2.566020e+001  2.834710e+000
 2.908610e+000  2.498910e+001  2.816780e+000
 2.911240e+000  2.599440e+001  2.802770e+000
 2.913870e+000  2.094890e+001  2.807800e+000
 2.916500e+000  2.190770e+001  2.812620e+000
 2.919130e+000  2.121300e+001  2.809300e+000
 2.921760e+000  2.272970e+001  2.791430e+000
 2.924390e+000  2.707010e+001  2.813560e+000
 2.927020e+000  2.484380e+001  2.809380e+000
 2.929650e+000  2.374290e+001  2.770480e+000
 2.932290e+000  3.248490e+001  2.821810e+000
 2.934920e+000  2.622510e+001  2.809310e+000
 2.937550e+000  2.968620e+001  2.802540e+000
 2.940180e+000  3.218870e+001  2.832750e+000
 2.942810e+000  2.352760e+001  2.794250e+000
 2.945440e+000  2.165320e+001  2.769740e+000
 2.948070e+000  2.380080e+001  2.777440e+000
 2.950700e+000  2.087610e+001  2.764020e+000
 2.953330e+000  2.454230e+001  2.793690e+000
 2.955970e+000  2.466520e+001  2.772040e+000
 2.958600e+000  2.280020e+001  2.791100e+000
 2.961230e+000  2.661240e+001  2.785570e+000
 2.963860e+000  2.641350e+001  2.793030e+000
 2.966490e+000  2.379670e+001  2.775810e+000
 2.969120e+000  2.771490e+001  2.788740e+000
 2.971750e+000  2.450960e+001  2.771550e+000
 2.974380e+000  2.838540e+001  2.828700e+000
 2.977010e+000  1.811170e+001  2.757530e+000
 2.979650e+000  2.628680e+001  2.802040e+000
 2.982280e+000  2.498730e+001  2.785230e+000
 2.984910e+000  2.087250e+001  2.782250e+000
 2.987540e+000  2.517800e+001  2.805240e+000
 2.990170e+000  2.133190e+001  2.768660e+000
 2.992800e+000  2.132000e+001  2.764520e+000
 2.995430e+000  2.359400e+001  2.803860e+000
 2.998060e+000  2.612250e+001  2.802510e+000
 3.000690e+000  2.387490e+001  2.780110e+000
 3.003330e+000  2.183810e+001  2.757440e+000
 3.005960e+000  1.687660e+001  2.774850e+000
 3.008590e+000  2.265580e+001  2.767070e+000
 3.011220e+000  1.803370e+001  2.740770e+000
 3.013850e+000  1.988630e+001  2.760680e+000
 3.016480e+000  2.265820e+001  2.771310e+000
 3.019110e+000  2.088310e+001  2.779220e+000
 3.021740e+000  2.457790e+001  2.769140e+000
 3.024370e+000  2.759180e+001  2.771390e+000
 3.027010e+000  2.020540e+001  2.757840e+000
 3.029640e+000  3.002740e+001  2.804050e+000
 3.032270e+000  1.908980e+001  2.761630e+000
 3.034900e+000  1.859430e+001  2.768790e+000
 3.037530e+000  2.655320e+001  2.775620e+000
 3.040160e+000  2.382490e+001  2.776580e+000
 3.042790e+000  2.419560e+001  2.774020e+000
 3.045420e+000  2.054930e+001  2.739050e+000
 3.048050e+000  2.095140e+001  2.774830e+000
 3.050690e+000  2.451210e+001  2.779760e+000
 3.053320e+000  2.197050e+001  2.780670e+000
 3.055950e+000  1.905090e+001  2.762710e+000
 3.058580e+000  2.020010e+001  2.763240e+000
 3.061210e+000  2.180700e+001  2.769720e+000
 3.063840e+000  2.673720e+001  2.772340e+000
 3.066470e+000  2.599000e+001  2.794330e+000
 3.069100e+000  2.221500e+001  2.770300e+000
 3.071730e+000  2.033750e+001  2.775670e+000
 3.074370e+000  2.412330e+001  2.765460e+000
 3.077000e+000  1.946150e+001  2.735190e+000
 3.079630e+000  1.934170e+001  2.741860e+000
 3.082260e+000  2.947170e+001  2.804960e+000
 3.084890e+000  2.782180e+001  2.783800e+000
 3.087520e+000  1.882880e+001  2.769460e+000
 3.090150e+000  2.809150e+001  2.786450e+000
 3.092780e+000  2.516330e+001  2.769440e+000
 3.095410e+000  2.599500e+001  2.782070e+000
 3.098050e+000  2.052310e+001  2.759860e+000
 3.100680e+000  2.359730e+001  2.761290e+000
 3.103310e+000  1.978060e+001  2.741900e+000
 3.105940e+000  2.234530e+001  2.780160e+000
 3.108570e+000  2.360780e+001  2.759650e+000
 3.111200e+000  2.356220e+001  2.761880e+000
 3.113830e+000  2.401140e+001  2.774110e+000
 3.116460e+000  2.186340e+001  2.782460e+000
 3.119090e+000  2.223490e+001  2.769820e+000
 3.121730e+000  2.147500e+001  2.760480e+000
 3.124360e+000  2.148960e+001  2.767680e+000
 3.126990e+000  1.923680e+001  2.731110e+000
 3.129620e+000  2.401190e+001  2.772540e+000
 3.132250e+000  2.362310e+001  2.766380e+000
 3.134880e+000  2.473010e+001  2.774100e+000
 3.137510e+000  2.415290e+001  2.784380e+000
 3.140140e+000  2.194500e+001  2.764140e+000
 3.142770e+000  2.353610e+001  2.763940e+000
 3.145410e+000  2.680300e+001  2.774180e+000
 3.148040e+000  2.011600e+001  2.765880e+000
 3.150670e+000  2.115500e+001  2.744190e+000
 3.153300e+000  2.224380e+001  2.773230e+000
 3.155930e+000  2.073210e+001  2.759050e+000
 3.158560e+000  2.584960e+001  2.778630e+000
 3.161190e+000  2.109060e+001  2.847200e+000
 3.163820e+000  2.078000e+001  2.866610e+000
 3.166450e+000  2.788110e+001  2.937850e+000
 3.169090e+000  2.227110e+001  2.944950e+000
 3.171720e+000  1.837990e+001  2.952980e+000
 3.174350e+000  1.661760e+001  2.954940e+000
 3.176980e+000  2.078370e+001  3.007560e+000
 3.179610e+000  2.238390e+001  3.024690e+000
 3.182240e+000  2.423850e+001  3.068810e+000
 3.184870e+000  2.251610e+001  3.099700e+000
 3.187500e+000  2.647810e+001  3.114510e+000
 3.190130e+000  2.386880e+001  3.123640e+000
 3.192770e+000  2.091870e+001  3.140930e+000
 3.195400e+000  1.835650e+001  3.159600e+000
 3.198030e+000  2.520540e+001  3.198260e+000
 3.200660e+000  2.202630e+001  3.180500e+000
 3.203290e+000  2.808280e+001  3.187730e+000
 3.205920e+000  1.825080e+001  3.159950e+000
 3.208550e+000  2.661390e+001  3.214950e+000
 3.211180e+000  2.021540e+001  3.212530e+000
 3.213810e+000  2.408360e+001  3.244070e+000
 3.216450e+000  2.809040e+001  3.236100e+000
 3.219080e+000  2.084200e+001  3.123390e+000
 3.221710e+000  2.195220e+001  3.045230e+000
 3.224340e+000  2.118740e+001  3.016060e+000
 3.226970e+000  2.496680e+001  3.077190e+000
 3.229600e+000  2.057510e+001  3.020350e+000
 3.232230e+000  2.235250e+001  2.974770e+000
 3.234860e+000  1.693410e+001  2.988810e+000
 3.237490e+000  1.938190e+001  2.977570e+000
 3.240120e+000  1.621380e+001  2.954470e+000
 3.242760e+000  2.119680e+001  2.949730e+000
 3.245390e+000  2.398570e+001  2.940120e+000
 3.248020e+000  2.399870e+001  2.958450e+000
 3.250650e+000  1.600680e+001  2.923630e+000
 3.253280e+000  2.793180e+001  2.979520e+000
 3.255910e+000  2.780120e+001  2.960510e+000
 3.258540e+000  2.277260e+001  2.915950e+000
 3.261170e+000  2.483430e+001  2.935850e+000
 3.263800e+000  2.016000e+001  2.922620e+000
 3.266440e+000  2.183590e+001  2.906490e+000
 3.269070e+000  2.154380e+001  2.925890e+000
 3.271700e+000  2.153460e+001  2.927300e+000
 3.274330e+000  1.871320e+001  2.925560e+000
 3.276960e+000  1.990140e+001  2.888330e+000
 3.279590e+000  2.326890e+001  2.904980e+000
 3.282220e+000  2.594910e+001  2.937770e+000
 3.284850e+000  2.175650e+001  2.871790e+000
 3.287480e+000  1.870790e+001  2.870420e+000
 3.290120e+000  2.007340e+001  2.878220e+000
 3.292750e+000  2.250310e+001  2.883330e+000
 3.295380e+000  2.464000e+001  2.917110e+000
 3.298010e+000  1.871280e+001  2.891710e+000
 3.300640e+000  1.907490e+001  2.884460e+000
 3.303270e+000  2.172110e+001  2.881080e+000
 3.305900e+000  2.257770e+001  2.920250e+000
 3.308530e+000  2.095370e+001  2.892240e+000
 3.311160e+000  1.680710e+001  2.861380e+000
 3.313800e+000  1.895880e+001  2.884830e+000
 3.316430e+000  2.513020e+001  2.918950e+000
 3.319060e+000  2.264980e+001  2.871380e+000
 3.321690e+000  2.192270e+001  2.876840e+000
 3.324320e+000  2.025360e+001  2.880610e+000
 3.326950e+000  2.376740e+001  2.876990e+000
 3.329580e+000  2.248380e+001  2.909300e+000
 3.332210e+000  2.247590e+001  2.885760e+000
 3.334840e+000  2.328090e+001  2.867030e+000
 3.337480e+000  1.915050e+001  2.868290e+000
 3.340110e+000  2.702510e+001  2.891910e+000
 3.342740e+000  2.125990e+001  2.870880e+000
 3.345370e+000  2.432200e+001  2.868080e+000
 3.348000e+000  2.324360e+001  2.852790e+000
 3.350630e+000  2.168960e+001  2.854890e+000
 3.353260e+000  2.117740e+001  2.848510e+000
 3.355890e+000  2.150430e+001  2.831040e+000
 3.358520e+000  2.218600e+001  2.833040e+000
 3.361160e+000  2.257670e+001  2.855300e+000
 3.363790e+000  1.989820e+001  2.836530e+000
 3.366420e+000  2.054470e+001  2.836840e+000
 3.369050e+000  2.397790e+001  2.858620e+000
 3.371680e+000  1.682250e+001  2.783470e+000
 3.374310e+000  1.531780e+001  2.812940e+000
 3.376940e+000  2.473070e+001  2.860920e+000
 3.379570e+000  2.202620e+001  2.815380e+000
 3.382200e+000  2.544120e+001  2.853430e+000
 3.384840e+000  2.066990e+001  2.823590e+000
 3.387470e+000  2.310680e+001  2.856130e+000
 3.390100e+000  1.946510e+001  2.820680e+000
 3.392730e+000  1.749380e+001  2.812630e+000
 3.395360e+000  1.949310e+001  2.821250e+000
 3.397990e+000  2.279830e+001  2.820000e+000
 3.400620e+000  2.635360e+001  2.818460e+000
 3.403250e+000  2.265820e+001  2.837390e+000
 3.405880e+000  1.908600e+001  2.818860e+000
 3.408520e+000  2.152970e+001  2.847690e+000
 3.411150e+000  2.028340e+001  2.832140e+000
 3.413780e+000  2.218220e+001  2.796710e+000
 3.416410e+000  2.273750e+001  2.818590e+000
 3.419040e+000  2.249070e+001  2.799950e+000
 3.421670e+000  2.189840e+001  2.820350e+000
 3.424300e+000  1.920520e+001  2.808370e+000
 3.426930e+000  2.019210e+001  2.823860e+000
 3.429560e+000  2.581710e+001  2.832060e+000
 3.432200e+000  1.839670e+001  2.840980e+000
 3.434830e+000  2.008400e+001  2.811130e+000
 3.437460e+000  2.193310e+001  2.826550e+000
 3.440090e+000  1.940890e+001  2.794170e+000
 3.442720e+000  2.035790e+001  2.811150e+000
 3.445350e+000  2.298390e+001  2.783440e+000
 3.447980e+000  2.061900e+001  2.788010e+000
 3.450610e+000  1.943130e+001  2.823290e+000
 3.453240e+000  1.626150e+001  2.813090e+000
 3.455880e+000  2.190600e+001  2.828300e+000
 3.458510e+000  1.813890e+001  2.781460e+000
 3.461140e+000  1.952560e+001  2.820550e+000
 3.463770e+000  1.824890e+001  2.814400e+000
 3.466400e+000  1.931260e+001  2.822590e+000
 3.469030e+000  2.269980e+001  2.829440e+000
 3.471660e+000  1.913630e+001  2.782470e+000
 3.474290e+000  2.149960e+001  2.824770e+000
 3.476920e+000  2.097270e+001  2.808800e+000
 3.479560e+000  1.762610e+001  2.781530e+000
 3.482190e+000  2.209510e+001  2.844940e+000
 3.484820e+000  2.187770e+001  2.793890e+000
 3.487450e+000  1.886080e+001  2.838460e+000
 3.490080e+000  2.222350e+001  2.804460e+000
 3.492710e+000  2.273540e+001  2.799500e+000
 3.495340e+000  2.014770e+001  2.802170e+000
 3.497970e+000  2.044420e+001  2.827690e+000
 3.500600e+000  2.502410e+001  2.795300e+000
 3.503240e+000  2.144490e+001  2.787150e+000
 3.505870e+000  1.678300e+001  2.787170e+000
 3.508500e+000  2.254460e+001  2.827620e+000
 3.511130e+000  1.917420e+001  2.808240e+000
 3.513760e+000  1.840650e+001  2.782180e+000
 3.516390e+000  2.002780e+001  2.816940e+000
 3.519020e+000  1.576970e+001  2.790620e+000
 3.521650e+000  1.770760e+001  2.783180e+000
 3.524280e+000  2.110920e+001  2.824410e+000
 3.526920e+000  1.447640e+001  2.796880e+000
 3.529550e+000  2.498900e+001  2.819870e+000
 3.532180e+000  1.892280e+001  2.792840e+000
 3.534810e+000  1.833990e+001  2.802820e+000
 3.537440e+000  1.845550e+001  2.810590e+000
 3.540070e+000  1.842760e+001  2.804130e+000
 3.542700e+000  2.323040e+001  2.835470e+000
 3.545330e+000  2.367100e+001  2.803550e+000
 3.547960e+000  1.995790e+001  2.825990e+000
 3.550600e+000  2.044980e+001  2.802900e+000
 3.553230e+000  1.902420e+001  2.807610e+000
 3.555860e+000  2.270960e+001  2.814640e+000
 3.558490e+000  1.771280e+001  2.790240e+000
 3.561120e+000  1.959480e+001  2.807070e+000
 3.563750e+000  1.976950e+001  2.801450e+000
 3.566380e+000  1.712040e+001  2.801210e+000
 3.569010e+000  2.183610e+001  2.808580e+000
 3.571640e+000  2.098000e+001  2.820480e+000
 3.574280e+000  2.413390e+001  2.819350e+000
 3.576910e+000  2.080480e+001  2.830710e+000
 3.579540e+000  2.095590e+001  2.819850e+000
 3.582170e+000  2.188240e+001  2.799580e+000
 3.584800e+000  1.672150e+001  2.771040e+000
 3.587430e+000  2.306370e+001  2.835350e+000
 3.590060e+000  1.767790e+001  2.776870e+000
 3.592690e+000  1.879740e+001  2.783070e+000
 3.595320e+000  2.100110e+001  2.818940e+000
 3.597960e+000  1.844980e+001  2.777460e+000
 3.600590e+000  1.859840e+001  2.802390e+000
 3.603220e+000  2.191380e+001  2.816020e+000
 3.605850e+000  2.209560e+001  2.807180e+000
 3.608480e+000  2.258120e+001  2.826850e+000
 3.611110e+000  1.563660e+001  2.798580e+000
 3.613740e+000  1.599180e+001  2.766780e+000
 3.616370e+000  1.718660e+001  2.798890e+000
 3.619000e+000  1.972720e+001  2.817010e+000
 3.621640e+000  1.854200e+001  2.809470e+000
 3.624270e+000  2.469810e+001  2.804620e+000
 3.626900e+000  1.661760e+001  2.768500e+000
 3.629530e+000  2.257960e+001  2.819920e+000
 3.632160e+000  1.765510e+001  2.783810e+000
 3.634790e+000  1.759810e+001  2.788400e+000
 3.637420e+000  2.118860e+001  2.820720e+000
 3.640050e+000  2.110360e+001  2.791020e+000
 3.642680e+000  2.155550e+001  2.818770e+000
 3.645320e+000  1.993680e+001  2.781800e+000
 3.647950e+000  2.149340e+001  2.793630e+000
 3.650580e+000  1.323800e+001  2.736760e+000
 3.653210e+000  1.420280e+001  2.783660e+000
 3.655840e+000  1.827450e+001  2.765450e+000
 3.658470e+000  1.804260e+001  2.759880e+000
 3.661100e+000  2.053810e+001  2.798040e+000
 3.663730e+000  1.301000e+001  2.751260e+000
 3.666360e+000  1.506690e+001  2.753890e+000
 3.669000e+000  1.645850e+001  2.724010e+000
 3.671630e+000  1.584030e+001  2.765500e+000
 3.674260e+000  1.937880e+001  2.795050e+000
 3.676890e+000  2.208990e+001  2.762440e+000
 3.679520e+000  1.917780e+001  2.739810e+000
 3.682150e+000  2.472380e+001  2.776970e+000
 3.684780e+000  2.024780e+001  2.753370e+000
 3.687410e+000  1.760840e+001  2.758910e+000
 3.690040e+000  1.842590e+001  2.786080e+000
 3.692680e+000  1.797420e+001  2.725780e+000
 3.695310e+000  2.117280e+001  2.766020e+000
 3.697940e+000  1.735800e+001  2.757480e+000
 3.700570e+000  2.466980e+001  2.779760e+000
 3.703200e+000  1.570150e+001  2.741620e+000
 3.705830e+000  2.022250e+001  2.757270e+000
 3.708460e+000  2.341190e+001  2.765820e+000
 3.711090e+000  1.547820e+001  2.745770e+000
 3.713720e+000  2.433370e+001  2.775200e+000
 3.716360e+000  1.744720e+001  2.762870e+000
 3.718990e+000  1.467910e+001  2.819400e+000
 3.721620e+000  1.978270e+001  2.889490e+000
 3.724250e+000  1.890120e+001  2.916610e+000
 3.726880e+000  1.780340e+001  2.965370e+000
 3.729510e+000  1.560370e+001  3.016820e+000
 3.732140e+000  1.859650e+001  3.077450e+000
 3.734770e+000  2.028090e+001  3.061040e+000
 3.737400e+000  1.188830e+001  3.038640e+000
 3.740040e+000  2.023350e+001  3.112260e+000
 3.742670e+000  1.593340e+001  3.151910e+000
 3.745300e+000  1.920050e+001  3.219250e+000
 3.747930e+000  1.686040e+001  3.164620e+000
 3.750560e+000  2.131800e+001  3.248920e+000
 3.753190e+000  1.354460e+001  3.246220e+000
 3.755820e+000  1.520800e+001  3.231220e+000
 3.758450e+000  2.100880e+001  3.255250e+000
 3.761080e+000  1.604970e+001  3.328010e+000
 3.763720e+000  1.653070e+001  3.272430e+000
 3.766350e+000  1.413760e+001  3.310750e+000
 3.768980e+000  2.762050e+001  3.364480e+000
 3.771610e+000  1.448710e+001  3.354320e+000
 3.774240e+000  1.950680e+001  3.271410e+000
 3.776870e+000  1.516490e+001  3.205400e+000
 3.779500e+000  2.114530e+001  3.213800e+000
 3.782130e+000  1.982940e+001  3.138580e+000
 3.784760e+000  1.477340e+001  3.108900e+000
 3.787400e+000  2.127150e+001  3.149140e+000
 3.790030e+000  1.804000e+001  3.107480e+000
 3.792660e+000  1.740500e+001  3.071170e+000
 3.795290e+000  1.939840e+001  3.087350e+000
 3.797920e+000  1.458130e+001  3.053200e+000
 3.800550e+000  2.449040e+001  3.094390e+000
 3.803180e+000  1.585390e+001  3.038720e+000
 3.805810e+000  1.868730e+001  3.055090e+000
 3.808440e+000  2.156970e+001  3.056900e+000
 3.811080e+000  1.674350e+001  3.077220e+000
 3.813710e+000  1.877080e+001  3.068400e+000
 3.816340e+000  1.430700e+001  3.071160e+000
 3.818970e+000  1.972530e+001  3.066860e+000
 3.821600e+000  2.095970e+001  3.042640e+000
 3.824230e+000  1.401310e+001  2.984650e+000
 3.826860e+000  1.618710e+001  3.046800e+000
 3.829490e+000  1.935020e+001  3.068840e+000
 3.832120e+000  1.932990e+001  3.048720e+000
 3.834760e+000  2.344090e+001  3.062810e+000
 3.837390e+000  2.174100e+001  3.037140e+000
 3.840020e+000  1.674830e+001  3.060840e+000
 3.842650e+000  2.096830e+001  3.055110e+000
 3.845280e+000  1.093000e+001  3.041390e+000
 3.847910e+000  1.247170e+001  3.014470e+000
 3.850540e+000  1.631850e+001  3.053780e+000
 3.853170e+000  1.978370e+001  3.066250e+000
 3.855800e+000  1.435950e+001  3.065350e+000
 3.858440e+000  1.446730e+001  3.020950e+000
 3.861070e+000  1.274590e+001  3.035800e+000
 3.863700e+000  1.873770e+001  3.088980e+000
 3.866330e+000  1.800950e+001  3.083680e+000
 3.868960e+000  1.774280e+001  3.054520e+000
 3.871590e+000  1.735760e+001  3.054780e+000
 3.874220e+000  1.985330e+001  3.088650e+000
 3.876850e+000  1.989690e+001  3.084470e+000
 3.879480e+000  2.140680e+001  3.096130e+000
 3.882120e+000  1.754060e+001  3.094920e+000
 3.884750e+000  1.300220e+001  3.049750e+000
 3.887380e+000  1.444230e+001  3.052040e+000
 3.890010e+000  1.735520e+001  3.117190e+000
 3.892640e+000  2.191040e+001  3.104340e+000
 3.895270e+000  1.949410e+001  3.110230e+000
 3.897900e+000  1.716730e+001  3.077280e+000
 3.900530e+000  1.852330e+001  3.114490e+000
 3.903160e+000  1.822860e+001  3.071830e+000
 3.905800e+000  1.329510e+001  3.106800e+000
 3.908430e+000  1.752010e+001  3.102890e+000
 3.911060e+000  1.691740e+001  3.117010e+000
 3.913690e+000  1.449710e+001  3.070440e+000
 3.916320e+000  1.730430e+001  3.091870e+000
 3.918950e+000  2.224300e+001  3.094920e+000
 3.921580e+000  1.833710e+001  3.079410e+000
 3.924210e+000  2.327870e+001  3.087350e+000
 3.926840e+000  1.675030e+001  3.067580e+000
 3.929480e+000  1.730980e+001  3.113940e+000
 3.932110e+000  1.584450e+001  3.117530e+000
 3.934740e+000  1.345070e+001  3.068680e+000
 3.937370e+000  1.481310e+001  3.060680e+000
 3.940000e+000  1.854440e+001  3.102340e+000
 3.942630e+000  1.325100e+001  3.108920e+000
 3.945260e+000  2.245170e+001  3.127090e+000
 3.947890e+000  1.758480e+001  3.125280e+000
 3.950520e+000  2.374750e+001  3.107990e+000
 3.953160e+000  2.146750e+001  3.103870e+000
 3.955790e+000  2.366830e+001  3.145720e+000
 3.958420e+000  1.936610e+001  3.143850e+000
 3.961050e+000  1.566520e+001  3.106280e+000
 3.963680e+000  1.514790e+001  3.114710e+000
 3.966310e+000  1.745420e+001  3.143110e+000
 3.968940e+000  1.721000e+001  3.106940e+000
 3.971570e+000  1.966500e+001  3.105590e+000
 3.974200e+000  1.633330e+001  3.144580e+000
 3.976840e+000  1.537960e+001  3.128970e+000
 3.979470e+000  1.630710e+001  3.109100e+000
 3.982100e+000  1.903940e+001  3.120050e+000
 3.984730e+000  1.950310e+001  3.151740e+000
 3.987360e+000  1.782720e+001  3.142840e+000
 3.989990e+000  1.671540e+001  3.147360e+000
 3.992620e+000  1.669600e+001  3.132490e+000
 3.995250e+000  1.936010e+001  3.154140e+000
 3.997880e+000  1.844580e+001  3.154510e+000
 4.000520e+000  1.490220e+001  3.116150e+000
 4.003150e+000  1.911340e+001  3.142250e+000
 4.005780e+000  1.887140e+001  3.143410e+000
 4.008410e+000  2.259970e+001  3.151400e+000
 4.011040e+000  1.225860e+001  3.090070e+000
 4.013670e+000  1.927670e+001  3.102720e+000
 4.016300e+000  1.540640e+001  3.083760e+000
 4.018930e+000  1.339250e+001  3.092980e+000
 4.021560e+000  1.394910e+001  3.097040e+000
 4.024190e+000  1.495010e+001  3.095500e+000
 4.026830e+000  1.101710e+001  3.098040e+000
 4.029460e+000  1.656480e+001  3.141130e+000
 4.032090e+000  1.478020e+001  3.140360e+000
 4.034720e+000  1.433620e+001  3.107120e+000
 4.037350e+000  1.959770e+001  3.171430e+000
 4.039980e+000  1.925390e+001  3.180320e+000
 4.042610e+000  1.510700e+001  3.157820e+000
 4.045240e+000  1.562410e+001  3.146120e+000
 4.047870e+000  1.668750e+001  3.159340e+000
 4.050510e+000  1.634320e+001  3.142690e+000
 4.053140e+000  1.344670e+001  3.147540e+000
 4.055770e+000  1.632910e+001  3.148890e+000
 4.058400e+000  1.036720e+001  3.146260e+000
 4.061030e+000  1.418870e+001  3.190350e+000
 4.063660e+000  2.171500e+001  3.218780e+000
 4.066290e+000  1.921660e+001  3.169970e+000
 4.068920e+000  8.736360e+000  3.180960e+000
 4.071550e+000  1.502660e+001  3.199490e+000
 4.074190e+000  1.506150e+001  3.224840e+000
 4.076820e+000  1.644070e+001  3.211970e+000
 4.079450e+000  1.635070e+001  3.211950e+000
 4.082080e+000  1.431990e+001  3.234390e+000
 4.084710e+000  1.267360e+001  3.231380e+000
 4.087340e+000  1.362330e+001  3.222580e+000
 4.089970e+000  2.104440e+001  3.284380e+000
 4.092600e+000  1.883930e+001  3.238090e+000
 4.095230e+000  1.248250e+001  3.253210e+000
 4.097870e+000  1.637330e+001  3.272120e+000
 4.100500e+000  1.194900e+001  3.237750e+000
 4.103130e+000  1.659820e+001  3.269030e+000
 4.105760e+000  1.749040e+001  3.238650e+000
 4.108390e+000  1.821470e+001  3.284710e+000
 4.111020e+000  1.565130e+001  3.301510e+000
 4.113650e+000  1.183680e+001  3.250840e+000
 4.116280e+000  1.053130e+001  3.267320e+000
 4.118910e+000  1.614750e+001  3.294450e+000
 4.121550e+000  1.585100e+001  3.305940e+000
 4.124180e+000  1.246060e+001  3.293350e+000
 4.126810e+000  1.164600e+001  3.297110e+000
 4.129440e+000  1.567200e+001  3.329020e+000
 4.132070e+000  2.191370e+001  3.331470e+000
 4.134700e+000  1.086250e+001  3.295310e+000
 4.137330e+000  1.171840e+001  3.295300e+000
 4.139960e+000  1.903670e+001  3.328710e+000
 4.142590e+000  1.875370e+001  3.360160e+000
 4.145230e+000  1.254660e+001  3.328470e+000
 4.147860e+000  1.700190e+001  3.329080e+000
 4.150490e+000  1.925190e+001  3.342170e+000
 4.153120e+000  1.770560e+001  3.286960e+000
 4.155750e+000  1.273360e+001  3.336810e+000
 4.158380e+000  1.408970e+001  3.296150e+000
 4.161010e+000  1.959650e+001  3.355390e+000
 4.163640e+000  1.685160e+001  3.344800e+000
 4.166270e+000  1.636370e+001  3.295640e+000
 4.168910e+000  1.769670e+001  3.340440e+000
 4.171540e+000  1.794380e+001  3.339320e+000
 4.174170e+000  1.365020e+001  3.315220e+000
 4.176800e+000  1.670570e+001  3.343920e+000
 4.179430e+000  1.556060e+001  3.325890e+000
 4.182060e+000  1.248940e+001  3.282980e+000
 4.184690e+000  1.500300e+001  3.351570e+000
 4.187320e+000  1.781720e+001  3.367760e+000
 4.189950e+000  7.632260e+000  3.311270e+000
 4.192590e+000  1.717010e+001  3.328570e+000
 4.195220e+000  9.560700e+000  3.348530e+000
 4.197850e+000  1.662980e+001  3.339940e+000
 4.200480e+000  1.459190e+001  3.319620e+000
 4.203110e+000  1.398160e+001  3.355300e+000
 4.205740e+000  1.526330e+001  3.338840e+000
 4.208370e+000  1.885920e+001  3.338980e+000
 4.211000e+000  1.678180e+001  3.370750e+000
 4.213630e+000  1.404560e+001  3.350470e+000
 4.216270e+000  1.083000e+001  3.337500e+000
 4.218900e+000  1.840540e+001  3.398080e+000
 4.221530e+000  1.984190e+001  3.420330e+000
 4.224160e+000  1.569860e+001  3.392650e+000
 4.226790e+000  1.022570e+001  3.392880e+000
 4.229420e+000  1.755900e+001  3.458030e+000
 4.232050e+000  1.026330e+001  3.420360e+000
 4.234680e+000  1.587610e+001  3.473860e+000
 4.237310e+000  1.397810e+001  3.456430e+000
 4.239950e+000  1.496740e+001  3.470790e+000
 4.242580e+000  1.577410e+001  3.525180e+000
 4.245210e+000  1.118750e+001  3.530650e+000
 4.247840e+000  2.030220e+001  3.536040e+000
 4.250470e+000  2.048560e+001  3.547740e+000
 4.253100e+000  1.818890e+001  3.549820e+000
 4.255730e+000  1.873880e+001  3.560200e+000
 4.258360e+000  1.312680e+001  3.604350e+000
 4.260990e+000  1.600580e+001  3.604450e+000
 4.263630e+000  2.117940e+001  3.644850e+000
 4.266260e+000  1.467380e+001  3.606090e+000
 4.268890e+000  1.877250e+001  3.646700e+000
 4.271520e+000  1.658680e+001  3.639100e+000
 4.274150e+000  1.554330e+001  3.628810e+000
 4.276780e+000  2.004280e+001  3.829310e+000
 4.279410e+000  1.586690e+001  3.942800e+000
 4.282040e+000  1.865060e+001  4.190770e+000
 4.284670e+000  1.134460e+001  4.219900e+000
 4.287310e+000  1.778430e+001  4.402340e+000
 4.289940e+000  1.879890e+001  4.438770e+000
 4.292570e+000  4.951540e+000  4.451010e+000
 4.295200e+000  2.335800e+001  4.562530e+000
 4.297830e+000  1.952220e+001  4.675140e+000
 4.300460e+000  1.151590e+001  4.535700e+000
 4.303090e+000  1.751840e+001  4.552160e+000
 4.305720e+000  1.421240e+001  4.657060e+000
 4.308350e+000  9.681140e+000  4.665190e+000
 4.310990e+000  1.326500e+001  4.672860e+000
 4.313620e+000  1.652840e+001  4.747230e+000
 4.316250e+000  1.911240e+001  4.918500e+000
 4.318880e+000  1.043470e+001  4.836260e+000
 4.321510e+000  1.284440e+001  4.867570e+000
 4.324140e+000  1.738420e+000  4.859610e+000
 4.326770e+000  1.307610e+001  4.923430e+000
 4.329400e+000  1.302380e+001  4.882630e+000
 4.332030e+000  2.180490e+001  5.034370e+000
 4.334670e+000  1.678530e+001  5.081450e+000
 4.337300e+000  8.751120e+000  4.986390e+000
 4.339930e+000  9.150940e+000  5.027350e+000
 4.342560e+000  2.001730e+001  5.246000e+000
 4.345190e+000  1.457170e+001  5.169080e+000
 4.347820e+000  1.426010e+001  5.230650e+000
 4.350450e+000  1.704840e+001  5.171610e+000
 4.353080e+000  1.573430e+001  5.325560e+000
 4.355710e+000  1.349790e+001  5.301690e+000
 4.358350e+000  9.642860e+000  5.313030e+000
 4.360980e+000  7.944360e+000  5.318150e+000
 4.363610e+000  1.435950e+001  5.412670e+000
 4.366240e+000  1.521170e+001  5.562170e+000
 4.368870e+000  1.180490e+001  5.618940e+000
 4.371500e+000  9.190580e+000  5.515120e+000
 4.374130e+000  2.438960e+001  5.671510e+000
 4.376760e+000  1.474350e+001  5.611230e+000
 4.379390e+000 -4.491400e-001  5.466070e+000
 4.382030e+000  2.026980e+001  5.698290e+000
 4.384660e+000  1.079200e+001  5.655870e+000
 4.387290e+000  6.354080e+000  5.783940e+000
 4.389920e+000  1.186130e+001  5.735150e+000
 4.392550e+000  1.507880e+001  5.856590e+000
 4.395180e+000  8.700860e+000  6.038390e+000
 4.397810e+000  2.717390e+001  5.982540e+000
 4.400440e+000  1.416460e+001  5.948790e+000
 4.403070e+000  1.764340e+001  6.165600e+000
 4.405710e+000  8.273600e+000  5.799370e+000
 4.408340e+000  1.937570e+001  6.149860e+000
 4.410970e+000  1.214680e+001  6.135120e+000
 4.413600e+000  2.203220e+001  6.237880e+000
 4.416230e+000  2.061880e+001  6.271540e+000
 4.418860e+000  1.665260e+001  6.286080e+000
 4.421490e+000  2.007990e+001  6.389200e+000
 4.424120e+000  2.286320e+001  6.343030e+000
 4.426750e+000  1.657490e+001  6.326850e+000
 4.429390e+000  1.057600e+001  6.473870e+000
 4.432020e+000  7.061620e+000  6.511100e+000
 4.434650e+000  2.009310e+001  6.562550e+000
 4.437280e+000  7.045500e+000  6.517580e+000
 4.439910e+000  1.280500e+001  6.554080e+000
 4.442540e+000  1.675270e+001  6.606410e+000
 4.445170e+000  1.434020e+001  6.777840e+000
 4.447800e+000  2.542300e+001  8.813690e+000
 4.450430e+000  1.362760e+000  1.803560e+001
#parent: C:/Users/vives/AppData/Local/Temp/qt_temp.JF2596
#parent-concentration: 1.000 / 0.9683
#parent: C:/Users/vives/AppData/Local/Temp/qt_temp.Jy2596
#parent-concentration: 5.000
#creator: almerge
#creator-version: 1.1 (r4556)
