#SASDB SASDEM2
#Sample description: Merged from concentrations 2.00 and 7.50 mg/ml
#Sample: Merged from con  c= 0.000 mg/ml  Code: tmp
#Parent(s): C:/Users/vives/AppData/Local/Temp/qt_temp.Yl2596 C:/Users/vives/AppDa
 1.993590e-002 -1.333381e+004  3.964289e+003
 2.257060e-002 -8.948793e+002  1.491322e+003
 2.520520e-002  2.276625e+003  8.482519e+002
 2.783990e-002  6.111601e+002  7.060032e+002
 3.047450e-002  2.322564e+002  6.090721e+002
 3.310920e-002  3.717664e+002  4.757396e+002
 3.574380e-002  4.690843e+002  3.698591e+002
 3.837850e-002  2.637259e+002  3.089437e+002
 4.101320e-002  4.880137e+002  2.444929e+002
 4.364780e-002 -3.718274e+001  2.097505e+002
 4.628250e-002  2.526265e+002  1.774176e+002
 4.891710e-002  2.992728e+002  1.517078e+002
 5.155180e-002  1.276249e+002  1.324038e+002
 5.418640e-002  1.155557e+002  1.137448e+002
 5.682110e-002  2.094535e+002  1.057621e+002
 5.945570e-002  1.771140e+002  9.468842e+001
 6.209040e-002  2.499367e+002  8.350301e+001
 6.472500e-002  1.904499e+002  7.771226e+001
 6.735970e-002  1.666053e+002  6.987385e+001
 6.999440e-002  1.114618e+002  6.624080e+001
 7.262900e-002  1.251346e+002  6.108908e+001
 7.526370e-002  2.069444e+002  5.671681e+001
 7.789830e-002  1.653928e+002  5.501327e+001
 8.053300e-002  1.370796e+002  4.947366e+001
 8.316760e-002  1.683685e+002  4.833401e+001
 8.580230e-002  1.836218e+002  4.567681e+001
 8.843690e-002  1.787487e+002  4.328026e+001
 9.107160e-002  1.889725e+002  4.210782e+001
 9.370620e-002  1.708234e+002  3.999533e+001
 9.634090e-002  2.251135e+002  3.857928e+001
 9.897560e-002  1.466031e+002  3.688816e+001
 1.016100e-001  1.671472e+002  3.578232e+001
 1.042450e-001  1.697184e+002  3.434167e+001
 1.068800e-001  1.845671e+002  3.374408e+001
 1.095140e-001  1.529801e+002  3.347954e+001
 1.121490e-001  1.223295e+002  3.152830e+001
 1.147830e-001  1.335431e+002  3.061353e+001
 1.174180e-001  1.801373e+002  2.972502e+001
 1.200530e-001  1.508533e+002  2.946070e+001
 1.226870e-001  1.632328e+002  2.857596e+001
 1.253220e-001  1.969887e+002  2.825378e+001
 1.279570e-001  1.805851e+002  2.828382e+001
 1.305910e-001  1.733126e+002  2.742147e+001
 1.332260e-001  1.803579e+002  2.737525e+001
 1.358610e-001  1.825866e+002  2.638944e+001
 1.384950e-001  1.622353e+002  2.587187e+001
 1.411300e-001  1.610827e+002  2.530443e+001
 1.437650e-001  1.751700e+002  2.481092e+001
 1.463990e-001  1.960844e+002  2.534533e+001
 1.490340e-001  1.775451e+002  2.448819e+001
 1.516690e-001  1.912467e+002  2.440362e+001
 1.543030e-001  1.690202e+002  2.491332e+001
 1.569380e-001  1.672082e+002  2.416911e+001
 1.595730e-001  1.867671e+002  2.487697e+001
 1.622070e-001  1.491022e+002  2.409331e+001
 1.648420e-001  1.572525e+002  2.432494e+001
 1.674770e-001  1.876227e+002  2.426376e+001
 1.701110e-001  1.294170e+002  2.355668e+001
 1.727460e-001  1.414839e+002  2.357131e+001
 1.753810e-001  1.501130e+002  2.374442e+001
 1.780150e-001  1.810498e+002  1.266733e+001
 1.806500e-001  1.815173e+002  1.243052e+001
 1.832840e-001  1.648325e+002  1.233982e+001
 1.859190e-001  1.703153e+002  1.235723e+001
 1.885540e-001  1.798222e+002  1.227426e+001
 1.911880e-001  1.754514e+002  1.231189e+001
 1.938230e-001  1.749917e+002  1.217327e+001
 1.964580e-001  1.680728e+002  1.209256e+001
 1.990920e-001  1.713904e+002  1.209593e+001
 2.017270e-001  1.555931e+002  1.185087e+001
 2.043620e-001  1.710374e+002  1.178543e+001
 2.069960e-001  1.711341e+002  1.172602e+001
 2.096310e-001  1.588323e+002  1.170232e+001
 2.122660e-001  1.563814e+002  1.152578e+001
 2.149000e-001  1.733678e+002  1.180032e+001
 2.175350e-001  1.650985e+002  1.163625e+001
 2.201700e-001  1.730761e+002  1.164805e+001
 2.228040e-001  1.693057e+002  1.170389e+001
 2.254390e-001  1.712210e+002  1.150024e+001
 2.280740e-001  1.592093e+002  1.133358e+001
 2.307080e-001  1.569795e+002  1.128505e+001
 2.333430e-001  1.696416e+002  1.134787e+001
 2.359780e-001  1.614569e+002  1.135007e+001
 2.386120e-001  1.666815e+002  1.121218e+001
 2.412470e-001  1.676708e+002  1.131134e+001
 2.438820e-001  1.670396e+002  1.117632e+001
 2.465160e-001  1.560549e+002  1.109674e+001
 2.491510e-001  1.711584e+002  1.110321e+001
 2.517860e-001  1.673923e+002  1.100440e+001
 2.544200e-001  1.662730e+002  1.113076e+001
 2.570550e-001  1.622385e+002  1.075767e+001
 2.596890e-001  1.648231e+002  1.063991e+001
 2.623240e-001  1.672524e+002  1.081556e+001
 2.649590e-001  1.555504e+002  1.074434e+001
 2.675930e-001  1.564208e+002  1.067066e+001
 2.702280e-001  1.652753e+002  1.063290e+001
 2.728630e-001  1.666353e+002  1.069589e+001
 2.754970e-001  1.618875e+002  1.051983e+001
 2.781320e-001  1.572604e+002  1.047405e+001
 2.807670e-001  1.378910e+002  1.030226e+001
 2.834010e-001  1.565349e+002  1.032645e+001
 2.860360e-001  1.563030e+002  1.051025e+001
 2.886710e-001  1.488076e+002  1.030781e+001
 2.913050e-001  1.668284e+002  1.033748e+001
 2.939400e-001  1.575877e+002  1.027235e+001
 2.965750e-001  1.496356e+002  1.015401e+001
 2.992090e-001  1.469052e+002  1.015631e+001
 3.018440e-001  1.408686e+002  1.003390e+001
 3.044790e-001  1.478476e+002  1.008031e+001
 3.071130e-001  1.520413e+002  9.951954e+000
 3.097480e-001  1.446165e+002  9.924992e+000
 3.123830e-001  1.574193e+002  1.004190e+001
 3.150170e-001  1.553628e+002  9.856131e+000
 3.176520e-001  1.457404e+002  9.981824e+000
 3.202870e-001  1.451685e+002  9.981141e+000
 3.229210e-001  1.522028e+002  9.869428e+000
 3.255560e-001  1.526878e+002  9.860510e+000
 3.281900e-001  1.452189e+002  9.734471e+000
 3.308250e-001  1.393025e+002  9.723838e+000
 3.334600e-001  1.278400e+002  9.587723e+000
 3.360940e-001  1.390384e+002  9.671021e+000
 3.387290e-001  1.384362e+002  9.418882e+000
 3.413640e-001  1.469035e+002  9.406921e+000
 3.439980e-001  1.471470e+002  9.529848e+000
 3.466330e-001  1.280002e+002  9.231743e+000
 3.492680e-001  1.538700e+002  9.482814e+000
 3.519020e-001  1.365163e+002  9.448950e+000
 3.545370e-001  1.348529e+002  9.520308e+000
 3.571720e-001  1.338974e+002  9.492329e+000
 3.598060e-001  1.430181e+002  9.644678e+000
 3.624410e-001  1.395438e+002  9.788530e+000
 3.650760e-001  1.435762e+002  9.872328e+000
 3.677100e-001  1.366447e+002  1.000552e+001
 3.703450e-001  1.506764e+002  9.881400e+000
 3.729800e-001  1.495844e+002  1.000130e+001
 3.756140e-001  1.412256e+002  1.003270e+001
 3.782490e-001  1.448840e+002  5.887850e+000
 3.808840e-001  1.427950e+002  5.995940e+000
 3.835180e-001  1.396380e+002  5.896910e+000
 3.861530e-001  1.338850e+002  5.972010e+000
 3.887880e-001  1.255730e+002  5.849780e+000
 3.914220e-001  1.364100e+002  5.917060e+000
 3.940570e-001  1.360110e+002  5.994410e+000
 3.966910e-001  1.301040e+002  5.835660e+000
 3.993260e-001  1.320940e+002  5.929690e+000
 4.019610e-001  1.271770e+002  5.861110e+000
 4.045950e-001  1.242880e+002  5.884390e+000
 4.072300e-001  1.269130e+002  5.981920e+000
 4.098650e-001  1.298970e+002  5.947540e+000
 4.124990e-001  1.323790e+002  5.939040e+000
 4.151340e-001  1.262890e+002  5.729330e+000
 4.177690e-001  1.341380e+002  5.697520e+000
 4.204030e-001  1.245000e+002  5.563200e+000
 4.230380e-001  1.300420e+002  5.520960e+000
 4.256730e-001  1.293200e+002  5.496820e+000
 4.283070e-001  1.317070e+002  5.387370e+000
 4.309420e-001  1.269570e+002  5.354990e+000
 4.335770e-001  1.250380e+002  5.426000e+000
 4.362110e-001  1.202610e+002  5.263390e+000
 4.388460e-001  1.174800e+002  5.242290e+000
 4.414810e-001  1.220750e+002  5.151060e+000
 4.441150e-001  1.261420e+002  5.220860e+000
 4.467500e-001  1.208130e+002  5.178910e+000
 4.493850e-001  1.181860e+002  5.142310e+000
 4.520190e-001  1.151430e+002  5.152870e+000
 4.546540e-001  1.277320e+002  5.132650e+000
 4.572890e-001  1.229020e+002  5.139780e+000
 4.599230e-001  1.205040e+002  5.032670e+000
 4.625580e-001  1.198910e+002  5.006070e+000
 4.651930e-001  1.181680e+002  5.052200e+000
 4.678270e-001  1.169520e+002  4.928570e+000
 4.704620e-001  1.190970e+002  4.993840e+000
 4.730960e-001  1.242070e+002  5.004080e+000
 4.757310e-001  1.173170e+002  5.029130e+000
 4.783660e-001  1.125210e+002  4.930310e+000
 4.810000e-001  1.100230e+002  4.802660e+000
 4.836350e-001  1.182180e+002  4.909970e+000
 4.862700e-001  1.106140e+002  4.814830e+000
 4.889040e-001  1.201060e+002  4.899170e+000
 4.915390e-001  1.186090e+002  4.858830e+000
 4.941740e-001  1.169300e+002  4.842950e+000
 4.968080e-001  1.206890e+002  4.878130e+000
 4.994430e-001  1.111670e+002  4.767690e+000
 5.020780e-001  1.105850e+002  4.739580e+000
 5.047120e-001  1.053470e+002  4.623140e+000
 5.073470e-001  1.091140e+002  4.698480e+000
 5.099820e-001  1.070390e+002  4.687020e+000
 5.126160e-001  1.059120e+002  4.646040e+000
 5.152510e-001  1.163730e+002  4.710050e+000
 5.178860e-001  1.131880e+002  4.656120e+000
 5.205200e-001  1.137510e+002  4.661100e+000
 5.231550e-001  1.140930e+002  4.644540e+000
 5.257900e-001  1.099960e+002  4.570140e+000
 5.284240e-001  1.094460e+002  4.645180e+000
 5.310590e-001  1.076860e+002  4.696350e+000
 5.336940e-001  1.032070e+002  4.720740e+000
 5.363280e-001  1.064180e+002  4.734080e+000
 5.389630e-001  9.982500e+001  4.680900e+000
 5.415970e-001  1.091480e+002  4.786440e+000
 5.442320e-001  1.052580e+002  4.843270e+000
 5.468670e-001  1.068500e+002  4.765650e+000
 5.495010e-001  9.959540e+001  4.726950e+000
 5.521360e-001  9.974950e+001  4.701460e+000
 5.547710e-001  1.039850e+002  4.702410e+000
 5.574050e-001  1.073440e+002  4.728750e+000
 5.600400e-001  1.071030e+002  4.658160e+000
 5.626750e-001  1.085060e+002  4.622040e+000
 5.653090e-001  1.002220e+002  4.537890e+000
 5.679440e-001  9.840090e+001  4.456570e+000
 5.705790e-001  9.805480e+001  4.408740e+000
 5.732130e-001  1.005730e+002  4.398900e+000
 5.758480e-001  1.033560e+002  4.447920e+000
 5.784830e-001  9.571070e+001  4.344130e+000
 5.811170e-001  9.457610e+001  4.272150e+000
 5.837520e-001  9.015390e+001  4.245060e+000
 5.863870e-001  9.693040e+001  4.367470e+000
 5.890210e-001  9.670250e+001  4.325020e+000
 5.916560e-001  9.492310e+001  4.252340e+000
 5.942910e-001  9.716450e+001  4.254580e+000
 5.969250e-001  1.015850e+002  4.366090e+000
 5.995600e-001  9.564140e+001  4.242540e+000
 6.021950e-001  9.806690e+001  4.213570e+000
 6.048290e-001  9.240780e+001  4.178180e+000
 6.074640e-001  9.211540e+001  4.159800e+000
 6.100980e-001  9.228570e+001  4.225270e+000
 6.127330e-001  8.968400e+001  4.149950e+000
 6.153680e-001  9.446210e+001  4.154000e+000
 6.180020e-001  9.070350e+001  4.136870e+000
 6.206370e-001  9.262720e+001  4.117380e+000
 6.232720e-001  9.610610e+001  4.186880e+000
 6.259060e-001  9.133900e+001  4.058470e+000
 6.285410e-001  8.928600e+001  4.070640e+000
 6.311760e-001  8.915410e+001  4.068550e+000
 6.338100e-001  8.881430e+001  4.071230e+000
 6.364450e-001  9.152420e+001  4.091720e+000
 6.390800e-001  9.089530e+001  4.019150e+000
 6.417140e-001  8.765500e+001  3.999490e+000
 6.443490e-001  8.823600e+001  3.946830e+000
 6.469840e-001  8.651840e+001  3.965640e+000
 6.496180e-001  8.598600e+001  3.967580e+000
 6.522530e-001  8.296880e+001  3.884270e+000
 6.548880e-001  8.944950e+001  3.922450e+000
 6.575220e-001  9.077690e+001  3.876340e+000
 6.601570e-001  8.661060e+001  3.911720e+000
 6.627920e-001  9.189800e+001  3.940260e+000
 6.654260e-001  8.569230e+001  3.867660e+000
 6.680610e-001  8.528460e+001  3.918410e+000
 6.706960e-001  7.982510e+001  3.807750e+000
 6.733300e-001  8.272180e+001  3.873480e+000
 6.759650e-001  7.970110e+001  3.809990e+000
 6.786000e-001  7.555410e+001  3.799800e+000
 6.812340e-001  8.278770e+001  3.865570e+000
 6.838690e-001  7.946180e+001  3.796490e+000
 6.865030e-001  8.146620e+001  3.858650e+000
 6.891380e-001  8.297960e+001  3.812170e+000
 6.917730e-001  7.992620e+001  3.806450e+000
 6.944070e-001  7.738610e+001  3.750110e+000
 6.970420e-001  8.230900e+001  3.767560e+000
 6.996770e-001  8.157870e+001  3.814290e+000
 7.023110e-001  7.867100e+001  3.762300e+000
 7.049460e-001  8.223360e+001  3.778920e+000
 7.075810e-001  8.213210e+001  3.764360e+000
 7.102150e-001  7.318700e+001  3.683320e+000
 7.128500e-001  7.385960e+001  3.724170e+000
 7.154850e-001  7.729390e+001  3.685080e+000
 7.181190e-001  7.987130e+001  3.727130e+000
 7.207540e-001  7.508830e+001  3.666360e+000
 7.233890e-001  7.586890e+001  3.670160e+000
 7.260230e-001  6.892720e+001  3.635310e+000
 7.286580e-001  7.488010e+001  3.625030e+000
 7.312930e-001  7.729400e+001  3.659210e+000
 7.339270e-001  7.338830e+001  3.618410e+000
 7.365620e-001  8.054860e+001  3.682730e+000
 7.391970e-001  7.695180e+001  3.654230e+000
 7.418310e-001  7.881330e+001  3.681660e+000
 7.444660e-001  7.207470e+001  3.597810e+000
 7.471010e-001  7.109240e+001  3.567500e+000
 7.497350e-001  7.345350e+001  3.589210e+000
 7.523700e-001  7.466210e+001  3.593450e+000
 7.550040e-001  6.916160e+001  3.591910e+000
 7.576390e-001  7.234480e+001  3.658720e+000
 7.602740e-001  6.959040e+001  3.646470e+000
 7.629080e-001  6.982120e+001  3.752660e+000
 7.655430e-001  7.206900e+001  3.773190e+000
 7.681780e-001  7.071410e+001  3.783180e+000
 7.708120e-001  7.121220e+001  3.758320e+000
 7.734470e-001  6.812230e+001  3.762800e+000
 7.760820e-001  6.891120e+001  3.740010e+000
 7.787160e-001  6.373430e+001  3.699880e+000
 7.813510e-001  7.055840e+001  3.787760e+000
 7.839860e-001  6.406330e+001  3.698820e+000
 7.866200e-001  6.244320e+001  3.606910e+000
 7.892550e-001  7.093920e+001  3.613720e+000
 7.918900e-001  7.036380e+001  3.548670e+000
 7.945240e-001  6.580260e+001  3.538300e+000
 7.971590e-001  6.993870e+001  3.503260e+000
 7.997940e-001  6.512910e+001  3.517620e+000
 8.024280e-001  6.305320e+001  3.467230e+000
 8.050630e-001  6.168960e+001  3.443500e+000
 8.076980e-001  6.634400e+001  3.458640e+000
 8.103320e-001  6.580200e+001  3.450380e+000
 8.129670e-001  6.733400e+001  3.434270e+000
 8.156020e-001  6.549730e+001  3.401840e+000
 8.182360e-001  6.452760e+001  3.403070e+000
 8.208710e-001  6.339600e+001  3.398480e+000
 8.235050e-001  6.602050e+001  3.402890e+000
 8.261400e-001  6.126520e+001  3.368760e+000
 8.287750e-001  6.881950e+001  3.395940e+000
 8.314090e-001  5.699480e+001  3.338790e+000
 8.340440e-001  6.311260e+001  3.358480e+000
 8.366790e-001  6.235950e+001  3.342840e+000
 8.393130e-001  6.262400e+001  3.338370e+000
 8.419480e-001  6.063980e+001  3.293260e+000
 8.445830e-001  6.260970e+001  3.329850e+000
 8.472170e-001  6.654910e+001  3.347120e+000
 8.498520e-001  6.376780e+001  3.307070e+000
 8.524870e-001  5.828530e+001  3.288320e+000
 8.551210e-001  6.574320e+001  3.306780e+000
 8.577560e-001  6.000150e+001  3.239750e+000
 8.603910e-001  5.979940e+001  3.221550e+000
 8.630250e-001  5.381250e+001  3.178150e+000
 8.656600e-001  6.434850e+001  3.254530e+000
 8.682950e-001  5.596580e+001  3.177400e+000
 8.709290e-001  5.507240e+001  3.197300e+000
 8.735640e-001  6.138900e+001  3.200690e+000
 8.761990e-001  6.009090e+001  3.225440e+000
 8.788330e-001  5.404310e+001  3.209980e+000
 8.814680e-001  6.043610e+001  3.203200e+000
 8.841030e-001  5.494120e+001  3.202530e+000
 8.867370e-001  5.669940e+001  3.196050e+000
 8.893720e-001  5.815360e+001  3.218070e+000
 8.920070e-001  5.723800e+001  3.189740e+000
 8.946410e-001  5.558420e+001  3.182340e+000
 8.972760e-001  5.830930e+001  3.204520e+000
 8.999100e-001  5.598490e+001  3.139690e+000
 9.025450e-001  5.257440e+001  3.157220e+000
 9.051800e-001  5.693750e+001  3.147260e+000
 9.078140e-001  5.609210e+001  3.137380e+000
 9.104490e-001  5.585710e+001  3.155280e+000
 9.130840e-001  5.230170e+001  3.093940e+000
 9.157180e-001  5.364620e+001  3.146340e+000
 9.183530e-001  5.455490e+001  3.179770e+000
 9.209880e-001  5.164670e+001  3.213950e+000
 9.236220e-001  5.389450e+001  3.278810e+000
 9.262570e-001  5.656370e+001  3.279100e+000
 9.288920e-001  5.444210e+001  3.284170e+000
 9.315260e-001  5.427540e+001  3.262800e+000
 9.341610e-001  5.608570e+001  3.344210e+000
 9.367960e-001  5.029360e+001  3.289120e+000
 9.394300e-001  5.197720e+001  3.279340e+000
 9.420650e-001  4.965870e+001  3.297000e+000
 9.447000e-001  4.948340e+001  3.313990e+000
 9.473340e-001  4.942120e+001  3.356820e+000
 9.499690e-001  5.289150e+001  3.341710e+000
 9.526040e-001  4.984780e+001  3.372920e+000
 9.552380e-001  4.990480e+001  3.368620e+000
 9.578730e-001  4.915280e+001  3.333380e+000
 9.605080e-001  5.064050e+001  3.363880e+000
 9.631420e-001  5.609060e+001  3.415860e+000
 9.657770e-001  5.328930e+001  3.422150e+000
 9.684110e-001  4.996830e+001  3.396560e+000
 9.710460e-001  4.922620e+001  3.317340e+000
 9.736810e-001  4.638050e+001  3.257600e+000
 9.763150e-001  4.916670e+001  3.251420e+000
 9.789500e-001  4.835510e+001  3.235770e+000
 9.815850e-001  4.985360e+001  3.239710e+000
 9.842190e-001  5.310930e+001  3.216650e+000
 9.868540e-001  5.317220e+001  3.209730e+000
 9.894890e-001  4.944400e+001  3.165390e+000
 9.921230e-001  4.728960e+001  3.163620e+000
 9.947580e-001  4.576340e+001  3.114940e+000
 9.973930e-001  4.584750e+001  3.119720e+000
 1.000030e+000  4.910100e+001  3.125530e+000
 1.002660e+000  5.019510e+001  3.119800e+000
 1.005300e+000  4.541170e+001  3.078020e+000
 1.007930e+000  4.466060e+001  3.044080e+000
 1.010570e+000  4.818960e+001  3.135140e+000
 1.013200e+000  4.911230e+001  3.094660e+000
 1.015840e+000  4.839020e+001  3.055500e+000
 1.018470e+000  4.943580e+001  3.061670e+000
 1.021100e+000  4.695400e+001  3.007950e+000
 1.023740e+000  4.801320e+001  3.024640e+000
 1.026370e+000  4.765520e+001  3.002240e+000
 1.029010e+000  4.296290e+001  3.023180e+000
 1.031640e+000  4.532830e+001  2.972990e+000
 1.034280e+000  4.374370e+001  2.979150e+000
 1.036910e+000  4.604190e+001  3.005170e+000
 1.039550e+000  4.469370e+001  2.944170e+000
 1.042180e+000  4.136550e+001  2.925020e+000
 1.044820e+000  4.013200e+001  2.930900e+000
 1.047450e+000  4.236410e+001  2.965090e+000
 1.050090e+000  4.491700e+001  2.962220e+000
 1.052720e+000  3.940160e+001  2.917000e+000
 1.055360e+000  4.369550e+001  2.926620e+000
 1.057990e+000  4.350440e+001  2.938430e+000
 1.060620e+000  4.292570e+001  2.904260e+000
 1.063260e+000  4.396560e+001  2.917640e+000
 1.065890e+000  4.018260e+001  2.860130e+000
 1.068530e+000  4.345280e+001  2.872620e+000
 1.071160e+000  4.165510e+001  2.870880e+000
 1.073800e+000  4.357370e+001  2.895040e+000
 1.076430e+000  4.364780e+001  2.897360e+000
 1.079070e+000  4.213650e+001  2.857480e+000
 1.081700e+000  4.625080e+001  2.887960e+000
 1.084340e+000  4.375890e+001  2.863170e+000
 1.086970e+000  3.972370e+001  2.849370e+000
 1.089610e+000  3.951460e+001  2.835130e+000
 1.092240e+000  4.040880e+001  2.830800e+000
 1.094870e+000  4.224690e+001  2.828360e+000
 1.097510e+000  3.638630e+001  2.805890e+000
 1.100140e+000  4.237170e+001  2.845660e+000
 1.102780e+000  3.594010e+001  2.795990e+000
 1.105410e+000  3.937590e+001  2.798930e+000
 1.108050e+000  3.854560e+001  2.760730e+000
 1.110680e+000  3.962330e+001  2.804580e+000
 1.113320e+000  4.225920e+001  2.851190e+000
 1.115950e+000  3.857620e+001  2.772580e+000
 1.118590e+000  3.599300e+001  2.787730e+000
 1.121220e+000  4.205850e+001  2.817450e+000
 1.123860e+000  4.035500e+001  2.804460e+000
 1.126490e+000  3.594030e+001  2.777070e+000
 1.129130e+000  3.492370e+001  2.755530e+000
 1.131760e+000  3.903850e+001  2.771500e+000
 1.134390e+000  3.715060e+001  2.743870e+000
 1.137030e+000  3.601840e+001  2.760560e+000
 1.139660e+000  3.847280e+001  2.721700e+000
 1.142300e+000  3.768700e+001  2.741100e+000
 1.144930e+000  3.723330e+001  2.751150e+000
 1.147570e+000  3.738900e+001  2.728920e+000
 1.150200e+000  3.645170e+001  2.698700e+000
 1.152840e+000  3.673320e+001  2.722280e+000
 1.155470e+000  3.609030e+001  2.710940e+000
 1.158110e+000  3.427820e+001  2.702190e+000
 1.160740e+000  3.794390e+001  2.680240e+000
 1.163380e+000  4.046550e+001  2.711520e+000
 1.166010e+000  4.072610e+001  2.686120e+000
 1.168650e+000  3.769020e+001  2.687480e+000
 1.171280e+000  3.851980e+001  2.711530e+000
 1.173910e+000  4.199160e+001  2.701230e+000
 1.176550e+000  3.695000e+001  2.698150e+000
 1.179180e+000  3.495990e+001  2.675820e+000
 1.181820e+000  3.671670e+001  2.710920e+000
 1.184450e+000  3.293690e+001  2.671690e+000
 1.187090e+000  3.442600e+001  2.643530e+000
 1.189720e+000  3.530530e+001  2.651790e+000
 1.192360e+000  3.334170e+001  2.632340e+000
 1.194990e+000  3.267250e+001  2.629750e+000
 1.197630e+000  3.707930e+001  2.638000e+000
 1.200260e+000  3.767630e+001  2.645760e+000
 1.202900e+000  3.369820e+001  2.623180e+000
 1.205530e+000  3.467610e+001  2.618610e+000
 1.208170e+000  3.465940e+001  2.619380e+000
 1.210800e+000  3.600500e+001  2.611740e+000
 1.213430e+000  3.210170e+001  2.567500e+000
 1.216070e+000  3.021320e+001  2.585320e+000
 1.218700e+000  3.572270e+001  2.573650e+000
 1.221340e+000  3.236070e+001  2.582220e+000
 1.223970e+000  3.235180e+001  2.591390e+000
 1.226610e+000  3.233890e+001  2.579950e+000
 1.229240e+000  3.310840e+001  2.570360e+000
 1.231880e+000  3.236790e+001  2.581780e+000
 1.234510e+000  3.341490e+001  2.589000e+000
 1.237150e+000  3.279330e+001  2.587410e+000
 1.239780e+000  3.380390e+001  2.573670e+000
 1.242420e+000  3.217840e+001  2.557140e+000
 1.245050e+000  2.999950e+001  2.559170e+000
 1.247680e+000  3.440010e+001  2.578440e+000
 1.250320e+000  3.378920e+001  2.565950e+000
 1.252950e+000  3.251440e+001  2.564220e+000
 1.255590e+000  3.455280e+001  2.559950e+000
 1.258220e+000  3.303210e+001  2.588030e+000
 1.260860e+000  3.120130e+001  2.550600e+000
 1.263490e+000  3.179580e+001  2.533220e+000
 1.266130e+000  3.228500e+001  2.551160e+000
 1.268760e+000  2.988200e+001  2.529610e+000
 1.271400e+000  3.291690e+001  2.543660e+000
 1.274030e+000  2.738010e+001  2.498610e+000
 1.276670e+000  3.006320e+001  2.527700e+000
 1.279300e+000  3.071630e+001  2.514260e+000
 1.281940e+000  3.350990e+001  2.527000e+000
 1.284570e+000  3.145010e+001  2.497660e+000
 1.287200e+000  3.258420e+001  2.495240e+000
 1.289840e+000  2.953040e+001  2.504860e+000
 1.292470e+000  3.098140e+001  2.502560e+000
 1.295110e+000  3.305880e+001  2.510550e+000
 1.297740e+000  3.062270e+001  2.478350e+000
 1.300380e+000  3.067560e+001  2.499400e+000
 1.303010e+000  3.093310e+001  2.486920e+000
 1.305650e+000  2.821130e+001  2.470350e+000
 1.308280e+000  2.912610e+001  2.461490e+000
 1.310920e+000  2.981210e+001  2.491960e+000
 1.313550e+000  2.988810e+001  2.466160e+000
 1.316190e+000  2.812360e+001  2.473530e+000
 1.318820e+000  2.728780e+001  2.447150e+000
 1.321460e+000  3.029550e+001  2.466580e+000
 1.324090e+000  2.905610e+001  2.445210e+000
 1.326720e+000  2.813180e+001  2.442830e+000
 1.329360e+000  2.919770e+001  2.467940e+000
 1.331990e+000  2.803560e+001  2.448330e+000
 1.334630e+000  3.125280e+001  2.471530e+000
 1.337260e+000  3.135410e+001  2.459720e+000
 1.339900e+000  2.811180e+001  2.454620e+000
 1.342530e+000  2.552370e+001  2.415410e+000
 1.345170e+000  2.964780e+001  2.431220e+000
 1.347800e+000  2.926120e+001  2.417500e+000
 1.350440e+000  3.018720e+001  2.440770e+000
 1.353070e+000  2.598980e+001  2.414590e+000
 1.355710e+000  2.895160e+001  2.423980e+000
 1.358340e+000  2.910230e+001  2.429600e+000
 1.360970e+000  2.722810e+001  2.399000e+000
 1.363610e+000  2.779530e+001  2.385990e+000
 1.366240e+000  2.790250e+001  2.381890e+000
 1.368880e+000  2.912280e+001  2.414360e+000
 1.371510e+000  2.852010e+001  2.411740e+000
 1.374150e+000  2.835790e+001  2.395320e+000
 1.376780e+000  2.863700e+001  2.379040e+000
 1.379420e+000  2.804130e+001  2.388300e+000
 1.382050e+000  2.770150e+001  2.363120e+000
 1.384690e+000  2.639890e+001  2.381200e+000
 1.387320e+000  2.808470e+001  2.369320e+000
 1.389960e+000  2.586920e+001  2.417840e+000
 1.392590e+000  2.609640e+001  2.384450e+000
 1.395230e+000  3.006350e+001  2.389840e+000
 1.397860e+000  2.891590e+001  2.380860e+000
 1.400490e+000  2.897750e+001  2.376160e+000
 1.403130e+000  2.519730e+001  2.357070e+000
 1.405760e+000  2.432400e+001  2.379780e+000
 1.408400e+000  3.067030e+001  2.379740e+000
 1.411030e+000  2.652060e+001  2.356320e+000
 1.413670e+000  2.990890e+001  2.385150e+000
 1.416300e+000  2.811340e+001  2.352330e+000
 1.418940e+000  2.870510e+001  2.358440e+000
 1.421570e+000  2.362630e+001  2.318960e+000
 1.424210e+000  2.670750e+001  2.350070e+000
 1.426840e+000  2.585490e+001  2.335850e+000
 1.429480e+000  2.654790e+001  2.351380e+000
 1.432110e+000  2.585540e+001  2.324520e+000
 1.434750e+000  2.635940e+001  2.329700e+000
 1.437380e+000  2.875530e+001  2.354400e+000
 1.440010e+000  2.828500e+001  2.341270e+000
 1.442650e+000  2.594760e+001  2.339100e+000
 1.445280e+000  2.268300e+001  2.318320e+000
 1.447920e+000  2.607560e+001  2.335300e+000
 1.450550e+000  2.473330e+001  2.313460e+000
 1.453190e+000  2.259060e+001  2.293170e+000
 1.455820e+000  2.256120e+001  2.299430e+000
 1.458460e+000  2.521630e+001  2.326530e+000
 1.461090e+000  2.392310e+001  2.318280e+000
 1.463730e+000  2.488690e+001  2.329510e+000
 1.466360e+000  2.435730e+001  2.288710e+000
 1.469000e+000  2.264710e+001  2.321910e+000
 1.471630e+000  2.193320e+001  2.285280e+000
 1.474270e+000  2.653310e+001  2.325530e+000
 1.476900e+000  2.499580e+001  2.359340e+000
 1.479530e+000  2.204490e+001  2.338710e+000
 1.482170e+000  2.208090e+001  2.387350e+000
 1.484800e+000  2.468270e+001  2.378260e+000
 1.487440e+000  2.416520e+001  2.411390e+000
 1.490070e+000  2.403750e+001  2.402880e+000
 1.492710e+000  2.458470e+001  2.441760e+000
 1.495340e+000  2.639640e+001  2.432280e+000
 1.497980e+000  1.924640e+001  2.407500e+000
 1.500610e+000  2.206360e+001  2.420150e+000
 1.503250e+000  2.113080e+001  2.443510e+000
 1.505880e+000  2.628620e+001  2.451720e+000
 1.508520e+000  2.410710e+001  2.446930e+000
 1.511150e+000  2.132850e+001  2.454720e+000
 1.513780e+000  2.064170e+001  2.461630e+000
 1.516420e+000  2.205160e+001  2.463390e+000
 1.519050e+000  2.331460e+001  2.482000e+000
 1.521690e+000  2.331130e+001  2.491760e+000
 1.524320e+000  2.065280e+001  2.454700e+000
 1.526960e+000  2.103220e+001  2.477870e+000
 1.529590e+000  2.384050e+001  2.458860e+000
 1.532230e+000  2.296540e+001  2.430870e+000
 1.534860e+000  2.358740e+001  2.413010e+000
 1.537500e+000  2.492950e+001  2.421080e+000
 1.540130e+000  2.002910e+001  2.380710e+000
 1.542770e+000  2.238890e+001  2.371250e+000
 1.545400e+000  2.289040e+001  2.373090e+000
 1.548040e+000  2.588210e+001  2.374290e+000
 1.550670e+000  2.336990e+001  2.368140e+000
 1.553300e+000  2.437210e+001  2.364750e+000
 1.555940e+000  2.202780e+001  2.333910e+000
 1.558570e+000  1.972960e+001  2.344280e+000
 1.561210e+000  1.829370e+001  2.316820e+000
 1.563840e+000  2.182730e+001  2.316980e+000
 1.566480e+000  2.206300e+001  2.295890e+000
 1.569110e+000  2.242570e+001  2.316340e+000
 1.571750e+000  2.410260e+001  2.314960e+000
 1.574380e+000  1.951680e+001  2.274960e+000
 1.577020e+000  2.277260e+001  2.317470e+000
 1.579650e+000  2.288320e+001  2.290190e+000
 1.582290e+000  2.210040e+001  2.307120e+000
 1.584920e+000  2.204360e+001  2.285550e+000
 1.587560e+000  2.298430e+001  2.274450e+000
 1.590190e+000  2.725460e+001  2.319550e+000
 1.592820e+000  2.170800e+001  2.288380e+000
 1.595460e+000  2.271990e+001  2.303860e+000
 1.598090e+000  2.320310e+001  2.262740e+000
 1.600730e+000  2.157170e+001  2.279320e+000
 1.603360e+000  2.022640e+001  2.256430e+000
 1.606000e+000  2.366480e+001  2.266790e+000
 1.608630e+000  2.225740e+001  2.272790e+000
 1.611270e+000  2.053160e+001  2.259440e+000
 1.613900e+000  2.260730e+001  2.288030e+000
 1.616540e+000  2.188450e+001  2.284320e+000
 1.619170e+000  2.129790e+001  2.245530e+000
 1.621810e+000  2.186470e+001  2.270020e+000
 1.624440e+000  1.806730e+001  2.227870e+000
 1.627080e+000  1.386470e+001  2.232910e+000
 1.629710e+000  2.025440e+001  2.248150e+000
 1.632340e+000  2.455720e+001  2.262560e+000
 1.634980e+000  2.429470e+001  2.262720e+000
 1.637610e+000  2.193090e+001  2.225220e+000
 1.640250e+000  2.045080e+001  2.228730e+000
 1.642880e+000  2.203240e+001  2.232430e+000
 1.645520e+000  2.134120e+001  2.236120e+000
 1.648150e+000  2.158130e+001  2.247000e+000
 1.650790e+000  2.396270e+001  2.245210e+000
 1.653420e+000  2.108890e+001  2.252270e+000
 1.656060e+000  2.162410e+001  2.222470e+000
 1.658690e+000  2.386200e+001  2.239470e+000
 1.661330e+000  2.262660e+001  2.243230e+000
 1.663960e+000  1.998520e+001  2.219070e+000
 1.666590e+000  2.021360e+001  2.220540e+000
 1.669230e+000  1.928980e+001  2.179310e+000
 1.671860e+000  1.966260e+001  2.210510e+000
 1.674500e+000  2.149310e+001  2.221600e+000
 1.677130e+000  1.951730e+001  2.195810e+000
 1.679770e+000  1.807110e+001  2.220570e+000
 1.682400e+000  2.057920e+001  2.214160e+000
 1.685040e+000  1.818460e+001  2.196500e+000
 1.687670e+000  1.816970e+001  2.182420e+000
 1.690310e+000  2.018080e+001  2.187920e+000
 1.692940e+000  2.042280e+001  2.198130e+000
 1.695580e+000  2.124210e+001  2.187330e+000
 1.698210e+000  1.852240e+001  2.184510e+000
 1.700850e+000  1.810470e+001  2.168420e+000
 1.703480e+000  2.055550e+001  2.189510e+000
 1.706110e+000  1.935570e+001  2.190560e+000
 1.708750e+000  1.644510e+001  2.181650e+000
 1.711380e+000  1.799880e+001  2.177380e+000
 1.714020e+000  2.005940e+001  2.205430e+000
 1.716650e+000  1.982420e+001  2.181060e+000
 1.719290e+000  1.898750e+001  2.189910e+000
 1.721920e+000  1.688530e+001  2.170090e+000
 1.724560e+000  1.848090e+001  2.176000e+000
 1.727190e+000  2.004710e+001  2.176470e+000
 1.729830e+000  1.770470e+001  2.171730e+000
 1.732460e+000  1.866730e+001  2.172510e+000
 1.735100e+000  1.868810e+001  2.170760e+000
 1.737730e+000  1.597150e+001  2.151750e+000
 1.740370e+000  1.774060e+001  2.172080e+000
 1.743000e+000  2.022890e+001  2.166080e+000
 1.745630e+000  1.710560e+001  2.161490e+000
 1.748270e+000  2.062540e+001  2.202370e+000
 1.750900e+000  1.622180e+001  2.160520e+000
 1.753540e+000  1.626750e+001  2.157780e+000
 1.756170e+000  1.837140e+001  2.173600e+000
 1.758810e+000  1.632740e+001  2.165490e+000
 1.761440e+000  1.658720e+001  2.163960e+000
 1.764080e+000  1.360080e+001  2.119040e+000
 1.766710e+000  1.447550e+001  2.128040e+000
 1.769350e+000  1.844940e+001  2.154100e+000
 1.771980e+000  1.976110e+001  2.169850e+000
 1.774620e+000  2.060890e+001  2.174020e+000
 1.777250e+000  1.884150e+001  2.145600e+000
 1.779890e+000  1.529860e+001  2.146220e+000
 1.782520e+000  1.577810e+001  2.158180e+000
 1.785150e+000  1.647520e+001  2.133290e+000
 1.787790e+000  1.623050e+001  2.133430e+000
 1.790420e+000  1.478690e+001  2.120470e+000
 1.793060e+000  1.630920e+001  2.140640e+000
 1.795690e+000  1.950800e+001  2.124380e+000
 1.798330e+000  2.074760e+001  2.145780e+000
 1.800960e+000  1.439750e+001  2.116270e+000
 1.803600e+000  1.693270e+001  2.124530e+000
 1.806230e+000  1.699970e+001  2.139760e+000
 1.808870e+000  1.558030e+001  2.122070e+000
 1.811500e+000  1.922020e+001  2.128060e+000
 1.814140e+000  1.520470e+001  2.117060e+000
 1.816770e+000  1.881200e+001  2.140500e+000
 1.819400e+000  1.622460e+001  2.117000e+000
 1.822040e+000  1.708440e+001  2.112420e+000
 1.824670e+000  1.749980e+001  2.101750e+000
 1.827310e+000  1.563400e+001  2.091640e+000
 1.829940e+000  1.930130e+001  2.138790e+000
 1.832580e+000  1.648460e+001  2.108580e+000
 1.835210e+000  1.379310e+001  2.081740e+000
 1.837850e+000  1.760540e+001  2.132800e+000
 1.840480e+000  1.744610e+001  2.103090e+000
 1.843120e+000  1.900730e+001  2.126770e+000
 1.845750e+000  1.830150e+001  2.130780e+000
 1.848390e+000  1.873460e+001  2.122730e+000
 1.851020e+000  1.703280e+001  2.108550e+000
 1.853660e+000  1.615950e+001  2.086520e+000
 1.856290e+000  1.535640e+001  2.110470e+000
 1.858920e+000  1.521980e+001  2.103380e+000
 1.861560e+000  1.488800e+001  2.104250e+000
 1.864190e+000  1.537470e+001  2.098530e+000
 1.866830e+000  1.783440e+001  2.114300e+000
 1.869460e+000  1.732270e+001  2.115760e+000
 1.872100e+000  1.570800e+001  2.119130e+000
 1.874730e+000  1.670720e+001  2.105830e+000
 1.877370e+000  1.716450e+001  2.128410e+000
 1.880000e+000  2.074240e+001  2.111520e+000
 1.882640e+000  1.617410e+001  2.121790e+000
 1.885270e+000  1.944860e+001  2.110720e+000
 1.887910e+000  1.727930e+001  2.129470e+000
 1.890540e+000  1.460660e+001  2.113780e+000
 1.893180e+000  1.570420e+001  2.117280e+000
 1.895810e+000  1.914150e+001  2.143060e+000
 1.898440e+000  1.687190e+001  2.114320e+000
 1.901080e+000  1.667650e+001  2.130640e+000
 1.903710e+000  1.774620e+001  2.117190e+000
 1.906350e+000  1.741840e+001  2.126590e+000
 1.908980e+000  1.806610e+001  2.117400e+000
 1.911620e+000  1.458010e+001  2.110170e+000
 1.914250e+000  1.615180e+001  2.129330e+000
 1.916890e+000  1.680250e+001  2.122470e+000
 1.919520e+000  1.318650e+001  2.111100e+000
 1.922160e+000  1.543680e+001  2.112660e+000
 1.924790e+000  1.819060e+001  2.109610e+000
 1.927430e+000  1.727060e+001  2.123290e+000
 1.930060e+000  1.895390e+001  2.128050e+000
 1.932690e+000  1.670190e+001  2.130190e+000
 1.935330e+000  1.626420e+001  2.128920e+000
 1.937960e+000  1.673800e+001  2.116860e+000
 1.940600e+000  1.850950e+001  2.138440e+000
 1.943230e+000  1.633490e+001  2.120470e+000
 1.945870e+000  1.577500e+001  2.120380e+000
 1.948500e+000  1.409780e+001  2.096340e+000
 1.951140e+000  1.540970e+001  2.126850e+000
 1.953770e+000  1.841650e+001  2.124250e+000
 1.956410e+000  1.631240e+001  2.108450e+000
 1.959040e+000  1.715190e+001  2.131930e+000
 1.961680e+000  1.475110e+001  2.126560e+000
 1.964310e+000  1.552280e+001  2.109910e+000
 1.966950e+000  1.540920e+001  2.109880e+000
 1.969580e+000  1.627550e+001  2.128820e+000
 1.972210e+000  1.795910e+001  2.128750e+000
 1.974850e+000  1.482950e+001  2.119090e+000
 1.977480e+000  1.544160e+001  2.122100e+000
 1.980120e+000  1.377910e+001  2.110290e+000
 1.982750e+000  1.488400e+001  2.105900e+000
 1.985390e+000  1.407770e+001  2.113150e+000
 1.988020e+000  1.336420e+001  2.102280e+000
 1.990660e+000  1.533000e+001  2.148920e+000
 1.993290e+000  1.231910e+001  2.110970e+000
 1.995930e+000  1.429530e+001  2.123560e+000
 1.998560e+000  1.698590e+001  2.135070e+000
 2.001200e+000  1.536200e+001  2.117770e+000
 2.003830e+000  1.345200e+001  2.116560e+000
 2.006470e+000  1.551170e+001  2.115760e+000
 2.009100e+000  1.313840e+001  2.118830e+000
 2.011730e+000  1.331950e+001  2.092580e+000
 2.014370e+000  1.354380e+001  2.111820e+000
 2.017000e+000  1.125600e+001  2.097320e+000
 2.019640e+000  1.817340e+001  2.118760e+000
 2.022270e+000  1.340760e+001  2.117480e+000
 2.024910e+000  1.222330e+001  2.099620e+000
 2.027540e+000  1.305710e+001  2.109920e+000
 2.030180e+000  1.412590e+001  2.100050e+000
 2.032810e+000  1.291560e+001  2.103970e+000
 2.035450e+000  1.508760e+001  2.177610e+000
 2.038080e+000  1.485140e+001  2.203640e+000
 2.040720e+000  1.181730e+001  2.194840e+000
 2.043350e+000  1.269070e+001  2.216670e+000
 2.045990e+000  1.437200e+001  2.210460e+000
 2.048620e+000  1.840710e+001  2.252520e+000
 2.051250e+000  1.699660e+001  2.249080e+000
 2.053890e+000  1.373800e+001  2.254300e+000
 2.056520e+000  1.801820e+001  2.252000e+000
 2.059160e+000  1.590090e+001  2.268330e+000
 2.061790e+000  1.382700e+001  2.273490e+000
 2.064430e+000  1.445000e+001  2.299530e+000
 2.067060e+000  1.670540e+001  2.304300e+000
 2.069700e+000  1.564450e+001  2.281720e+000
 2.072330e+000  1.474320e+001  2.311550e+000
 2.074970e+000  1.420440e+001  2.311460e+000
 2.077600e+000  1.472640e+001  2.295250e+000
 2.080240e+000  1.389610e+001  2.306280e+000
 2.082870e+000  1.151490e+001  2.325340e+000
 2.085500e+000  1.415450e+001  2.341050e+000
 2.088140e+000  1.429930e+001  2.319770e+000
 2.090770e+000  1.504960e+001  2.284020e+000
 2.093410e+000  1.558060e+001  2.262190e+000
 2.096040e+000  1.347050e+001  2.235290e+000
 2.098680e+000  1.410980e+001  2.249170e+000
 2.101310e+000  1.065340e+001  2.207610e+000
 2.103950e+000  1.336050e+001  2.228260e+000
 2.106580e+000  1.189630e+001  2.205400e+000
 2.109220e+000  1.456170e+001  2.216400e+000
 2.111850e+000  1.544720e+001  2.214040e+000
 2.114490e+000  1.654960e+001  2.255630e+000
 2.117120e+000  1.483170e+001  2.219980e+000
 2.119760e+000  1.183690e+001  2.193700e+000
 2.122390e+000  1.592130e+001  2.209600e+000
 2.125020e+000  1.586760e+001  2.208370e+000
 2.127660e+000  1.425760e+001  2.228390e+000
 2.130290e+000  1.463060e+001  2.226920e+000
 2.132930e+000  1.395400e+001  2.221610e+000
 2.135560e+000  1.255830e+001  2.211190e+000
 2.138200e+000  1.082070e+001  2.217880e+000
 2.140830e+000  1.047510e+001  2.204480e+000
 2.143470e+000  1.322030e+001  2.218730e+000
 2.146100e+000  1.459880e+001  2.207520e+000
 2.148740e+000  1.281680e+001  2.205720e+000
 2.151370e+000  1.402260e+001  2.218930e+000
 2.154010e+000  1.577170e+001  2.228440e+000
 2.156640e+000  1.481860e+001  2.234630e+000
 2.159280e+000  1.338250e+001  2.213350e+000
 2.161910e+000  9.470310e+000  2.199660e+000
 2.164540e+000  1.271180e+001  2.228730e+000
 2.167180e+000  1.366590e+001  2.236410e+000
 2.169810e+000  1.689950e+001  2.239080e+000
 2.172450e+000  1.392210e+001  2.230310e+000
 2.175080e+000  1.367010e+001  2.211670e+000
 2.177720e+000  1.168740e+001  2.197550e+000
 2.180350e+000  8.706210e+000  2.181580e+000
 2.182990e+000  1.428680e+001  2.218370e+000
 2.185620e+000  1.343920e+001  2.199520e+000
 2.188260e+000  1.217400e+001  2.194620e+000
 2.190890e+000  1.302370e+001  2.208310e+000
 2.193530e+000  1.674140e+001  2.256650e+000
 2.196160e+000  1.269680e+001  2.211160e+000
 2.198800e+000  1.348680e+001  2.207750e+000
 2.201430e+000  1.163910e+001  2.193250e+000
 2.204060e+000  1.499550e+001  2.216830e+000
 2.206700e+000  1.354240e+001  2.228080e+000
 2.209330e+000  1.367620e+001  2.183340e+000
 2.211970e+000  1.401900e+001  2.221990e+000
 2.214600e+000  1.448170e+001  2.224870e+000
 2.217240e+000  1.310840e+001  2.208000e+000
 2.219870e+000  1.231560e+001  2.227430e+000
 2.222510e+000  1.053760e+001  2.201130e+000
 2.225140e+000  1.260750e+001  2.224230e+000
 2.227780e+000  1.354960e+001  2.231190e+000
 2.230410e+000  1.402420e+001  2.225880e+000
 2.233050e+000  1.153690e+001  2.227400e+000
 2.235680e+000  1.351230e+001  2.233560e+000
 2.238310e+000  1.265660e+001  2.236040e+000
 2.240950e+000  1.019360e+001  2.220560e+000
 2.243580e+000  9.509610e+000  2.222340e+000
 2.246220e+000  1.220260e+001  2.219960e+000
 2.248850e+000  1.343390e+001  2.237960e+000
 2.251490e+000  1.057800e+001  2.251290e+000
 2.254120e+000  1.215110e+001  2.215100e+000
 2.256760e+000  1.412750e+001  2.226550e+000
 2.259390e+000  1.427900e+001  2.215880e+000
 2.262030e+000  1.228700e+001  2.217860e+000
 2.264660e+000  1.197410e+001  2.224280e+000
 2.267300e+000  1.432680e+001  2.237500e+000
 2.269930e+000  1.313380e+001  2.228710e+000
 2.272570e+000  1.389510e+001  2.212080e+000
 2.275200e+000  1.028010e+001  2.221210e+000
 2.277830e+000  1.293530e+001  2.206110e+000
 2.280470e+000  1.102520e+001  2.209350e+000
 2.283100e+000  1.195920e+001  2.223530e+000
 2.285740e+000  1.220430e+001  2.209920e+000
 2.288370e+000  1.262610e+001  2.217480e+000
 2.291010e+000  1.069850e+001  2.216280e+000
 2.293640e+000  1.138020e+001  2.199160e+000
 2.296280e+000  1.264360e+001  2.232380e+000
 2.298910e+000  1.338080e+001  2.205640e+000
 2.301550e+000  1.334030e+001  2.224790e+000
 2.304180e+000  1.107770e+001  2.213090e+000
 2.306820e+000  1.364220e+001  2.217840e+000
 2.309450e+000  1.169040e+001  2.219700e+000
 2.312090e+000  1.397490e+001  2.211020e+000
 2.314720e+000  1.097970e+001  2.211260e+000
 2.317350e+000  1.041690e+001  2.192570e+000
 2.319990e+000  1.088870e+001  2.223680e+000
 2.322620e+000  1.171440e+001  2.217130e+000
 2.325260e+000  1.361120e+001  2.193970e+000
 2.327890e+000  8.880150e+000  2.202610e+000
 2.330530e+000  8.346170e+000  2.191260e+000
 2.333160e+000  1.505370e+001  2.236010e+000
 2.335800e+000  1.004500e+001  2.214930e+000
 2.338430e+000  9.045210e+000  2.201310e+000
 2.341070e+000  8.748000e+000  2.207970e+000
 2.343700e+000  9.496930e+000  2.189560e+000
 2.346340e+000  1.127840e+001  2.219900e+000
 2.348970e+000  1.049270e+001  2.228280e+000
 2.351610e+000  1.018620e+001  2.220790e+000
 2.354240e+000  1.115720e+001  2.214200e+000
 2.356870e+000  1.192530e+001  2.202190e+000
 2.359510e+000  1.143510e+001  2.217540e+000
 2.362140e+000  1.159170e+001  2.203580e+000
 2.364780e+000  1.233410e+001  2.211840e+000
 2.367410e+000  1.158860e+001  2.185220e+000
 2.370050e+000  9.888520e+000  2.203520e+000
 2.372680e+000  1.267910e+001  2.217420e+000
 2.375320e+000  1.584760e+001  2.213720e+000
 2.377950e+000  1.558980e+001  2.212570e+000
 2.380590e+000  1.280760e+001  2.197860e+000
 2.383220e+000  1.467150e+001  2.208090e+000
 2.385860e+000  1.165180e+001  2.207120e+000
 2.388490e+000  1.111790e+001  2.199970e+000
 2.391120e+000  1.174920e+001  2.197590e+000
 2.393760e+000  8.883830e+000  2.193760e+000
 2.396390e+000  1.089700e+001  2.213850e+000
 2.399030e+000  1.058060e+001  2.204660e+000
 2.401660e+000  1.292070e+001  2.203660e+000
 2.404300e+000  1.414950e+001  2.232490e+000
 2.406930e+000  1.453940e+001  2.205110e+000
 2.409570e+000  1.106740e+001  2.210710e+000
 2.412200e+000  1.062270e+001  2.183250e+000
 2.414840e+000  1.460160e+001  2.215140e+000
 2.417470e+000  1.321080e+001  2.228460e+000
 2.420110e+000  1.273950e+001  2.217190e+000
 2.422740e+000  1.189440e+001  2.225300e+000
 2.425380e+000  1.488730e+001  2.228050e+000
 2.428010e+000  1.122940e+001  2.227430e+000
 2.430640e+000  9.657590e+000  2.205760e+000
 2.433280e+000  1.246420e+001  2.199590e+000
 2.435910e+000  1.393580e+001  2.212120e+000
 2.438550e+000  8.782750e+000  2.198750e+000
 2.441180e+000  1.173430e+001  2.231970e+000
 2.443820e+000  1.138220e+001  2.216360e+000
 2.446450e+000  1.211210e+001  2.191650e+000
 2.449090e+000  9.203320e+000  2.218130e+000
 2.451720e+000  1.195030e+001  2.221140e+000
 2.454360e+000  1.063040e+001  2.210140e+000
 2.456990e+000  8.602950e+000  2.190010e+000
 2.459630e+000  8.692360e+000  2.194190e+000
 2.462260e+000  1.032340e+001  2.217220e+000
 2.464900e+000  1.133860e+001  2.209480e+000
 2.467530e+000  1.025360e+001  2.226500e+000
 2.470160e+000  1.201740e+001  2.211040e+000
 2.472800e+000  1.095410e+001  2.239280e+000
 2.475430e+000  1.009720e+001  2.227880e+000
 2.478070e+000  7.875490e+000  2.199560e+000
 2.480700e+000  8.879680e+000  2.205730e+000
 2.483340e+000  9.701670e+000  2.205470e+000
 2.485970e+000  1.017600e+001  2.217460e+000
 2.488610e+000  1.215410e+001  2.231030e+000
 2.491240e+000  1.265550e+001  2.209110e+000
 2.493880e+000  1.049760e+001  2.225190e+000
 2.496510e+000  1.257530e+001  2.191730e+000
 2.499150e+000  1.155500e+001  2.224500e+000
 2.501780e+000  1.042340e+001  2.207970e+000
 2.504410e+000  9.689390e+000  2.184780e+000
 2.507050e+000  1.471480e+001  2.238900e+000
 2.509680e+000  1.414440e+001  2.229480e+000
 2.512320e+000  1.384420e+001  2.235860e+000
 2.514950e+000  1.152670e+001  2.211420e+000
 2.517590e+000  8.360850e+000  2.199470e+000
 2.520220e+000  9.423430e+000  2.211600e+000
 2.522860e+000  1.021740e+001  2.192880e+000
 2.525490e+000  1.133740e+001  2.212320e+000
 2.528130e+000  1.111790e+001  2.199440e+000
 2.530760e+000  1.215610e+001  2.216890e+000
 2.533400e+000  1.360120e+001  2.226880e+000
 2.536030e+000  7.297840e+000  2.198400e+000
 2.538670e+000  9.293960e+000  2.221290e+000
 2.541300e+000  1.038610e+001  2.219330e+000
 2.543930e+000  1.189560e+001  2.221820e+000
 2.546570e+000  1.192550e+001  2.208310e+000
 2.549200e+000  1.150010e+001  2.221960e+000
 2.551840e+000  1.073480e+001  2.220070e+000
 2.554470e+000  9.318990e+000  2.192250e+000
 2.557110e+000  8.742880e+000  2.205860e+000
 2.559740e+000  9.909670e+000  2.194340e+000
 2.562380e+000  1.196060e+001  2.220770e+000
 2.565010e+000  1.124610e+001  2.199660e+000
 2.567650e+000  1.214480e+001  2.218620e+000
 2.570280e+000  1.007010e+001  2.200900e+000
 2.572920e+000  1.112540e+001  2.199280e+000
 2.575550e+000  1.030180e+001  2.211920e+000
 2.578190e+000  9.355690e+000  2.200600e+000
 2.580820e+000  8.907130e+000  2.199240e+000
 2.583450e+000  9.196920e+000  2.187420e+000
 2.586090e+000  7.263910e+000  2.199680e+000
 2.588720e+000  1.070320e+001  2.219310e+000
 2.591360e+000  1.051170e+001  2.217640e+000
 2.593990e+000  1.375180e+001  2.310810e+000
 2.596630e+000  8.765590e+000  2.283680e+000
 2.599260e+000  1.172280e+001  2.315470e+000
 2.601900e+000  1.110100e+001  2.354330e+000
 2.604530e+000  8.288330e+000  2.348960e+000
 2.607170e+000  9.970410e+000  2.400180e+000
 2.609800e+000  1.026930e+001  2.387780e+000
 2.612440e+000  8.288810e+000  2.398890e+000
 2.615070e+000  7.507310e+000  2.401050e+000
 2.617710e+000  6.275970e+000  2.425860e+000
 2.620340e+000  1.001740e+001  2.485410e+000
 2.622970e+000  8.270280e+000  2.446060e+000
 2.625610e+000  1.020490e+001  2.482640e+000
 2.628240e+000  9.351050e+000  2.494780e+000
 2.630880e+000  1.015810e+001  2.510940e+000
 2.633510e+000  1.302060e+001  2.527260e+000
 2.636150e+000  1.030990e+001  2.520910e+000
 2.638780e+000  9.557710e+000  2.573940e+000
 2.641420e+000  7.116990e+000  2.554700e+000
 2.644050e+000  7.661950e+000  2.575620e+000
 2.646690e+000  8.576240e+000  2.538050e+000
 2.649320e+000  9.380510e+000  2.460720e+000
 2.651960e+000  9.346790e+000  2.441470e+000
 2.654590e+000  8.299810e+000  2.387140e+000
 2.657220e+000  6.942770e+000  2.405120e+000
 2.659860e+000  1.091130e+001  2.414280e+000
 2.662490e+000  9.989630e+000  2.379730e+000
 2.665130e+000  7.078830e+000  2.389530e+000
 2.667760e+000  9.026530e+000  2.354990e+000
 2.670400e+000  1.289670e+001  2.408520e+000
 2.673030e+000  5.327070e+000  2.330770e+000
 2.675670e+000  7.669410e+000  2.378780e+000
 2.678300e+000  1.074100e+001  2.353220e+000
 2.680940e+000  8.763240e+000  2.347960e+000
 2.683570e+000  1.204170e+001  2.353170e+000
 2.686210e+000  7.017310e+000  2.341590e+000
 2.688840e+000  1.171450e+001  2.361100e+000
 2.691480e+000  1.195940e+001  2.360700e+000
 2.694110e+000  9.730200e+000  2.366380e+000
 2.696740e+000  1.076890e+001  2.365320e+000
 2.699380e+000  9.322200e+000  2.342850e+000
 2.702010e+000  1.084300e+001  2.338200e+000
 2.704650e+000  1.103150e+001  2.347140e+000
 2.707280e+000  8.845510e+000  2.345220e+000
 2.709920e+000  1.113820e+001  2.336080e+000
 2.712550e+000  8.916390e+000  2.302560e+000
 2.715190e+000  9.365970e+000  2.312260e+000
 2.717820e+000  8.542990e+000  2.322390e+000
 2.720460e+000  8.252130e+000  2.328700e+000
 2.723090e+000  8.479730e+000  2.310280e+000
 2.725730e+000  7.284290e+000  2.309660e+000
 2.728360e+000  1.011930e+001  2.303290e+000
 2.731000e+000  1.291560e+001  2.325230e+000
 2.733630e+000  9.176000e+000  2.318910e+000
 2.736260e+000  1.152000e+001  2.315160e+000
 2.738900e+000  1.066860e+001  2.333280e+000
 2.741530e+000  8.384610e+000  2.323820e+000
 2.744170e+000  1.052090e+001  2.308220e+000
 2.746800e+000  9.238870e+000  2.287160e+000
 2.749440e+000  9.874330e+000  2.286080e+000
 2.752070e+000  1.023020e+001  2.313830e+000
 2.754710e+000  8.017090e+000  2.286600e+000
 2.757340e+000  1.131590e+001  2.304360e+000
 2.759980e+000  7.255040e+000  2.281420e+000
 2.762610e+000  9.211830e+000  2.276150e+000
 2.765250e+000  5.903950e+000  2.273100e+000
 2.767880e+000  6.748250e+000  2.257660e+000
 2.770520e+000  1.087790e+001  2.297700e+000
 2.773150e+000  7.958680e+000  2.273070e+000
 2.775780e+000  1.243460e+001  2.294610e+000
 2.778420e+000  4.065360e+000  2.243820e+000
 2.781050e+000  6.796450e+000  2.258580e+000
 2.783690e+000  9.818800e+000  2.299200e+000
 2.786320e+000  1.094860e+001  2.299280e+000
 2.788960e+000  6.701710e+000  2.266650e+000
 2.791590e+000  5.675430e+000  2.276410e+000
 2.794230e+000  1.232800e+001  2.303060e+000
 2.796860e+000  8.882320e+000  2.281650e+000
 2.799500e+000  1.018600e+001  2.277050e+000
 2.802130e+000  1.028890e+001  2.247180e+000
 2.804770e+000  9.281410e+000  2.289050e+000
 2.807400e+000  1.135220e+001  2.264290e+000
 2.810030e+000  8.651870e+000  2.280460e+000
 2.812670e+000  8.514240e+000  2.264630e+000
 2.815300e+000  9.539510e+000  2.282260e+000
 2.817940e+000  9.729320e+000  2.302390e+000
 2.820570e+000  1.065150e+001  2.271260e+000
 2.823210e+000  7.034450e+000  2.264210e+000
 2.825840e+000  4.446950e+000  2.235530e+000
 2.828480e+000  5.070950e+000  2.264000e+000
 2.831110e+000  6.317410e+000  2.265580e+000
 2.833750e+000  9.118270e+000  2.272500e+000
 2.836380e+000  9.629230e+000  2.274350e+000
 2.839020e+000  8.263320e+000  2.262540e+000
 2.841650e+000  6.770870e+000  2.258860e+000
 2.844290e+000  8.043590e+000  2.252580e+000
 2.846920e+000  9.091110e+000  2.269480e+000
 2.849550e+000  7.410390e+000  2.279520e+000
 2.852190e+000  7.578330e+000  2.256620e+000
 2.854820e+000  6.744010e+000  2.264260e+000
 2.857460e+000  8.015890e+000  2.281420e+000
 2.860090e+000  8.647600e+000  2.256730e+000
 2.862730e+000  7.074830e+000  2.269750e+000
 2.865360e+000  9.623960e+000  2.271340e+000
 2.868000e+000  8.009190e+000  2.275370e+000
 2.870630e+000  1.047820e+001  2.269400e+000
 2.873270e+000  9.080310e+000  2.271090e+000
 2.875900e+000  6.245430e+000  2.240020e+000
 2.878540e+000  5.676570e+000  2.253280e+000
 2.881170e+000  7.550330e+000  2.255530e+000
 2.883810e+000  8.832050e+000  2.286130e+000
 2.886440e+000  8.412570e+000  2.269970e+000
 2.889070e+000  1.139640e+001  2.276510e+000
 2.891710e+000  7.535850e+000  2.237460e+000
 2.894340e+000  7.560610e+000  2.239500e+000
 2.896980e+000  8.265850e+000  2.265780e+000
 2.899610e+000  7.645600e+000  2.266720e+000
 2.902250e+000  8.910530e+000  2.264960e+000
 2.904880e+000  5.408050e+000  2.231950e+000
 2.907520e+000  9.479650e+000  2.269110e+000
 2.910150e+000  8.171990e+000  2.256970e+000
 2.912790e+000  8.800010e+000  2.272870e+000
 2.915420e+000  5.999690e+000  2.238360e+000
 2.918060e+000  4.615170e+000  2.246640e+000
 2.920690e+000  8.896840e+000  2.247760e+000
 2.923320e+000  9.885630e+000  2.262130e+000
 2.925960e+000  8.937160e+000  2.255920e+000
 2.928590e+000  7.190150e+000  2.238730e+000
 2.931230e+000  7.622000e+000  2.242500e+000
 2.933860e+000  9.804270e+000  2.229870e+000
 2.936500e+000  8.533210e+000  2.250060e+000
 2.939130e+000  8.783490e+000  2.226680e+000
 2.941770e+000  7.152080e+000  2.228850e+000
 2.944400e+000  7.994800e+000  2.237250e+000
 2.947040e+000  7.481250e+000  2.234290e+000
 2.949670e+000  5.604090e+000  2.220300e+000
 2.952310e+000  6.324090e+000  2.220900e+000
 2.954940e+000  5.430630e+000  2.239080e+000
 2.957580e+000  9.370990e+000  2.246250e+000
 2.960210e+000  9.379950e+000  2.259630e+000
 2.962840e+000  8.646010e+000  2.242560e+000
 2.965480e+000  7.778710e+000  2.247420e+000
 2.968110e+000  4.850190e+000  2.202460e+000
 2.970750e+000  9.717410e+000  2.248320e+000
 2.973380e+000  5.953690e+000  2.207100e+000
 2.976020e+000  7.344930e+000  2.237820e+000
 2.978650e+000  7.311720e+000  2.248160e+000
 2.981290e+000  6.005130e+000  2.228990e+000
 2.983920e+000  8.141480e+000  2.215490e+000
 2.986560e+000  9.803030e+000  2.249910e+000
 2.989190e+000  7.711870e+000  2.239940e+000
 2.991830e+000  5.107510e+000  2.237200e+000
 2.994460e+000  6.943600e+000  2.207430e+000
 2.997100e+000  8.851890e+000  2.248520e+000
 2.999730e+000  5.786890e+000  2.241890e+000
 3.002360e+000  6.737710e+000  2.253760e+000
 3.005000e+000  9.304160e+000  2.248470e+000
 3.007630e+000  5.745830e+000  2.228320e+000
 3.010270e+000  1.034830e+001  2.262230e+000
 3.012900e+000  6.127480e+000  2.229160e+000
 3.015540e+000  8.147750e+000  2.239900e+000
 3.018170e+000  4.228210e+000  2.203780e+000
 3.020810e+000  8.639030e+000  2.252220e+000
 3.023440e+000  1.186400e+001  2.239460e+000
 3.026080e+000  7.101210e+000  2.231700e+000
 3.028710e+000  5.010930e+000  2.227140e+000
 3.031350e+000  8.599030e+000  2.238980e+000
 3.033980e+000  5.735090e+000  2.221630e+000
 3.036620e+000  7.126360e+000  2.228720e+000
 3.039250e+000  1.056900e+001  2.241500e+000
 3.041880e+000  7.588850e+000  2.237800e+000
 3.044520e+000  8.311290e+000  2.259920e+000
 3.047150e+000  5.661920e+000  2.224960e+000
 3.049790e+000  9.473280e+000  2.230260e+000
 3.052420e+000  7.313200e+000  2.220580e+000
 3.055060e+000  9.937230e+000  2.262480e+000
 3.057690e+000  5.535240e+000  2.212590e+000
 3.060330e+000  7.022050e+000  2.238570e+000
 3.062960e+000  8.645830e+000  2.242160e+000
 3.065600e+000  1.045890e+001  2.249160e+000
 3.068230e+000  6.423350e+000  2.237410e+000
 3.070870e+000  6.292890e+000  2.222800e+000
 3.073500e+000  6.959930e+000  2.230400e+000
 3.076130e+000  1.034700e+001  2.241120e+000
 3.078770e+000  5.553030e+000  2.233550e+000
 3.081400e+000  4.544070e+000  2.225600e+000
 3.084040e+000  6.012090e+000  2.244410e+000
 3.086670e+000  8.019160e+000  2.241140e+000
 3.089310e+000  6.710950e+000  2.245080e+000
 3.091940e+000  6.672520e+000  2.226690e+000
 3.094580e+000  9.334760e+000  2.259670e+000
 3.097210e+000  7.534080e+000  2.241550e+000
 3.099850e+000  9.895850e+000  2.234150e+000
 3.102480e+000  1.254440e+001  2.234470e+000
 3.105120e+000  8.734640e+000  2.233670e+000
 3.107750e+000  7.133450e+000  2.238900e+000
 3.110390e+000  4.521440e+000  2.222530e+000
 3.113020e+000  6.691770e+000  2.223670e+000
 3.115650e+000  7.623000e+000  2.248530e+000
 3.118290e+000  6.488840e+000  2.239340e+000
 3.120920e+000  1.003990e+001  2.252310e+000
 3.123560e+000  6.252030e+000  2.252780e+000
 3.126190e+000  8.150170e+000  2.229310e+000
 3.128830e+000  9.515400e+000  2.239650e+000
 3.131460e+000  8.880370e+000  2.252800e+000
 3.134100e+000  8.153440e+000  2.238660e+000
 3.136730e+000  6.048950e+000  2.223390e+000
 3.139370e+000  8.124070e+000  2.243610e+000
 3.142000e+000  6.761950e+000  2.231810e+000
 3.144640e+000  5.576600e+000  2.236350e+000
 3.147270e+000  7.482290e+000  2.238120e+000
 3.149910e+000  6.879050e+000  2.249630e+000
 3.152540e+000  4.080530e+000  2.293980e+000
 3.155170e+000  4.292150e+000  2.334650e+000
 3.157810e+000  4.346120e+000  2.370130e+000
 3.160440e+000  5.229770e+000  2.393620e+000
 3.163080e+000  6.564730e+000  2.413370e+000
 3.165710e+000  1.120500e+001  2.460460e+000
 3.168350e+000  7.324360e+000  2.476430e+000
 3.170980e+000  7.286270e+000  2.442630e+000
 3.173620e+000  8.095130e+000  2.495940e+000
 3.176250e+000  1.250460e+001  2.534470e+000
 3.178890e+000  7.084170e+000  2.527140e+000
 3.181520e+000  9.609930e+000  2.546510e+000
 3.184160e+000  1.024460e+001  2.602540e+000
 3.186790e+000  7.478050e+000  2.579900e+000
 3.189430e+000  1.145560e+001  2.617470e+000
 3.192060e+000  8.915410e+000  2.571680e+000
 3.194690e+000  6.587070e+000  2.578970e+000
 3.197330e+000  5.447370e+000  2.583940e+000
 3.199960e+000  9.107840e+000  2.619800e+000
 3.202600e+000  5.823590e+000  2.624440e+000
 3.205230e+000  6.154480e+000  2.572880e+000
 3.207870e+000  6.710360e+000  2.505220e+000
 3.210500e+000  8.894070e+000  2.495230e+000
 3.213140e+000  9.132160e+000  2.479660e+000
 3.215770e+000  8.483760e+000  2.458700e+000
 3.218410e+000  2.967210e+000  2.431790e+000
 3.221040e+000  8.015930e+000  2.438220e+000
 3.223680e+000  8.199210e+000  2.425770e+000
 3.226310e+000  8.493170e+000  2.397810e+000
 3.228940e+000  6.932290e+000  2.391610e+000
 3.231580e+000  9.742850e+000  2.413330e+000
 3.234210e+000  9.650080e+000  2.395850e+000
 3.236850e+000  7.939630e+000  2.383160e+000
 3.239480e+000  5.395030e+000  2.368620e+000
 3.242120e+000  5.524320e+000  2.392830e+000
 3.244750e+000  5.750690e+000  2.368070e+000
 3.247390e+000  4.233040e+000  2.357970e+000
 3.250020e+000  6.042520e+000  2.345780e+000
 3.252660e+000  6.207280e+000  2.356510e+000
 3.255290e+000  5.632370e+000  2.325410e+000
 3.257930e+000  4.850430e+000  2.348260e+000
 3.260560e+000  3.645720e+000  2.306810e+000
 3.263200e+000  5.506320e+000  2.339350e+000
 3.265830e+000  9.412510e+000  2.384530e+000
 3.268460e+000  6.199160e+000  2.367130e+000
 3.271100e+000  2.215430e+000  2.334470e+000
 3.273730e+000  9.323680e+000  2.347480e+000
 3.276370e+000  7.160790e+000  2.329880e+000
 3.279000e+000  5.563090e+000  2.307950e+000
 3.281640e+000  7.101760e+000  2.322010e+000
 3.284270e+000  7.258120e+000  2.327670e+000
 3.286910e+000  3.362470e+000  2.310750e+000
 3.289540e+000  7.134000e+000  2.362880e+000
 3.292180e+000  6.300750e+000  2.332060e+000
 3.294810e+000  6.231970e+000  2.320240e+000
 3.297450e+000  2.515610e+000  2.316500e+000
 3.300080e+000  4.804290e+000  2.329360e+000
 3.302720e+000  5.113690e+000  2.329330e+000
 3.305350e+000  4.303190e+000  2.309220e+000
 3.307980e+000  7.218110e+000  2.333680e+000
 3.310620e+000  8.523960e+000  2.339840e+000
 3.313250e+000  6.044650e+000  2.305130e+000
 3.315890e+000  7.616210e+000  2.311660e+000
 3.318520e+000  7.991070e+000  2.313920e+000
 3.321160e+000  6.235610e+000  2.334140e+000
 3.323790e+000  5.994150e+000  2.325240e+000
 3.326430e+000  2.582930e+000  2.294190e+000
 3.329060e+000  5.808450e+000  2.278860e+000
 3.331700e+000  8.158870e+000  2.320110e+000
 3.334330e+000  8.611350e+000  2.321380e+000
 3.336970e+000  7.095770e+000  2.304310e+000
 3.339600e+000  6.466750e+000  2.283420e+000
 3.342240e+000  6.334760e+000  2.297540e+000
 3.344870e+000  5.894970e+000  2.294910e+000
 3.347500e+000  7.978210e+000  2.291980e+000
 3.350140e+000  5.976090e+000  2.275200e+000
 3.352770e+000  4.427250e+000  2.286540e+000
 3.355410e+000  6.384570e+000  2.286470e+000
 3.358040e+000  4.153910e+000  2.259170e+000
 3.360680e+000  4.090970e+000  2.269960e+000
 3.363310e+000  8.064010e+000  2.278590e+000
 3.365950e+000  7.161800e+000  2.299060e+000
 3.368580e+000  4.939840e+000  2.280290e+000
 3.371220e+000  4.828330e+000  2.276480e+000
 3.373850e+000  8.267050e+000  2.272470e+000
 3.376490e+000  1.074220e+001  2.302020e+000
 3.379120e+000  7.474050e+000  2.302300e+000
 3.381750e+000  6.343190e+000  2.272860e+000
 3.384390e+000  5.820800e+000  2.274980e+000
 3.387020e+000  4.139400e+000  2.270300e+000
 3.389660e+000  7.167390e+000  2.289040e+000
 3.392290e+000  6.984240e+000  2.266860e+000
 3.394930e+000  4.890480e+000  2.268620e+000
 3.397560e+000  6.332960e+000  2.277750e+000
 3.400200e+000  5.225990e+000  2.270270e+000
 3.402830e+000  6.879520e+000  2.265660e+000
 3.405470e+000  7.476810e+000  2.270440e+000
 3.408100e+000  8.432120e+000  2.265120e+000
 3.410740e+000  7.449430e+000  2.308090e+000
 3.413370e+000  7.866040e+000  2.286860e+000
 3.416010e+000  6.469560e+000  2.275170e+000
 3.418640e+000  4.162510e+000  2.291980e+000
 3.421270e+000  3.474680e+000  2.264080e+000
 3.423910e+000  3.779310e+000  2.273750e+000
 3.426540e+000  7.938930e+000  2.271340e+000
 3.429180e+000  7.097280e+000  2.290890e+000
 3.431810e+000  6.819160e+000  2.288350e+000
 3.434450e+000  8.049880e+000  2.309400e+000
 3.437080e+000  7.955040e+000  2.296550e+000
 3.439720e+000  5.973230e+000  2.288670e+000
 3.442350e+000  6.868920e+000  2.278130e+000
 3.444990e+000  6.598210e+000  2.282680e+000
 3.447620e+000  8.190370e+000  2.253200e+000
 3.450260e+000  5.730680e+000  2.279710e+000
 3.452890e+000  7.881510e+000  2.270760e+000
 3.455530e+000  4.257550e+000  2.267850e+000
 3.458160e+000  7.691850e+000  2.296210e+000
 3.460790e+000  5.122030e+000  2.256530e+000
 3.463430e+000  4.011870e+000  2.257590e+000
 3.466060e+000  4.761000e+000  2.270300e+000
 3.468700e+000  4.045800e+000  2.273930e+000
 3.471330e+000  7.475750e+000  2.267590e+000
 3.473970e+000  8.740120e+000  2.282350e+000
 3.476600e+000  8.637470e+000  2.269580e+000
 3.479240e+000  9.800640e+000  2.316920e+000
 3.481870e+000  2.933830e+000  2.270660e+000
 3.484510e+000  4.786360e+000  2.263790e+000
 3.487140e+000  3.303750e+000  2.247170e+000
 3.489780e+000  5.031640e+000  2.270800e+000
 3.492410e+000  4.689770e+000  2.262540e+000
 3.495040e+000  7.388470e+000  2.245050e+000
 3.497680e+000  8.918870e+000  2.274930e+000
 3.500310e+000  1.052050e+001  2.297540e+000
 3.502950e+000  6.772950e+000  2.269110e+000
 3.505580e+000  7.789800e+000  2.261500e+000
 3.508220e+000  6.598240e+000  2.266420e+000
 3.510850e+000  7.625320e+000  2.253030e+000
 3.513490e+000  4.126250e+000  2.284290e+000
 3.516120e+000  6.781130e+000  2.272350e+000
 3.518760e+000  6.428070e+000  2.271060e+000
 3.521390e+000  8.237230e+000  2.267550e+000
 3.524030e+000  8.170190e+000  2.263360e+000
 3.526660e+000  5.667160e+000  2.262890e+000
 3.529300e+000  4.829430e+000  2.270540e+000
 3.531930e+000  5.798290e+000  2.276460e+000
 3.534560e+000  4.629550e+000  2.271540e+000
 3.537200e+000  9.591350e+000  2.276300e+000
 3.539830e+000  7.212390e+000  2.262200e+000
 3.542470e+000  6.767920e+000  2.255150e+000
 3.545100e+000  6.284790e+000  2.238730e+000
 3.547740e+000  4.328150e+000  2.243940e+000
 3.550370e+000  6.018210e+000  2.243220e+000
 3.553010e+000  8.365090e+000  2.280790e+000
 3.555640e+000  4.952990e+000  2.267280e+000
 3.558280e+000  6.647790e+000  2.280340e+000
 3.560910e+000  5.440400e+000  2.247520e+000
 3.563550e+000  5.269790e+000  2.277900e+000
 3.566180e+000  8.810950e+000  2.281880e+000
 3.568820e+000  6.344010e+000  2.256250e+000
 3.571450e+000  7.721070e+000  2.264200e+000
 3.574080e+000  5.889550e+000  2.269530e+000
 3.576720e+000  6.642910e+000  2.264640e+000
 3.579350e+000  9.254720e+000  2.272300e+000
 3.581990e+000  5.709910e+000  2.267630e+000
 3.584620e+000  3.966910e+000  2.237780e+000
 3.587260e+000  5.428080e+000  2.254800e+000
 3.589890e+000  7.739010e+000  2.263240e+000
 3.592530e+000  3.290970e+000  2.244950e+000
 3.595160e+000  3.779890e+000  2.266520e+000
 3.597800e+000  7.471170e+000  2.286980e+000
 3.600430e+000  5.033120e+000  2.246630e+000
 3.603070e+000  7.263730e+000  2.265940e+000
 3.605700e+000  5.221600e+000  2.244170e+000
 3.608340e+000  6.565870e+000  2.246050e+000
 3.610970e+000  5.511290e+000  2.257430e+000
 3.613600e+000  6.437120e+000  2.237440e+000
 3.616240e+000  7.026230e+000  2.262670e+000
 3.618870e+000  8.189870e+000  2.260730e+000
 3.621510e+000  7.007390e+000  2.263220e+000
 3.624140e+000  4.678650e+000  2.265150e+000
 3.626780e+000  4.514730e+000  2.265300e+000
 3.629410e+000  5.988680e+000  2.241980e+000
 3.632050e+000  6.067280e+000  2.257480e+000
 3.634680e+000  4.722210e+000  2.239760e+000
 3.637320e+000  4.303930e+000  2.244860e+000
 3.639950e+000  8.114040e+000  2.274690e+000
 3.642590e+000  9.382690e+000  2.294780e+000
 3.645220e+000  5.759490e+000  2.285560e+000
 3.647850e+000  4.558890e+000  2.260990e+000
 3.650490e+000  5.243840e+000  2.239950e+000
 3.653120e+000  2.235530e+000  2.253040e+000
 3.655760e+000  6.553570e+000  2.276900e+000
 3.658390e+000  8.118390e+000  2.261290e+000
 3.661030e+000  7.680370e+000  2.277710e+000
 3.663660e+000  4.691760e+000  2.263670e+000
 3.666300e+000  3.788170e+000  2.266380e+000
 3.668930e+000  6.240650e+000  2.268440e+000
 3.671570e+000  4.648650e+000  2.258060e+000
 3.674200e+000  4.763640e+000  2.248560e+000
 3.676840e+000  4.683360e+000  2.275620e+000
 3.679470e+000  8.105070e+000  2.290790e+000
 3.682110e+000  4.944360e+000  2.250260e+000
 3.684740e+000  7.260400e+000  2.266260e+000
 3.687370e+000  7.562650e+000  2.271710e+000
 3.690010e+000  5.724990e+000  2.290930e+000
 3.692640e+000  5.460350e+000  2.295150e+000
 3.695280e+000  3.703890e+000  2.270420e+000
 3.697910e+000  4.260520e+000  2.255350e+000
 3.700550e+000  2.744750e+000  2.239720e+000
 3.703180e+000  9.747730e+000  2.283890e+000
 3.705820e+000  8.053480e+000  2.276630e+000
 3.708450e+000  7.933430e+000  2.302490e+000
 3.711090e+000  3.346430e+000  2.358270e+000
 3.713720e+000  5.512880e+000  2.371650e+000
 3.716360e+000  3.963930e+000  2.404430e+000
 3.718990e+000  3.056750e+000  2.404200e+000
 3.721630e+000  5.328390e+000  2.467160e+000
 3.724260e+000  7.306000e+000  2.510700e+000
 3.726890e+000  6.897010e+000  2.531000e+000
 3.729530e+000  5.767570e+000  2.536660e+000
 3.732160e+000  6.285560e+000  2.568550e+000
 3.734800e+000  8.500920e+000  2.599730e+000
 3.737430e+000  7.527920e+000  2.591520e+000
 3.740070e+000  5.143270e+000  2.595210e+000
 3.742700e+000  7.315350e+000  2.645520e+000
 3.745340e+000  6.192190e+000  2.645160e+000
 3.747970e+000  8.318760e+000  2.691870e+000
 3.750610e+000  4.680110e+000  2.653810e+000
 3.753240e+000  6.166690e+000  2.746520e+000
 3.755880e+000  3.667010e+000  2.754000e+000
 3.758510e+000  8.441750e+000  2.801330e+000
 3.761150e+000  1.017590e+001  2.788430e+000
 3.763780e+000  9.364710e+000  2.785450e+000
 3.766410e+000  5.897570e+000  2.680400e+000
 3.769050e+000  8.837410e+000  2.659800e+000
 3.771680e+000  4.505950e+000  2.626830e+000
 3.774320e+000  6.914750e+000  2.611290e+000
 3.776950e+000  5.950960e+000  2.602350e+000
 3.779590e+000  7.832920e+000  2.585680e+000
 3.782220e+000  5.917450e+000  2.515560e+000
 3.784860e+000  5.819280e+000  2.533060e+000
 3.787490e+000  3.238590e+000  2.525780e+000
 3.790130e+000  6.775190e+000  2.534880e+000
 3.792760e+000  5.288830e+000  2.533490e+000
 3.795400e+000  6.148440e+000  2.511820e+000
 3.798030e+000  3.064350e+000  2.505010e+000
 3.800660e+000  7.495720e+000  2.539190e+000
 3.803300e+000  9.651070e-001  2.507170e+000
 3.805930e+000  2.258510e+000  2.515360e+000
 3.808570e+000  6.443090e+000  2.528650e+000
 3.811200e+000  4.604690e+000  2.488850e+000
 3.813840e+000  5.574070e+000  2.513310e+000
 3.816470e+000  8.993190e+000  2.516330e+000
 3.819110e+000  6.294760e+000  2.478350e+000
 3.821740e+000  6.125960e+000  2.496910e+000
 3.824380e+000  1.189950e+000  2.458540e+000
 3.827010e+000  2.032800e+000  2.474810e+000
 3.829650e+000  3.440670e+000  2.480490e+000
 3.832280e+000  9.899370e+000  2.471660e+000
 3.834920e+000  7.101650e+000  2.511810e+000
 3.837550e+000  8.212240e+000  2.531030e+000
 3.840180e+000  2.997760e+000  2.495170e+000
 3.842820e+000  1.857210e+000  2.490510e+000
 3.845450e+000  6.036560e+000  2.525680e+000
 3.848090e+000  5.030600e+000  2.518270e+000
 3.850720e+000  4.263950e+000  2.509060e+000
 3.853360e+000  4.152010e+000  2.519520e+000
 3.855990e+000  7.833200e+000  2.531600e+000
 3.858630e+000  5.449040e+000  2.517150e+000
 3.861260e+000  7.124120e+000  2.539230e+000
 3.863900e+000  1.525720e+000  2.495790e+000
 3.866530e+000  5.117630e+000  2.504570e+000
 3.869170e+000  3.587290e+000  2.509550e+000
 3.871800e+000  1.732630e+000  2.512180e+000
 3.874440e+000  4.805240e+000  2.536040e+000
 3.877070e+000  4.122410e+000  2.508750e+000
 3.879700e+000  5.667680e+000  2.520700e+000
 3.882340e+000  4.648950e+000  2.541550e+000
 3.884970e+000  5.660710e+000  2.519650e+000
 3.887610e+000  8.060390e+000  2.535320e+000
 3.890240e+000  7.297030e+000  2.551640e+000
 3.892880e+000  7.443990e+000  2.551490e+000
 3.895510e+000  4.007480e+000  2.533930e+000
 3.898150e+000  6.921120e+000  2.537970e+000
 3.900780e+000  3.356840e+000  2.516470e+000
 3.903420e+000  6.265730e+000  2.542220e+000
 3.906050e+000  3.004150e+000  2.509460e+000
 3.908690e+000  9.484230e+000  2.561300e+000
 3.911320e+000  8.500600e+000  2.563650e+000
 3.913960e+000  7.492950e+000  2.563860e+000
 3.916590e+000  9.429210e+000  2.567800e+000
 3.919220e+000  1.950510e+000  2.510600e+000
 3.921860e+000  4.466450e+000  2.541530e+000
 3.924490e+000  2.517080e+000  2.508090e+000
 3.927130e+000  1.834330e+000  2.525070e+000
 3.929760e+000  4.153610e+000  2.531700e+000
 3.932400e+000  6.062470e+000  2.585070e+000
 3.935030e+000  3.773080e+000  2.527660e+000
 3.937670e+000  6.923080e+000  2.582370e+000
 3.940300e+000  5.756760e+000  2.543840e+000
 3.942940e+000  6.045970e+000  2.572090e+000
 3.945570e+000  5.888800e+000  2.565300e+000
 3.948210e+000  2.031150e+000  2.559140e+000
 3.950840e+000  8.307200e-001  2.562090e+000
 3.953470e+000  4.408560e+000  2.547390e+000
 3.956110e+000  4.878800e+000  2.547990e+000
 3.958740e+000  3.393970e+000  2.561500e+000
 3.961380e+000  7.604930e-001  2.569350e+000
 3.964010e+000  2.478270e+000  2.558980e+000
 3.966650e+000  5.292310e+000  2.569270e+000
 3.969280e+000  6.230950e+000  2.581380e+000
 3.971920e+000  4.210320e+000  2.552950e+000
 3.974550e+000  1.760910e+000  2.503900e+000
 3.977190e+000  4.879230e+000  2.531860e+000
 3.979820e+000  7.114230e+000  2.554170e+000
 3.982460e+000  4.438970e+000  2.529010e+000
 3.985090e+000  4.268610e+000  2.555770e+000
 3.987730e+000  5.046990e+000  2.537750e+000
 3.990360e+000  7.468010e+000  2.537860e+000
 3.992990e+000  9.241390e+000  2.537240e+000
 3.995630e+000  3.732550e+000  2.526350e+000
 3.998260e+000  2.198690e+000  2.474550e+000
 4.000900e+000  8.473150e+000  2.559330e+000
 4.003530e+000  2.653570e+000  2.540960e+000
 4.006170e+000  4.241950e+000  2.552380e+000
 4.008800e+000  5.778630e+000  2.544250e+000
 4.011440e+000  8.422200e+000  2.558430e+000
 4.014070e+000  8.931950e+000  2.599570e+000
 4.016710e+000  4.504130e+000  2.583300e+000
 4.019340e+000  2.753570e+000  2.567060e+000
 4.021980e+000  4.705670e+000  2.587220e+000
 4.024610e+000  3.833110e+000  2.582000e+000
 4.027250e+000  6.702120e+000  2.623150e+000
 4.029880e+000  2.756480e+000  2.603690e+000
 4.032510e+000  7.186970e+000  2.601060e+000
 4.035150e+000  5.359190e+000  2.616860e+000
 4.037780e+000  4.441130e+000  2.627180e+000
 4.040420e+000  5.388560e+000  2.628010e+000
 4.043050e+000  4.640030e+000  2.599400e+000
 4.045690e+000  5.570480e+000  2.623920e+000
 4.048320e+000  5.048670e+000  2.607260e+000
 4.050960e+000  3.055710e+000  2.623000e+000
 4.053590e+000  4.645760e+000  2.626400e+000
 4.056230e+000  6.497080e+000  2.641610e+000
 4.058860e+000  8.298920e+000  2.622490e+000
 4.061500e+000  6.896010e+000  2.639910e+000
 4.064130e+000  1.993000e+000  2.595760e+000
 4.066760e+000  2.735120e+000  2.648880e+000
 4.069400e+000  5.894400e+000  2.661660e+000
 4.072030e+000  3.495470e+000  2.625570e+000
 4.074670e+000  5.913150e+000  2.656600e+000
 4.077300e+000  8.425960e+000  2.685620e+000
 4.079940e+000  5.684280e+000  2.696020e+000
 4.082570e+000  5.079800e+000  2.667340e+000
 4.085210e+000  2.812970e+000  2.636540e+000
 4.087840e+000  5.112950e+000  2.659190e+000
 4.090480e+000  1.298690e+000  2.656630e+000
 4.093110e+000  3.286440e+000  2.680530e+000
 4.095750e+000  5.337710e+000  2.678620e+000
 4.098380e+000  1.082130e+000  2.621760e+000
 4.101020e+000  5.268010e+000  2.717550e+000
 4.103650e+000  7.916750e+000  2.726130e+000
 4.106280e+000  5.158480e+000  2.658600e+000
 4.108920e+000  1.530050e+000  2.680060e+000
 4.111550e+000  2.430640e+000  2.667400e+000
 4.114190e+000  7.306010e+000  2.706250e+000
 4.116820e+000  2.605810e+000  2.680720e+000
 4.119460e+000  4.698250e+000  2.695140e+000
 4.122090e+000  2.030190e+000  2.674020e+000
 4.124730e+000  4.960680e+000  2.680420e+000
 4.127360e+000  5.994170e+000  2.694970e+000
 4.130000e+000  5.749480e+000  2.715940e+000
 4.132630e+000  3.932930e+000  2.710620e+000
 4.135270e+000  5.777370e+000  2.738410e+000
 4.137900e+000  8.345550e+000  2.771280e+000
 4.140540e+000  7.278910e+000  2.731380e+000
 4.143170e+000  7.847910e+000  2.757500e+000
 4.145800e+000  5.581670e+000  2.706470e+000
 4.148440e+000  9.071680e+000  2.760510e+000
 4.151070e+000  5.152030e+000  2.693770e+000
 4.153710e+000  4.450160e+000  2.724210e+000
 4.156340e+000  9.624440e+000  2.720320e+000
 4.158980e+000  9.580930e+000  2.725270e+000
 4.161610e+000  5.373560e+000  2.682850e+000
 4.164250e+000  5.203710e+000  2.727530e+000
 4.166880e+000  5.297840e+000  2.712180e+000
 4.169520e+000  7.277310e+000  2.730940e+000
 4.172150e+000  4.322590e+000  2.702880e+000
 4.174790e+000  7.238290e+000  2.740920e+000
 4.177420e+000  7.063520e+000  2.714650e+000
 4.180060e+000  8.134800e+000  2.738710e+000
 4.182690e+000  3.935270e+000  2.738600e+000
 4.185320e+000  6.002360e+000  2.720710e+000
 4.187960e+000  4.917610e+000  2.726600e+000
 4.190590e+000  3.557710e+000  2.701180e+000
 4.193230e+000  1.128630e+001  2.778270e+000
 4.195860e+000  9.159310e+000  2.789780e+000
 4.198500e+000  2.107810e+000  2.738940e+000
 4.201130e+000  4.283570e+000  2.736450e+000
 4.203770e+000  4.241250e+000  2.775040e+000
 4.206400e+000  3.349110e+000  2.793470e+000
 4.209040e+000  3.112200e+000  2.801200e+000
 4.211670e+000 -1.601630e+000  2.774310e+000
 4.214310e+000  6.292130e-001  2.820680e+000
 4.216940e+000  8.805070e-001  2.791140e+000
 4.219570e+000  8.619950e+000  2.818140e+000
 4.222210e+000  4.799950e+000  2.780080e+000
 4.224840e+000  4.716200e+000  2.796380e+000
 4.227480e+000  6.034690e+000  2.834680e+000
 4.230110e+000  1.033740e+001  2.851760e+000
 4.232750e+000  6.890680e+000  2.825830e+000
 4.235380e+000  4.308250e+000  2.817770e+000
 4.238020e+000  1.231790e+000  2.860660e+000
 4.240650e+000  4.349530e+000  2.840870e+000
 4.243290e+000  7.118720e+000  2.890950e+000
 4.245920e+000  3.392350e+000  2.871670e+000
 4.248560e+000  2.871670e+000  2.884680e+000
 4.251190e+000  3.081710e+000  2.890740e+000
 4.253830e+000  5.128690e+000  2.898210e+000
 4.256460e+000  7.888590e+000  2.898290e+000
 4.259090e+000  4.473810e+000  2.887480e+000
 4.261730e+000  4.908280e+000  2.921430e+000
 4.264360e+000  6.043850e+000  2.948620e+000
 4.267000e+000  6.752730e+000  3.060680e+000
 4.269630e+000  4.025410e+000  3.156460e+000
 4.272270e+000  7.221650e+000  3.358330e+000
 4.274900e+000  4.069080e+000  3.362130e+000
 4.277540e+000  4.778790e+000  3.458230e+000
 4.280170e+000  5.092430e+000  3.526750e+000
 4.282810e+000  6.078250e+000  3.638760e+000
 4.285440e+000  5.497810e+000  3.568580e+000
 4.288080e+000  1.103770e+000  3.552220e+000
 4.290710e+000  5.711050e+000  3.685060e+000
 4.293350e+000  5.339000e+000  3.725080e+000
 4.295980e+000  1.034010e+000  3.769110e+000
 4.298610e+000 -1.837360e+000  3.708340e+000
 4.301250e+000  4.557250e+000  3.778200e+000
 4.303880e+000  5.049410e+000  3.759180e+000
 4.306520e+000  4.945470e+000  3.767550e+000
 4.309150e+000  5.247170e+000  3.780800e+000
 4.311790e+000  4.373360e+000  3.862070e+000
 4.314420e+000  1.062870e+000  3.925360e+000
 4.317060e+000  5.920930e+000  3.958100e+000
 4.319690e+000  3.547230e+000  3.904750e+000
 4.322330e+000  4.236270e-001  4.010190e+000
 4.324960e+000  3.959760e+000  3.980000e+000
 4.327600e+000  5.707280e+000  4.046070e+000
 4.330230e+000  4.768230e+000  4.107800e+000
 4.332870e+000  1.755610e+000  4.112630e+000
 4.335500e+000  5.330110e+000  4.184530e+000
 4.338130e+000  2.614170e+000  4.157880e+000
 4.340770e+000  7.555050e+000  4.202890e+000
 4.343400e+000  4.173390e+000  4.286890e+000
 4.346040e+000  4.066690e+000  4.257740e+000
 4.348670e+000  5.861600e+000  4.253920e+000
 4.351310e+000 -2.249600e-001  4.303040e+000
 4.353940e+000  3.701040e+000  4.346220e+000
 4.356580e+000  9.579730e-001  4.362000e+000
 4.359210e+000  2.147810e+000  4.294690e+000
 4.361850e+000 -2.917710e+000  4.360670e+000
 4.364480e+000  2.598430e+000  4.399520e+000
 4.367120e+000  7.179840e+000  4.407610e+000
 4.369750e+000  7.741210e+000  4.580960e+000
 4.372380e+000  6.109750e+000  4.566940e+000
 4.375020e+000  5.939250e+000  4.690140e+000
 4.377650e+000  2.710670e+000  4.694440e+000
 4.380290e+000 -1.026720e+000  4.637080e+000
 4.382920e+000  4.520670e+000  4.609650e+000
 4.385560e+000  6.561290e+000  4.678220e+000
 4.388190e+000  1.233330e+001  4.773520e+000
 4.390830e+000  1.337220e+001  4.929930e+000
 4.393460e+000  6.024590e+000  4.822110e+000
 4.396100e+000  4.990210e+000  4.863880e+000
 4.398730e+000  5.636610e+000  4.772840e+000
 4.401370e+000 -2.793070e-001  4.824900e+000
 4.404000e+000  3.247790e+000  4.939760e+000
 4.406640e+000  1.089050e+001  5.116020e+000
 4.409270e+000  1.921590e+000  4.945550e+000
 4.411900e+000  7.929130e+000  5.076170e+000
 4.414540e+000  7.368680e+000  5.068370e+000
 4.417170e+000  2.229250e+000  5.046070e+000
 4.419810e+000  7.258440e+000  5.102650e+000
 4.422440e+000  1.229270e+001  5.208680e+000
 4.425080e+000  5.682800e+000  5.246070e+000
 4.427710e+000  5.887170e+000  5.273070e+000
 4.430350e+000  5.210440e+000  5.256980e+000
 4.432980e+000  1.667370e+000  5.285900e+000
 4.435620e+000  9.209520e+000  5.475020e+000
 4.438250e+000  4.979390e+000  5.496330e+000
 4.440890e+000 -2.007240e+000  5.463850e+000
 4.443520e+000 -1.648670e-001  5.468230e+000
 4.446160e+000  1.130060e+001  5.685760e+000
 4.448790e+000 -1.042880e+000  5.483940e+000
 4.451420e+000  7.437730e+000  5.616220e+000
 4.454060e+000  2.252250e+000  5.564760e+000
 4.456690e+000 -1.218010e+000  5.673100e+000
 4.459330e+000  6.831000e+000  5.864940e+000
 4.461960e+000 -1.413470e-001  5.739140e+000
 4.464600e+000  2.122070e+000  5.877290e+000
 4.467230e+000 -1.411360e+000  5.966560e+000
 4.469870e+000  5.833360e+000  6.055080e+000
 4.472500e+000  1.156240e+001  6.192630e+000
 4.475140e+000  6.209390e+000  6.099950e+000
 4.477770e+000  5.485870e-001  6.166380e+000
 4.480410e+000  1.716430e+000  5.977570e+000
 4.483040e+000 -7.209550e+000  5.895810e+000
 4.485680e+000 -2.150950e+000  6.136140e+000
 4.488310e+000  5.856560e+000  6.107080e+000
 4.490940e+000  1.263210e+000  6.246320e+000
 4.493580e+000  1.021100e+001  6.519800e+000
 4.496210e+000 -1.608130e-001  6.352930e+000
 4.498850e+000  2.625510e+000  6.464420e+000
 4.501480e+000  1.487480e+000  6.895060e+000
 4.504120e+000  1.480590e+001  6.835260e+000
 4.506750e+000  1.239240e+001  7.165160e+000
 4.509390e+000  2.063270e+001  1.148800e+001
#parent: C:/Users/vives/AppData/Local/Temp/qt_temp.Yl2596
#parent-concentration: 2.000 / 1.1083
#parent: C:/Users/vives/AppData/Local/Temp/qt_temp.aP2596
#parent-concentration: 7.500
#creator: almerge
#creator-version: 1.1 (r4556)
