 # q,I,sigma
 # errors rescaled with constant factor:    1.03774810    
 # factor also written to scale_factor.d
   6.57653995E-03   1.53609002       1.63118434    
   8.00715014E-03  0.976988018      0.319255948    
   9.43776965E-03   1.12620997      0.115020886    
   1.08684003E-02   1.24050999       6.84842169E-02
   1.22990003E-02   1.19869006       4.86394614E-02
   1.37296002E-02   1.14848995       2.58674286E-02
   1.51602002E-02   1.10328996       2.34741736E-02
   1.65908001E-02   1.13761997       2.07329616E-02
   1.80214997E-02   1.08329999       2.28163451E-02
   1.94521006E-02   1.13192999       2.30351016E-02
   2.08826996E-02   1.09905005       2.34502014E-02
   2.23133005E-02   1.07954001       2.07414720E-02
   2.37438995E-02   1.03768003       1.50083285E-02
   2.51745004E-02   1.04507005       1.66560654E-02
   2.66050994E-02   1.06229997       1.82638485E-02
   2.80358009E-02   1.03585994       1.46482289E-02
   2.94663999E-02   1.03742003       1.42990267E-02
   3.08970008E-02   1.03137004       1.33174211E-02
   3.23275998E-02  0.996304989       1.56556759E-02
   3.37582007E-02  0.988879025       1.44925676E-02
   3.51888016E-02  0.966278970       1.38410693E-02
   3.66194993E-02  0.942254007       1.20001044E-02
   3.80501002E-02  0.905278027       1.35237258E-02
   3.94807011E-02  0.932437003       1.23049943E-02
   4.09112982E-02  0.891611993       1.26530547E-02
   4.23418991E-02  0.869441986       1.39672589E-02
   4.37725000E-02  0.845219016       1.06287198E-02
   4.52031009E-02  0.836849988       1.13088600E-02
   4.66337986E-02  0.810339987       1.15088345E-02
   4.80643995E-02  0.806708992       1.10617727E-02
   4.94950004E-02  0.807137012       1.20166037E-02
   5.09256013E-02  0.761111975       1.10422624E-02
   5.23561984E-02  0.765582979       1.05371904E-02
   5.37867993E-02  0.747597992       1.07168248E-02
   5.52174002E-02  0.715232015       1.08378259E-02
   5.66481017E-02  0.697362006       9.76006221E-03
   5.80786988E-02  0.692475975       1.06283054E-02
   5.95092997E-02  0.664454997       9.61501617E-03
   6.09399006E-02  0.650610983       9.58461035E-03
   6.23705015E-02  0.621327996       9.24556796E-03
   6.38011023E-02  0.629437983       9.07461997E-03
   6.52317032E-02  0.617639005       9.74995550E-03
   6.66624010E-02  0.585005999       9.03023500E-03
   6.80930018E-02  0.574335992       8.51965230E-03
   6.95236027E-02  0.553034008       8.66881851E-03
   7.09542036E-02  0.550383985       8.21475219E-03
   7.23847970E-02  0.536701977       8.54268018E-03
   7.38153979E-02  0.522346973       7.91653339E-03
   7.52461031E-02  0.487268001       7.68860290E-03
   7.66766965E-02  0.490020990       7.11852638E-03
   7.81072974E-02  0.485626996       7.42525375E-03
   7.95378983E-02  0.456914008       7.73380697E-03
   8.09684992E-02  0.466161996       6.94221305E-03
   8.23991001E-02  0.437911004       7.38541456E-03
   8.38297009E-02  0.427673012       6.66504074E-03
   8.52603987E-02  0.417625993       6.57590851E-03
   8.66909996E-02  0.399363995       7.14421086E-03
   8.81216004E-02  0.388972998       6.47502905E-03
   8.95522013E-02  0.381040007       7.08336756E-03
   9.09828022E-02  0.368921012       6.88842684E-03
   9.24134031E-02  0.368882000       6.60498673E-03
   9.38439965E-02  0.347166002       6.78127911E-03
   9.52747017E-02  0.345546991       6.58021541E-03
   9.67053026E-02  0.335808992       6.24220027E-03
   9.81359035E-02  0.324319005       5.65354759E-03
   9.95664969E-02  0.304544002       5.88281779E-03
  0.100997001      0.295839995       5.84273972E-03
  0.102427997      0.289844006       5.81706595E-03
  0.103858002      0.280267000       5.93481911E-03
  0.105288997      0.276107997       5.91388764E-03
  0.106720001      0.262452006       5.79619640E-03
  0.108149998      0.270996004       5.36178472E-03
  0.109581001      0.255906999       5.38628595E-03
  0.111010998      0.247269005       5.38794650E-03
  0.112442002      0.238891006       5.68739930E-03
  0.113872997      0.233138993       5.28032193E-03
  0.115303002      0.228854999       5.38444938E-03
  0.116733998      0.221494004       5.17372414E-03
  0.118164003      0.219780996       5.23593742E-03
  0.119594999      0.205875993       5.29394718E-03
  0.121026002      0.209666997       4.95457277E-03
  0.122455999      0.201587006       5.11622243E-03
  0.123887002      0.200893998       4.96105850E-03
  0.125318006      0.200311005       4.82888054E-03
  0.126747996      0.185169995       4.97228699E-03
  0.128178999      0.178326994       4.97801509E-03
  0.129609004      0.192008004       4.99996357E-03
  0.131040007      0.172767997       4.74216649E-03
  0.132470995      0.168363005       4.67048911E-03
  0.133901000      0.166061997       4.54824232E-03
  0.135332003      0.169633001       4.57203807E-03
  0.136761993      0.163332999       4.86816978E-03
  0.138192996      0.162952006       4.74554906E-03
  0.139624000      0.150919005       4.72646533E-03
  0.141054004      0.150481999       4.89430036E-03
  0.142484993      0.146631002       4.59720334E-03
  0.143915996      0.135912001       4.79541300E-03
  0.145346001      0.139890000       4.94578294E-03
  0.146777004      0.138420001       4.51791938E-03
  0.148206994      0.140515000       4.74627595E-03
  0.149637997      0.130539998       4.80444171E-03
  0.151069000      0.132088006       4.54588700E-03
  0.152499005      0.127941996       4.62284591E-03
  0.153929994      0.122651003       4.85576876E-03
  0.155359998      0.124123000       4.87200962E-03
  0.156791002      0.113233998       4.38496284E-03
  0.158222005      0.111382999       4.68302518E-03
  0.159651995      0.114818998       4.88032168E-03
  0.161082998      0.101999000       4.69054887E-03
  0.162514001      0.107551999       5.01072546E-03
  0.163944006      0.108840004       4.41141566E-03
  0.165374994      0.107221998       4.74460516E-03
  0.166804999       9.21863019E-02   4.86058369E-03
  0.168236002       9.44973007E-02   4.90172021E-03
  0.169667006      0.100598998       4.74728271E-03
  0.171096995       9.43429992E-02   4.63525765E-03
  0.172527999       9.37201008E-02   4.82300716E-03
  0.173958004       8.82029012E-02   4.91064508E-03
  0.175389007       8.82214010E-02   4.61308099E-03
  0.176819995       8.41298029E-02   5.14982501E-03
  0.178250000       7.88358971E-02   4.79268376E-03
  0.179681003       8.26278999E-02   4.66341153E-03
  0.181112006       8.19825977E-02   5.06602647E-03
  0.182541996       7.27569014E-02   4.67669498E-03
  0.183972999       7.27284029E-02   5.04008308E-03
  0.185403004       6.93008974E-02   4.67118435E-03
  0.186833993       7.54216015E-02   4.87618148E-03
  0.188264996       7.04748034E-02   4.84672980E-03
  0.189695001       6.47407025E-02   4.45839390E-03
  0.191126004       6.30012006E-02   4.69122361E-03
  0.192555994       6.27541021E-02   4.81486088E-03
  0.193986997       5.72623983E-02   4.78341663E-03
  0.195418000       5.67375012E-02   5.11611858E-03
  0.196848005       5.50348982E-02   5.00788167E-03
  0.198278993       5.61343990E-02   5.23070665E-03
  0.199709997       5.04845008E-02   5.11474907E-03
  0.201140001       4.21076007E-02   4.90744831E-03
  0.202571005       4.10147011E-02   4.89773508E-03
  0.204000995       4.83692996E-02   4.63981321E-03
  0.205431998       4.11458015E-02   4.75827232E-03
  0.206863001       4.22708988E-02   4.83283447E-03
  0.208293006       4.84387986E-02   4.84616915E-03
  0.209723994       4.98026013E-02   4.78646811E-03
  0.211153999       4.37994003E-02   4.93527018E-03
  0.212585002       3.74860018E-02   4.54269024E-03
  0.214016005       3.17832008E-02   4.89689456E-03
  0.215445995       3.50235999E-02   4.75716172E-03
  0.216876999       4.02121991E-02   4.79090959E-03
  0.218308002       3.78374010E-02   4.89023235E-03
  0.219738007       3.67996991E-02   4.99950722E-03
  0.221168995       3.63590010E-02   4.98926453E-03
  0.222599000       2.97483001E-02   4.56547923E-03
  0.224030003       3.40574011E-02   5.13016991E-03
  0.225461006       3.01792007E-02   4.71116882E-03
  0.226890996       1.87046994E-02   4.76901280E-03
  0.228321999       2.79038996E-02   4.43794020E-03
  0.229752004       2.42270008E-02   4.61756391E-03
  0.231183007       2.50068009E-02   4.61953552E-03
  0.232613996       2.43539009E-02   4.82767681E-03
  0.234044001       2.45321002E-02   5.12734707E-03
  0.235475004       1.87560003E-02   4.72007273E-03
  0.236906007       2.14785002E-02   4.77283215E-03
  0.238335997       2.82125007E-02   4.99070715E-03
  0.239767000       2.25179996E-02   4.74679470E-03
  0.241197005       1.33694997E-02   4.90312092E-03
  0.242627993       1.43026002E-02   4.64283302E-03
  0.244058996       1.73354000E-02   4.69234399E-03
  0.245489001       1.55285997E-02   5.11545455E-03
  0.246920004       2.32599992E-02   4.74795699E-03
  0.248349994       1.38932001E-02   5.08872233E-03
  0.249780998       1.77801009E-02   4.70265932E-03
  0.251212001       1.70402005E-02   4.80469037E-03
  0.252642006       1.74061991E-02   4.40770015E-03
  0.254072994       1.27451001E-02   4.29881969E-03
  0.255504012       1.02482000E-02   4.25957190E-03
  0.256933987       1.16819004E-02   4.77497978E-03
  0.258365005       2.17249002E-02   4.64379834E-03
  0.259795010       9.80358012E-03   4.47569368E-03
  0.261225998       1.77775994E-02   4.57556639E-03
  0.262656987       9.15324036E-03   4.57707094E-03
  0.264086992       7.76336994E-03   4.83921636E-03
  0.265518010       2.30257995E-02   4.55728127E-03
  0.266948014       1.96397007E-02   4.62585595E-03
  0.268379003       7.93020986E-03   4.81804647E-03
  0.269809991       6.86343014E-03   4.85494873E-03
  0.271239996       8.79541039E-03   4.74151270E-03
  0.272671014       1.81249008E-02   4.74650413E-03
  0.274102002       1.17472997E-02   4.59487876E-03
  0.275532007       1.68730002E-02   4.70800325E-03
  0.276962996       9.48916003E-03   4.48978599E-03
  0.278393000       1.14997998E-02   4.98701259E-03
  0.279823989       5.21166995E-03   4.68021305E-03
  0.281255007       1.14722000E-02   4.39183321E-03
  0.282685012       8.71497020E-03   4.52408381E-03
  0.284116000       9.12567973E-03   4.87708393E-03
  0.285546005       4.10198979E-03   4.71302634E-03
  0.286976993       6.68491982E-03   4.62124823E-03
  0.288408011       9.73391999E-03   4.85254126E-03
  0.289837986       1.61805004E-02   4.61740838E-03
  0.291269004       2.85738008E-03   4.94761951E-03
  0.292699993       1.19243003E-02   4.77071479E-03
  0.294129997       3.08020995E-03   4.59329132E-03
  0.295560986       1.87341999E-02   4.63295355E-03
  0.296990991       1.10013997E-02   4.87183314E-03
  0.298422009       1.75922997E-02   4.55703214E-03
  0.299852997      -1.59621995E-03   4.72107949E-03
  0.301283002       1.36554996E-02   4.71470738E-03
  0.302713990       1.76781993E-02   4.58511338E-03
  0.304143995       4.41827020E-03   4.53642197E-03
  0.305575013       9.50116012E-03   4.63565206E-03
  0.307006001       3.31072998E-03   4.64352826E-03
  0.308436006       4.57614008E-03   4.77116089E-03
  0.309866995       4.05076984E-03   4.75822017E-03
  0.311298013       1.41070997E-02   4.91796061E-03
  0.312727988       1.49983000E-02   5.00313938E-03
  0.314159006       3.27917002E-03   4.53368248E-03
  0.315589011       1.77101996E-02   4.86555463E-03
  0.317019999       1.43100997E-03   4.69493866E-03
  0.318450987       1.55232996E-02   4.90614073E-03
  0.319880992       2.07144003E-02   4.63014143E-03
  0.321312010       1.62834004E-02   4.78663389E-03
  0.322741985       1.63320005E-02   4.94116498E-03
  0.324173003       1.67076997E-02   4.94753709E-03
  0.325603992       2.34586000E-02   4.73188236E-03
  0.327033997       2.16780007E-02   4.94673755E-03
  0.328465015       1.52829997E-02   4.63544438E-03
  0.329896003       2.40997002E-02   4.91064508E-03
  0.331326008       7.95126986E-03   4.67409007E-03
  0.332756996       1.51723996E-02   5.06309001E-03
  0.334187001       1.20203998E-02   4.94625000E-03
  0.335617989       1.82757992E-02   4.59817890E-03
  0.337049007       1.18576996E-02   4.92594112E-03
  0.338479012       2.62936000E-02   4.96747205E-03
  0.339910001       1.49255004E-02   4.45605908E-03
  0.341340005       1.16170002E-02   4.66720993E-03
  0.342770994       4.81839012E-03   4.55454178E-03
  0.344202012       1.51065998E-02   4.46842890E-03
  0.345631987       1.71134006E-02   4.78667533E-03
  0.347063005       1.91283002E-02   4.82445955E-03
  0.348493010       1.34998998E-02   4.76474781E-03
  0.349923998       1.44140003E-02   4.72807372E-03
  0.351354986       9.20068007E-03   4.86483891E-03
  0.352784991       1.08326003E-02   4.73760022E-03
  0.354216009       1.63950007E-02   5.06948214E-03
  0.355646998       2.00034995E-02   4.40395391E-03
  0.357077003       1.66577008E-02   4.78780642E-03
  0.358507991       2.14574002E-02   4.60530771E-03
  0.359937996       2.21835002E-02   4.74754209E-03
  0.361369014       2.00785995E-02   4.51553287E-03
  0.362800002       2.02983003E-02   4.70211962E-03
  0.364230007       1.61490999E-02   5.02995495E-03
  0.365660995       1.70648005E-02   4.89642750E-03
  0.367091000       2.35130992E-02   4.88523068E-03
  0.368521988       1.99189000E-02   4.82001808E-03
  0.369953007       2.54446007E-02   4.83823055E-03
  0.371383011       1.75391007E-02   4.90170997E-03
  0.372814000       2.16476992E-02   5.20509575E-03
  0.374244988       1.73058007E-02   4.82678413E-03
  0.375674993       1.02639003E-02   4.73713316E-03
  0.377106011       2.47598998E-02   4.91163088E-03
  0.378535986       2.48645991E-02   4.67158901E-03
  0.379967004       2.11577006E-02   4.92126076E-03
  0.381397992       2.63804998E-02   4.97232843E-03
  0.382827997       1.70568004E-02   4.96993121E-03
  0.384258986       2.62154005E-02   4.93572699E-03
  0.385688990       1.54684000E-02   4.78074979E-03
  0.387120008       2.02108994E-02   4.55026608E-03
  0.388550997       2.15028003E-02   4.69691027E-03
  0.389981002       1.56443007E-02   4.94383182E-03
  0.391411990       1.58434995E-02   5.05499588E-03
  0.392843008       2.60703005E-02   5.02058398E-03
  0.394273013       2.35731993E-02   4.83107055E-03
  0.395704001       2.36476995E-02   4.97248396E-03
  0.397134006       1.87183004E-02   5.00277616E-03
  0.398564994       2.40432005E-02   4.98044351E-03
  0.399996012       2.60569006E-02   4.99257492E-03
  0.401425987       1.94001999E-02   4.75712027E-03
  0.402857006       2.84039006E-02   5.10825263E-03
  0.404287010       1.68019999E-02   4.64395387E-03
  0.405717999       2.45268997E-02   4.66544554E-03
  0.407148987       2.31420007E-02   4.68553603E-03
  0.408578992       3.05647999E-02   4.91676759E-03
  0.410010010       1.91734992E-02   5.02475537E-03
  0.411440998       1.94511004E-02   5.12758596E-03
  0.412871003       1.71805993E-02   5.04191965E-03
  0.414301991       2.08035000E-02   4.92119836E-03
  0.415731996       2.22721007E-02   4.94549237E-03
  0.417163014       1.68038998E-02   4.99488879E-03
  0.418594003       1.88304000E-02   4.84084571E-03
  0.420024008       1.55424001E-02   4.86729806E-03
  0.421454996       2.52276994E-02   4.74523799E-03
  0.422885001       2.11071000E-02   4.96671442E-03
  0.424315989       2.48672999E-02   4.91735898E-03
  0.425747007       1.84211005E-02   4.85107815E-03
  0.427177012       1.47166001E-02   4.68786107E-03
  0.428608000       2.06020996E-02   4.33057500E-03
  0.430038989       2.14473996E-02   4.67094593E-03
  0.431468993       1.90837998E-02   4.38482827E-03
  0.432900012       3.33665982E-02   4.70621884E-03
  0.434329987       1.61732007E-02   4.89078229E-03
  0.435761005       2.22666003E-02   4.59433952E-03
  0.437191993       1.97064001E-02   4.97172633E-03
  0.438621998       1.73602998E-02   4.82581928E-03
  0.440052986       1.92549005E-02   4.90834098E-03
  0.441482991       2.15179995E-02   4.73645842E-03
  0.442914009       1.83531009E-02   4.68711415E-03
  0.444344997       1.82569008E-02   5.03906608E-03
  0.445775002       1.64551008E-02   4.61705541E-03
  0.447205991       1.59441996E-02   4.84719686E-03
  0.448637009       2.13945992E-02   4.57999716E-03
  0.450067014       2.30870005E-02   4.61840443E-03
  0.451498002       2.28259005E-02   4.58366051E-03
  0.452928007       2.70422995E-02   4.68959380E-03
  0.454358995       1.56186000E-02   4.96113114E-03
  0.455790013       2.14683991E-02   4.73205885E-03
  0.457219988       2.55625006E-02   5.06435614E-03
  0.458651006       1.95234995E-02   4.65335604E-03
  0.460081011       2.54050996E-02   4.72910143E-03
  0.461511999       2.46302001E-02   4.94246185E-03
  0.462942988       1.56542007E-02   4.62720450E-03
  0.464372993       2.12274007E-02   4.95205075E-03
  0.465804011       2.27962993E-02   5.03083691E-03
  0.467234999       2.36703996E-02   4.71803872E-03
  0.468665004       1.65877007E-02   4.74871462E-03
  0.470095992       1.87669005E-02   4.85283183E-03
  0.471525997       1.96052007E-02   4.98793600E-03
  0.472956985       2.33526994E-02   4.89399908E-03
  0.474388003       1.67919006E-02   4.86253481E-03
  0.475818008       3.02224997E-02   4.96712932E-03
  0.477248996       1.61492005E-02   5.17357932E-03
  0.478679001       2.17930991E-02   4.89995582E-03
  0.480109990       2.31742002E-02   5.06919203E-03
  0.481541008       2.14604009E-02   4.85011283E-03
  0.482971013       1.80293005E-02   5.01143094E-03
  0.484402001       1.91677008E-02   5.02367597E-03
  0.485832989       2.38860007E-02   4.77909995E-03
  0.487262994       1.93063002E-02   4.91783675E-03
  0.488694012       2.16285996E-02   5.08148922E-03
  0.490123987       2.50521004E-02   5.12666255E-03
  0.491555005       2.04933994E-02   4.95088845E-03
  0.492985994       1.39707997E-02   5.23108104E-03
  0.494415998       2.29844004E-02   4.77285264E-03
  0.495846987       2.80990005E-02   4.88311332E-03
  0.497276992       1.92706008E-02   4.82548727E-03
  0.498708010       1.38432998E-02   5.03700087E-03
