 # q,I,sigma
 # errors rescaled with constant factor:   0.920716882    
 # factor also written to scale_factor.d
   9.44800023E-03   1.64658334E-02   5.11774700E-03
   1.08810002E-02   1.90656502E-02   5.34156745E-04
   1.23140002E-02   1.84032358E-02   4.10230394E-04
   1.37470001E-02   1.83964185E-02   2.20575384E-04
   1.51800001E-02   1.82680059E-02   2.09217513E-04
   1.66129991E-02   1.79088674E-02   1.37151656E-04
   1.80459991E-02   1.77527908E-02   1.34549453E-04
   1.94780007E-02   1.73270199E-02   1.10394838E-04
   2.09110007E-02   1.67690441E-02   1.10517300E-04
   2.23440006E-02   1.64779369E-02   1.11098969E-04
   2.37770006E-02   1.59695707E-02   1.03292346E-04
   2.52100006E-02   1.56841166E-02   8.53830352E-05
   2.66430005E-02   1.53897172E-02   9.30978131E-05
   2.80760005E-02   1.48717426E-02   7.77907044E-05
   2.95090005E-02   1.43313901E-02   9.43223786E-05
   3.09420004E-02   1.40194017E-02   7.43619094E-05
   3.23750004E-02   1.36178033E-02   7.45456055E-05
   3.38080004E-02   1.32068945E-02   6.50858055E-05
   3.52410004E-02   1.27861779E-02   7.39333191E-05
   3.66740003E-02   1.24689024E-02   6.47490597E-05
   3.81059982E-02   1.19493650E-02   7.11474277E-05
   3.95389982E-02   1.15623968E-02   6.09835079E-05
   4.09720019E-02   1.11859357E-02   5.99732375E-05
   4.24050018E-02   1.07738962E-02   5.70954981E-05
   4.38380018E-02   1.02770356E-02   6.63409883E-05
   4.52710018E-02   9.99600347E-03   5.58709362E-05
   4.67040017E-02   9.60940029E-03   4.26149782E-05
   4.81370017E-02   9.20128543E-03   5.34524115E-05
   4.95700017E-02   8.94552283E-03   4.36558657E-05
   5.10030016E-02   8.52440670E-03   4.55233312E-05
   5.24360016E-02   8.23516119E-03   4.17271694E-05
   5.38679995E-02   7.97238294E-03   4.09618115E-05
   5.53009994E-02   7.60529889E-03   3.80228485E-05
   5.67339994E-02   7.46910507E-03   4.12679547E-05
   5.81669994E-02   7.09862914E-03   3.94004892E-05
   5.95999993E-02   6.81028143E-03   3.94004892E-05
   6.10329993E-02   6.58929953E-03   3.56655546E-05
   6.24659993E-02   6.44173427E-03   3.53287978E-05
   6.38990030E-02   6.19538175E-03   4.09924287E-05
   6.53320029E-02   5.87514741E-03   3.59716942E-05
   6.67650029E-02   5.72648458E-03   3.31551928E-05
   6.81980029E-02   5.55577688E-03   3.32776472E-05
   6.96310028E-02   5.31205162E-03   3.36756311E-05
   7.10629970E-02   5.19647310E-03   2.95733280E-05
   7.24959970E-02   4.96355398E-03   3.47471287E-05
   7.39289969E-02   4.86450130E-03   3.03386823E-05
   7.53619969E-02   4.75952961E-03   2.94202564E-05
   7.67949969E-02   4.49638581E-03   2.83487589E-05
   7.82279968E-02   4.38150577E-03   2.75221755E-05
   7.96609968E-02   4.31015017E-03   2.69711181E-05
   8.10939968E-02   4.13997471E-03   2.94508682E-05
   8.25269967E-02   4.06549405E-03   2.66955922E-05
   8.39599967E-02   3.97505285E-03   2.36341693E-05
   8.53929967E-02   3.83204268E-03   2.45219835E-05
   8.68249983E-02   3.76215042E-03   2.70323471E-05
   8.82579982E-02   3.61298909E-03   2.76140181E-05
   8.96909982E-02   3.59237380E-03   2.37260119E-05
   9.11239982E-02   3.41049419E-03   2.40321551E-05
   9.25569981E-02   3.30056832E-03   2.39403125E-05
   9.39899981E-02   3.25601269E-03   2.45525953E-05
   9.54229981E-02   3.21016042E-03   2.27463588E-05
   9.68559980E-02   3.05212126E-03   2.39096989E-05
   9.82889980E-02   3.00078257E-03   2.19197736E-05
   9.97219980E-02   2.89175450E-03   2.16442459E-05
  0.101154998       2.82222801E-03   2.18585465E-05
  0.102587998       2.73388159E-03   2.08482761E-05
  0.104020000       2.67715636E-03   2.10625767E-05
  0.105452999       2.60294159E-03   2.06033619E-05
  0.106885999       2.54059699E-03   2.21340742E-05
  0.108318999       2.46471958E-03   2.08788915E-05
  0.109751999       2.40094541E-03   2.00829218E-05
  0.111184999       2.35808548E-03   1.96543224E-05
  0.112617999       2.31924909E-03   1.97461668E-05
  0.114050999       2.23612296E-03   2.01441489E-05
  0.115483999       2.18209112E-03   1.90420396E-05
  0.116916999       2.09364505E-03   1.95930952E-05
  0.118349999       2.09447625E-03   1.98992366E-05
  0.119782999       2.01716903E-03   1.82460699E-05
  0.121215001       1.98095944E-03   1.88583526E-05
  0.122648001       1.93760090E-03   1.78174687E-05
  0.124081001       1.87173183E-03   1.86746674E-05
  0.125514001       1.85484067E-03   1.75419427E-05
  0.126947001       1.77663565E-03   1.72970285E-05
  0.128380001       1.72376749E-03   1.82766835E-05
  0.129813001       1.72795705E-03   1.69602736E-05
  0.131246001       1.67016790E-03   1.76643989E-05
  0.132679000       1.58694212E-03   1.68684310E-05
  0.134112000       1.58478087E-03   1.70521143E-05
  0.135545000       1.53287698E-03   1.76643989E-05
  0.136978000       1.48825487E-03   1.69602736E-05
  0.138410002       1.46571116E-03   1.62255310E-05
  0.139843002       1.42650888E-03   1.61949156E-05
  0.141276002       1.39016623E-03   1.64398298E-05
  0.142709002       1.34408113E-03   1.74194865E-05
  0.144142002       1.32080587E-03   1.68378156E-05
  0.145575002       1.27940916E-03   1.69296582E-05
  0.147008002       1.26797101E-03   1.61336884E-05
  0.148441002       1.24921778E-03   1.63479872E-05
  0.149874002       1.19950844E-03   1.81542255E-05
  0.151307002       1.16848573E-03   1.71745723E-05
  0.152740002       1.14693947E-03   1.81848409E-05
  0.154173002       1.11275807E-03   1.74807137E-05
  0.155605003       1.06557575E-03   1.61030748E-05
  0.157038003       1.03960722E-03   1.66235168E-05
  0.158471003       1.05031382E-03   1.72664149E-05
  0.159904003       1.00529275E-03   1.57357026E-05
  0.161337003       1.00821885E-03   1.73888711E-05
  0.162770003       9.57578421E-04   1.79399267E-05
  0.164203003       9.73771384E-04   1.73276439E-05
  0.165636003       9.38193465E-04   1.67459730E-05
  0.167069003       8.99589737E-04   1.82154545E-05
  0.168502003       8.67735827E-04   1.77256279E-05
  0.169935003       8.64776550E-04   1.67765866E-05
  0.171367005       8.34119681E-04   1.70827298E-05
  0.172800004       8.48184631E-04   1.59193896E-05
  0.174233004       7.77460984E-04   1.72357995E-05
  0.175666004       7.62664538E-04   1.72664149E-05
  0.177099004       7.40154006E-04   1.74807137E-05
  0.178532004       7.35332724E-04   1.61949156E-05
  0.179965004       7.07036641E-04   1.66847440E-05
  0.181398004       7.05374114E-04   1.68072020E-05
  0.182831004       6.88216882E-04   1.74807137E-05
  0.184264004       6.56196731E-04   1.62561464E-05
  0.185697004       6.19122584E-04   1.63173736E-05
  0.187130004       6.30161667E-04   1.54295612E-05
  0.188562006       6.27568166E-04   1.77256279E-05
  0.189995006       5.95315243E-04   1.66541304E-05
  0.191428006       5.90759970E-04   1.63479872E-05
  0.192861006       5.70211210E-04   1.59806168E-05
  0.194294006       5.39454573E-04   1.61030748E-05
  0.195727006       5.24957431E-04   1.58887742E-05
  0.197160006       5.39321569E-04   1.68990427E-05
  0.198593006       4.80534858E-04   1.57969334E-05
  0.200026006       4.95098531E-04   1.68072020E-05
  0.201459005       4.61249641E-04   1.63786026E-05
  0.202892005       4.69861494E-04   1.59500032E-05
  0.204325005       4.53169778E-04   1.68072020E-05
  0.205757007       4.23909427E-04   1.54295612E-05
  0.207190007       3.97508615E-04   1.51234190E-05
  0.208623007       4.24075668E-04   1.67153594E-05
  0.210056007       3.90226749E-04   1.61949156E-05
  0.211489007       3.83709674E-04   1.59806168E-05
  0.212922007       3.59503378E-04   1.61643038E-05
  0.214355007       3.24823224E-04   1.44805217E-05
  0.215788007       3.41381907E-04   1.56132464E-05
  0.217221007       3.32537311E-04   1.56438618E-05
  0.218654007       3.02545435E-04   1.58887742E-05
  0.220087007       2.93667574E-04   1.47866640E-05
  0.221518993       2.57358130E-04   1.49091202E-05
  0.222951993       2.72653328E-04   1.66235168E-05
  0.224384993       2.50874320E-04   1.53071051E-05
  0.225817993       2.04257245E-04   1.58581606E-05
  0.227250993       2.48181022E-04   1.44805217E-05
  0.228683993       2.37441142E-04   1.56438618E-05
  0.230116993       1.88696053E-04   1.56132464E-05
  0.231549993       1.95246379E-04   1.54295612E-05
  0.232982993       1.85271259E-04   1.55826328E-05
  0.234415993       1.82311982E-04   1.50315782E-05
  0.235848993       1.58205425E-04   1.41743794E-05
  0.237281993       1.58870433E-04   1.54601767E-05
  0.238713995       1.71605338E-04   1.52458770E-05
  0.240146995       1.37955940E-04   1.64704452E-05
  0.241579995       1.74897141E-04   1.40825368E-05
  0.243012995       1.20931727E-04   1.44805217E-05
  0.244445994       1.10956607E-04   1.45723634E-05
  0.245878994       1.22561003E-04   1.53071051E-05
  0.247311994       1.31638357E-04   1.50621909E-05
  0.248744994       1.15179406E-04   1.36539375E-05
  0.250178009       1.22860249E-04   1.50009628E-05
  0.251610994       7.77726964E-05   1.38070091E-05
  0.253044009       7.26853905E-05   1.43580637E-05
  0.254476994       1.07964064E-04   1.41437649E-05
  0.255908996       9.95184673E-05   1.51234190E-05
  0.257342011       7.75399458E-05   1.43580637E-05
  0.258774996       7.24526326E-05   1.44805217E-05
  0.260208011       6.66670603E-05   1.46948214E-05
  0.261640996       7.25191348E-05   1.50621909E-05
  0.263074011       7.03578553E-05   1.54601767E-05
  0.264506996       8.59855500E-05   1.46642060E-05
  0.265940011       3.86037209E-05   1.50621909E-05
  0.267372996       7.71741907E-05   1.38682371E-05
  0.268806010       5.14716266E-05   1.54907902E-05
  0.270238996       3.96012329E-05   1.39294661E-05
  0.271672010       5.11058752E-05   1.48785066E-05
  0.273104012       6.02497348E-05   1.46335933E-05
  0.274536997       5.42314119E-05   1.49091202E-05
  0.275970012       3.64091939E-05   1.46948214E-05
  0.277402997       4.79803348E-05   1.52152625E-05
  0.278836012       5.28016462E-05   1.54907902E-05
  0.280268997       6.19455095E-05   1.55214038E-05
  0.281702012       4.60518131E-05   1.55520192E-05
  0.283134997       6.10144962E-05   1.44499072E-05
  0.284568012       4.67168211E-05   1.40213078E-05
  0.286000997       4.62513162E-05   1.40213078E-05
  0.287434012       5.69579461E-05   1.48478921E-05
  0.288866013       4.57193091E-05   1.45723634E-05
  0.290298998       4.29262727E-05   1.53683322E-05
  0.291732013       3.46469242E-05   1.51540344E-05
  0.293164998       5.17376320E-05   1.38988507E-05
  0.294598013       3.33834068E-05   1.52458770E-05
  0.296030998       4.60185620E-05   1.61030748E-05
  0.297464013       3.60434387E-05   1.62867600E-05
  0.298896998       6.12139993E-05   1.55826328E-05
  0.300330013       5.54949256E-05   1.43274510E-05
  0.301762998       2.82628444E-05   1.34396378E-05
  0.303196013       5.91524731E-05   1.39906942E-05
  0.304628998       5.16046312E-05   1.60112322E-05
  0.306061000       6.67335626E-05   1.47254341E-05
  0.307494015       3.16543847E-05   1.43274510E-05
  0.308927000       6.66670603E-05   1.52764896E-05
  0.310360014       8.49547869E-05   1.41743794E-05
  0.311793000       7.34833957E-05   1.59500032E-05
  0.313226014       7.80719565E-05   1.46029779E-05
  0.314658999       5.04741147E-05   1.50315782E-05
  0.316092014       5.97509788E-05   1.50621909E-05
  0.317524999       9.46971559E-05   1.44192918E-05
  0.318958014       8.31592624E-05   1.55826328E-05
  0.320390999       8.10977363E-05   1.54295612E-05
  0.321824014       1.02411250E-04   1.63479872E-05
  0.323255986       7.49131650E-05   1.41437649E-05
  0.324689001       8.55865437E-05   1.51540344E-05
  0.326121986       1.00848483E-04   1.57357026E-05
  0.327555001       9.68584354E-05   1.41437649E-05
  0.328987986       7.81052004E-05   1.40519223E-05
  0.330421001       1.11322355E-04   1.44499072E-05
  0.331853986       7.38491508E-05   1.44499072E-05
  0.333287001       1.14680646E-04   1.58275470E-05
  0.334719986       8.04992305E-05   1.56438618E-05
  0.336153001       8.49215357E-05   1.43886791E-05
  0.337585986       1.02777005E-04   1.50315782E-05
  0.339017987       5.96844802E-05   1.48785066E-05
  0.340451002       7.41151525E-05   1.38988507E-05
  0.341883987       1.17905940E-04   1.53071051E-05
  0.343317002       1.06434549E-04   1.54907902E-05
  0.344749987       1.24655766E-04   1.48172767E-05
  0.346183002       9.72574344E-05   1.40825368E-05
  0.347615987       1.29510328E-04   1.52458770E-05
  0.349049002       1.11089605E-04   1.55214038E-05
  0.350481987       1.31970854E-04   1.50315782E-05
  0.351915002       1.01280733E-04   1.49703483E-05
  0.353347987       1.14979906E-04   1.48172767E-05
  0.354781002       1.12053865E-04   1.51234190E-05
  0.356213003       1.28945074E-04   1.57969334E-05
  0.357645988       9.67919332E-05   1.34090242E-05
  0.359079003       1.03275757E-04   1.38682371E-05
  0.360511988       1.17473683E-04   1.57357026E-05
  0.361945003       1.33400623E-04   1.44192918E-05
  0.363377988       1.46268532E-04   1.42968356E-05
  0.364811003       1.42411489E-04   1.42662211E-05
  0.366243988       1.34165384E-04   1.52152625E-05
  0.367677003       1.58704192E-04   1.48785066E-05
  0.369109988       1.85736761E-04   1.50315782E-05
  0.370543003       1.37324183E-04   1.43580637E-05
  0.371975988       1.31039851E-04   1.46642060E-05
  0.373407990       1.41713230E-04   1.45111353E-05
  0.374841005       1.72802364E-04   1.53071051E-05
  0.376273990       1.44439764E-04   1.56132464E-05
  0.377707005       1.43009995E-04   1.50315782E-05
  0.379139990       1.55345901E-04   1.43274510E-05
  0.380573004       1.33965892E-04   1.61643038E-05
  0.382005990       1.36393166E-04   1.37457801E-05
  0.383439004       1.50391585E-04   1.50621909E-05
  0.384871989       1.60266951E-04   1.50009628E-05
  0.386305004       1.52985114E-04   1.42049930E-05
  0.387737989       1.55811402E-04   1.57357026E-05
  0.389171004       1.68380051E-04   1.46948214E-05
  0.390603006       1.39585201E-04   1.47254341E-05
  0.392035991       1.50757347E-04   1.46029779E-05
  0.393469006       1.48230305E-04   1.41131504E-05
  0.394901991       1.80283707E-04   1.36539375E-05
  0.396335006       1.37856186E-04   1.39906942E-05
  0.397767991       1.33433874E-04   1.56132464E-05
  0.399201006       1.42112229E-04   1.43580637E-05
  0.400633991       1.70641084E-04   1.40519223E-05
  0.402067006       1.43009995E-04   1.46335933E-05
  0.403499991       1.72303597E-04   1.50928063E-05
  0.404933006       1.57340924E-04   1.45417498E-05
  0.406365007       1.65121513E-04   1.54601767E-05
  0.407797992       1.69444073E-04   1.48172767E-05
  0.409231007       1.61430726E-04   1.45723634E-05
  0.410663992       1.56343405E-04   1.38376226E-05
  0.412097007       1.57773175E-04   1.54907902E-05
  0.413529992       1.85038502E-04   1.56132464E-05
  0.414963007       1.35528651E-04   1.44499072E-05
  0.416395992       2.08746045E-04   1.59193896E-05
  0.417829007       1.39585201E-04   1.47254341E-05
  0.419261992       1.73001856E-04   1.47560495E-05
  0.420695007       1.81746713E-04   1.48172767E-05
  0.422127992       1.82045973E-04   1.44192918E-05
  0.423559994       1.83508993E-04   1.53071051E-05
  0.424993008       1.88596299E-04   1.52764896E-05
  0.426425993       1.48463063E-04   1.57663180E-05
  0.427859008       1.91489089E-04   1.51234190E-05
  0.429291993       1.75695139E-04   1.48172767E-05
  0.430725008       2.08114288E-04   1.50928063E-05
  0.432157993       1.40615972E-04   1.49091202E-05
  0.433591008       1.66617785E-04   1.57050908E-05
  0.435023993       1.71538850E-04   1.49397347E-05
  0.436457008       1.64057506E-04   1.45723634E-05
  0.437889993       1.58504685E-04   1.51846489E-05
  0.439323008       1.91189829E-04   1.53377205E-05
  0.440755010       1.63824749E-04   1.42049930E-05
  0.442187995       1.60133961E-04   1.56438618E-05
  0.443621010       1.91721847E-04   1.54907902E-05
  0.445053995       1.76393398E-04   1.62255310E-05
  0.446487010       1.55611895E-04   1.56744754E-05
  0.447919995       1.92918858E-04   1.51540344E-05
  0.449353009       1.64622761E-04   1.53989477E-05
  0.450785995       1.63791497E-04   1.63479872E-05
  0.452219009       1.92120846E-04   1.66847440E-05
  0.453651994       1.58305178E-04   1.53377205E-05
  0.455085009       1.53018365E-04   1.46335933E-05
  0.456517994       1.73733366E-04   1.54907902E-05
  0.457949996       1.93151602E-04   1.59193896E-05
  0.459383011       1.52020861E-04   1.50928063E-05
  0.460815996       1.55445654E-04   1.53683322E-05
  0.462249011       1.77058406E-04   1.52458770E-05
  0.463681996       1.80183953E-04   1.58275470E-05
  0.465115011       1.95412635E-04   1.50928063E-05
  0.466547996       1.69211315E-04   1.53071051E-05
  0.467981011       1.79751689E-04   1.63786026E-05
  0.469413996       1.74232133E-04   1.47866640E-05
  0.470847011       1.54248628E-04   1.61643038E-05
  0.472279996       1.58138937E-04   1.55826328E-05
  0.473711997       1.72137356E-04   1.62867600E-05
  0.475145012       1.73001856E-04   1.68072020E-05
  0.476577997       1.90923834E-04   1.53989477E-05
  0.478011012       1.69410821E-04   1.45111353E-05
  0.479443997       1.84007746E-04   1.38070091E-05
  0.480877012       1.79119932E-04   1.50315782E-05
  0.482309997       1.63891251E-04   1.49703483E-05
  0.483743012       1.84207252E-04   1.54601767E-05
  0.485175997       1.76027650E-04   1.53683322E-05
  0.486609012       1.69676816E-04   1.46642060E-05
  0.488041997       1.84273755E-04   1.50928063E-05
  0.489475012       1.68912055E-04   1.66541304E-05
  0.490907013       1.74930392E-04   1.57050908E-05
  0.492339998       1.61231219E-04   1.57050908E-05
  0.493773013       1.92353604E-04   1.46029779E-05
  0.495205998       1.59335948E-04   1.44499072E-05
  0.496639013       1.56742419E-04   1.61030748E-05
  0.498071998       1.87499041E-04   1.47560495E-05
  0.499505013       1.65686768E-04   1.58887742E-05
