nan nan
nan nan
1.878180914574210103e+00 1.505659091079520062e-01
2.280694217427229997e+00 1.348330160225169883e-01
2.283038779633889792e+00 1.525379195918430131e-01
2.160856247892529947e+00 1.627957760891050043e-01
nan nan
2.886498025813780011e+00 2.064035715565250007e-01
2.465534528583949836e+00 1.953239486294260085e-01
nan nan
3.463507729140390179e+00 2.045244984204930006e-01
3.615578401111919860e+00 2.075513688102419985e-01
3.747330892105869893e+00 2.412302792976069865e-01
3.616437779392310148e+00 2.208768104796549891e-01
nan nan
6.804111067684350367e+00 4.164132900764829781e-01
5.861068689893209616e+00 3.431963969045749852e-01
6.272352991052000171e+00 3.629383544596589961e-01
nan nan
nan nan
4.626633657003649702e+00 3.968802954938990268e-01
nan nan
6.725372827602590142e+00 4.787962444982790111e-01
3.807511534176520218e+00 2.269729929411170022e-01
5.746440257310199584e+00 3.188168425868460054e-01
nan nan
nan nan
nan nan
4.274462022012570195e+00 3.272893957169369927e-01
4.444252403634970428e+00 2.794632985863079733e-01
4.954568783563730427e+00 3.342878746347169860e-01
4.876827314334319929e+00 3.733576870535350034e-01
nan nan
9.000057114637849409e+00 5.628625298811640310e-01
nan nan
nan nan
nan nan
nan nan
8.229944486002979787e+00 5.329473373879950460e-01
7.089329384789119892e+00 4.715430355461169842e-01
8.686474952714050346e+00 5.629025977494099831e-01
7.135205762565409948e+00 4.008134252540649922e-01
7.469612410464660179e+00 4.855147956483519822e-01
nan nan
6.280595468569179829e+00 3.279420379366679850e-01
5.441969659860570019e+00 3.072415296269540019e-01
nan nan
3.505351264393969934e+00 2.607215880864189872e-01
4.567512479964640271e+00 2.372266151842500059e-01
7.540773664553920064e+00 3.595092884202020223e-01
6.376039049205980191e+00 3.452639661227390189e-01
nan nan
nan nan
5.958063398551000311e+00 3.443549685521000159e-01
6.910679554658860191e+00 4.520640274298580175e-01
nan nan
9.291605230557790307e+00 5.568900465777509856e-01
8.041676317618339453e+00 4.949735700309890185e-01
nan nan
nan nan
7.154154851809069626e+00 4.198966940427180106e-01
6.523672232810909577e+00 3.396585461513629833e-01
nan nan
6.748655287130650215e+00 4.105805803835900214e-01
5.543115260387810217e+00 2.925844166911990007e-01
nan nan
7.788248166835649577e+00 3.691759471263360015e-01
nan nan
7.973104765386690218e+00 3.665984828787119953e-01
6.516203892542869802e+00 3.455577244823450078e-01
5.777553404519020219e+00 3.414356955769479729e-01
6.290708821324810351e+00 3.420942965762570065e-01
nan nan
9.871549465904660536e+00 5.536419839186059733e-01
9.278443696797650020e+00 7.148331061089809868e-01
8.619759406886540631e+00 5.607001551779029480e-01
nan nan
8.715072023632449927e+00 4.349603279531220057e-01
6.035931721398680061e+00 2.801633976732639808e-01
nan nan
9.300540456322899274e+00 5.415366455394330369e-01
8.751845413994640666e+00 4.367265696605480141e-01
8.476979484138100318e+00 5.626704875592459798e-01
nan nan
7.486643479675530344e+00 3.542468718955990026e-01
nan nan
nan nan
7.616834820577570220e+00 4.308334898146989889e-01
nan nan
7.704197427517580188e+00 4.079976606860449828e-01
9.007481386484240460e+00 5.152909298968769702e-01
nan nan
8.583985660403220308e+00 9.287581507713570383e-01
nan nan
nan nan
nan nan
9.996887909748059187e+00 9.265735742345010406e-01
nan nan
nan nan
nan nan
1.305739221941790085e+01 1.305378917117339999e+00
nan nan
1.021080605077390047e+01 1.383811814684170027e+00
1.119754090057110041e+01 1.266903405485179990e+00
nan nan
nan nan
nan nan
1.106258195036700087e+01 1.105649049934960049e+00
9.363663890835619341e+00 7.467670322783469539e-01
9.930720196871780203e+00 6.242327581168940487e-01
9.533248080829080706e+00 5.852458218122189582e-01
nan nan
nan nan
1.125558732846359966e+01 8.217669413695940506e-01
nan nan
nan nan
1.001854082285420056e+01 5.629154578538150266e-01
nan nan
9.600203593982330474e+00 6.906543183216190540e-01
1.158152879789230028e+01 8.428577178035110418e-01
1.111816683413339923e+01 9.890687730359599694e-01
1.113586679942920021e+01 9.405041145300749861e-01
nan nan
nan nan
nan nan
nan nan
nan nan
9.294864065651420759e+00 1.174677331072780051e+00
5.004855430676699690e+00 1.482769323831290009e+00
nan nan
nan nan
nan nan
nan nan
nan nan
nan nan
nan 0.000000000000000000e+00
nan nan
nan nan
nan 0.000000000000000000e+00
nan 0.000000000000000000e+00
nan nan
nan nan
nan nan
nan nan
nan nan
nan nan
nan nan
nan nan
nan nan
nan 0.000000000000000000e+00
nan 0.000000000000000000e+00
nan nan
nan nan
nan nan
nan 0.000000000000000000e+00
nan 0.000000000000000000e+00
nan nan
nan nan
nan 0.000000000000000000e+00
1.130403059182579995e+01 9.906804000801110455e-01
nan nan
1.378428675067049980e+01 1.139745305636300055e+00
1.039770441943839963e+01 8.574581877157489984e-01
7.259670715718070433e+00 2.165337719698050001e-01
