nan nan
nan nan
3.451991451812849832e+00 1.517720067774200043e-01
3.909307892288380160e+00 1.422527119302700038e-01
3.528163896708139902e+00 1.604350903308570109e-01
3.549871335604970035e+00 1.708033258575870073e-01
nan nan
5.294764768074959882e+00 2.543033085929499726e-01
4.516018045268920034e+00 2.218719669707689968e-01
nan nan
5.201217543670970223e+00 2.475840641808960130e-01
5.789791072709229880e+00 2.980931406992680111e-01
4.627591104151619561e+00 3.065850932931790118e-01
5.753961902118009952e+00 3.028443191230030251e-01
nan nan
nan nan
1.217675307124170025e+01 6.887875378194590059e-01
1.048118570790050086e+01 5.663479372138899848e-01
nan nan
nan nan
6.772796798673519802e+00 5.205747253399160002e-01
nan nan
nan nan
6.922798794035849745e+00 3.620272861910189821e-01
nan nan
nan nan
nan nan
nan nan
8.347115940341300444e+00 4.770175593850830009e-01
7.864685738540949878e+00 4.105271544343899737e-01
9.021989096998739299e+00 5.017732879070530005e-01
1.082875555322939931e+01 6.130818519567170499e-01
nan nan
nan nan
nan nan
nan nan
nan nan
nan nan
1.502462107562550031e+01 1.251715718171120040e+00
1.387014860017700002e+01 8.623755334043410326e-01
nan nan
1.446023801451149993e+01 8.030449518751729965e-01
1.592545236897979954e+01 9.175610364467999824e-01
nan nan
1.385200375553909957e+01 6.286164912071720012e-01
1.178998929455250000e+01 5.670910627425730377e-01
nan nan
9.545416909422389296e+00 4.450039724047110123e-01
8.937765492167310200e+00 3.974109646883720037e-01
1.603401412967849993e+01 9.397903900162289936e-01
1.634844946344200167e+01 7.741811588024269941e-01
nan nan
nan nan
1.482804978814430008e+01 8.639903878650200264e-01
1.507321055415449962e+01 1.123775554972630042e+00
nan nan
1.923060022999120022e+01 1.417181775632599949e+00
nan nan
nan nan
nan nan
nan nan
1.868755077026850131e+01 9.253817010875009519e-01
nan nan
nan nan
1.763116469365940020e+01 7.686888722635030202e-01
nan nan
nan nan
nan nan
nan nan
1.579946550580569919e+01 1.427462889951740088e+00
nan nan
nan nan
nan nan
nan 0.000000000000000000e+00
nan 0.000000000000000000e+00
nan 0.000000000000000000e+00
nan nan
nan 0.000000000000000000e+00
nan nan
nan nan
nan 0.000000000000000000e+00
nan 0.000000000000000000e+00
nan 0.000000000000000000e+00
nan nan
nan 0.000000000000000000e+00
nan nan
nan nan
nan nan
nan nan
nan nan
nan nan
nan 0.000000000000000000e+00
nan 0.000000000000000000e+00
nan nan
nan nan
nan nan
nan 0.000000000000000000e+00
nan 0.000000000000000000e+00
nan nan
nan 0.000000000000000000e+00
nan 0.000000000000000000e+00
nan 0.000000000000000000e+00
nan nan
nan nan
nan nan
nan nan
nan nan
nan nan
1.182219601665319964e+01 1.073186957612560111e+00
1.103164690417600013e+01 7.929694138610210441e-01
1.356165953285520054e+01 6.592458757235259981e-01
nan nan
nan nan
1.637347673892899991e+01 9.643015247949979774e-01
nan nan
nan nan
1.185933485600200044e+01 5.550913467868889839e-01
nan nan
1.135519622148330043e+01 5.590802120777069728e-01
1.229265637510640019e+01 5.821871385610899452e-01
1.170960951730829969e+01 5.607103823176899926e-01
1.174001941891200040e+01 6.427303795197459868e-01
1.679289109816579995e+01 7.011143179890240162e-01
nan nan
1.715408133613490094e+01 9.056920224710649503e-01
nan nan
1.730509960260339852e+01 1.114887980716209981e+00
1.164055341659070031e+01 5.934945575553000063e-01
nan nan
nan nan
nan nan
1.386697693120090058e+01 1.045137552611429932e+00
1.544761107392909949e+01 8.270811455086229946e-01
nan nan
nan nan
nan nan
nan nan
nan nan
1.535064564094609985e+01 7.328675404161369977e-01
1.078192154875890019e+01 5.849136859268360134e-01
1.248052479732960052e+01 5.616075689654009828e-01
nan nan
nan nan
1.503741656037050056e+01 7.589062475909440497e-01
nan nan
nan nan
nan nan
nan nan
nan nan
1.318073828480629928e+01 1.094187071211679907e+00
1.576928066029850051e+01 1.761203158812379987e+00
nan nan
nan nan
1.253928616488200021e+01 7.616089236621419456e-01
nan nan
nan nan
nan nan
nan nan
8.429226832062269636e+00 4.083993949270530166e-01
7.379129616514160439e+00 3.230352127119550110e-01
9.954362809820299418e+00 4.419173387556040167e-01
7.527014453240999714e+00 3.201465088683970173e-01
6.566173148034080143e+00 2.262383815195130043e-01
2.866703221106320143e+00 1.260644293985110076e-01
