nan nan
nan nan
nan nan
nan nan
nan nan
1.557341499999999879e-01 1.408148900000000085e-02
nan nan
nan nan
nan nan
1.058095599999999969e-01 8.628598200000000412e-03
nan nan
1.312673099999999982e-01 9.271521200000000518e-03
3.371683300000000161e-01 7.506991699999999990e-03
3.216061800000000193e-01 9.517518600000000190e-03
3.978290700000000069e-01 7.790136799999999861e-03
3.339532900000000137e-01 1.088276900000000047e-02
4.197520200000000035e-01 8.673513199999999951e-03
3.502583699999999856e-01 8.045999499999999596e-03
nan nan
nan nan
nan nan
2.284929400000000055e-01 7.302677900000000347e-03
nan nan
1.596721000000000112e-01 7.464035299999999609e-03
nan nan
nan nan
3.853651000000000160e-01 1.171285799999999960e-02
2.825489199999999812e-01 1.574163799999999877e-02
nan nan
1.296761499999999900e-01 1.200884900000000026e-02
1.040236799999999934e-01 8.949448699999999410e-03
2.891199799999999986e-01 7.804493800000000293e-03
nan nan
5.419878700000000382e-01 9.592390500000000722e-03
nan nan
nan nan
nan nan
nan nan
nan nan
nan nan
1.047173299999999974e-01 9.638501699999999645e-03
nan nan
9.699814299999999501e-02 1.048216199999999973e-02
nan nan
1.006459499999999979e-01 8.777007599999999202e-03
1.997933100000000017e-01 7.474920799999999754e-03
nan nan
7.723293500000000256e-02 1.107720700000000037e-02
1.878842900000000093e-01 9.985558900000000154e-03
8.799983999999999584e-02 1.035878800000000072e-02
1.548905200000000038e-01 8.992948400000000744e-03
nan nan
nan nan
nan nan
nan nan
nan nan
nan nan
nan nan
nan nan
nan nan
1.123043199999999991e-01 7.055615799999999729e-03
nan nan
nan nan
1.098284800000000061e-01 5.499383299999999718e-03
nan nan
nan nan
nan nan
nan nan
1.025513499999999995e-01 8.830377000000000365e-03
nan nan
nan nan
nan nan
1.749072100000000074e-01 9.776689899999999739e-03
nan nan
nan nan
nan nan
7.777595099999999595e-02 1.039056200000000076e-02
1.053708599999999967e-01 7.681906900000000371e-03
nan nan
nan nan
1.382678099999999910e-01 8.550673199999999155e-03
1.290079399999999876e-01 9.075467999999999730e-03
3.216101699999999730e-01 7.843811299999999681e-03
nan nan
nan nan
1.016400999999999971e-01 8.623035700000000053e-03
nan nan
nan nan
8.641012400000000482e-02 7.651632700000000030e-03
nan nan
1.950723400000000107e-01 9.202484099999999959e-03
nan nan
7.769696299999999389e-02 9.862694300000000511e-03
nan nan
nan nan
nan nan
nan nan
nan nan
nan nan
nan nan
nan nan
nan nan
7.836210000000000397e-02 1.119876000000000031e-02
9.606542599999999543e-02 9.137131799999999998e-03
nan nan
nan nan
7.785864900000000199e-02 9.573671500000000348e-03
nan nan
9.405567900000000314e-02 1.080475699999999990e-02
nan nan
1.048250800000000010e-01 8.553605699999999520e-03
nan nan
nan nan
1.174941999999999931e-01 1.470202399999999930e-02
2.094904499999999947e-01 1.161089899999999918e-02
8.175913299999999773e-02 9.233758999999999370e-03
nan nan
8.841001900000000635e-02 9.352552400000000224e-03
1.055396100000000059e-01 1.121207700000000085e-02
1.637165100000000095e-01 1.201217899999999957e-02
nan nan
nan nan
nan nan
1.576139699999999921e-01 1.327701400000000018e-02
1.802460399999999963e-01 1.149508599999999985e-02
nan nan
nan nan
1.712373299999999932e-01 1.609729899999999894e-02
nan nan
1.477510599999999896e-01 1.342597000000000061e-02
nan nan
nan nan
1.127266400000000030e-01 1.103862400000000035e-02
nan nan
nan nan
nan nan
nan nan
nan nan
nan nan
nan nan
1.528960600000000003e-01 1.178852499999999935e-02
nan nan
4.435540600000000278e-01 1.121295100000000051e-02
nan nan
5.665295599999999876e-01 1.108041599999999918e-02
nan nan
nan nan
nan nan
nan nan
1.137632300000000068e-01 8.862032299999999391e-03
2.733779599999999754e-01 8.333332500000000323e-03
3.541826699999999772e-01 1.011925399999999940e-02
2.472651100000000102e-01 8.751057899999999459e-03
1.188802999999999943e-01 8.515787299999999158e-03
3.261863899999999927e-01 5.136193499999999572e-03
